#Steps,score
60,1.4
120,0.4
180,1.2
240,1.2
300,0.8
360,0.8
420,0.2
480,1.4
540,1.0
600,1.6
660,1.2
720,1.6
780,1.4
840,1.0
900,1.2
960,2.0
1020,1.4
1080,1.2
1140,2.2
1200,1.2
1260,0.8
1320,0.8
1380,1.2
1440,1.2
1500,1.0
1560,0.4
1620,1.6
1680,1.0
1740,0.8
1800,1.6
1860,0.4
1920,1.2
1980,1.4
2040,1.6
2100,0.6
2160,0.6
2220,1.0
2280,0.2
2340,1.0
2400,0.4
2460,1.2
2520,1.0
2580,1.2
2640,1.4
2700,1.0
2760,1.6
2820,1.8
2880,1.0
2940,1.2
3000,0.8
3060,1.2
3120,1.4
3180,1.8
3240,1.8
3300,1.2
3360,1.2
3420,1.4
3480,1.2
3540,1.6
3600,2.6
3660,1.4
3720,1.0
3780,1.6
3840,2.4
3900,1.0
3960,1.0
4020,1.8
4080,0.6
4140,1.2
4200,1.8
4260,1.2
4320,2.2
4380,1.4
4440,1.4
4500,1.6
4560,1.8
4620,1.2
4680,0.8
4740,1.4
4800,1.6
4860,2.0
4920,1.0
4980,1.0
5040,1.4
5100,0.8
5160,1.0
5220,0.2
5280,1.4
5340,0.4
5400,0.8
5460,1.4
5520,1.4
5580,1.0
5640,1.4
5700,1.8
5760,1.4
5820,2.0
5880,1.0
5940,1.2
6000,1.6
6060,2.2
6120,0.6
6180,1.2
6240,1.2
6300,1.2
6360,0.4
6420,2.4
6480,0.2
6540,2.0
6600,1.0
6660,0.4
6720,1.0
6780,1.0
6840,1.0
6900,1.4
6960,1.0
7020,1.6
7080,1.8
7140,2.0
7200,1.0
7260,2.2
7320,1.0
7380,2.2
7440,1.0
7500,2.4
7560,0.4
7620,0.8
7680,1.4
7740,0.8
7800,2.2
7860,0.8
7920,2.2
7980,1.4
8040,0.4
8100,0.6
8160,1.6
8220,1.8
8280,1.6
8340,1.4
8400,2.4
8460,1.6
8520,1.6
8580,1.6
8640,1.0
8700,2.0
8760,2.0
8820,2.2
8880,1.6
8940,1.6
9000,2.2
9060,1.0
9120,1.4
9180,1.4
9240,0.4
9300,1.8
9360,1.8
9420,1.4
9480,1.4
9540,1.4
9600,1.8
9660,2.2
9720,1.8
9780,1.0
9840,1.0
9900,1.0
9960,1.6
10020,0.6
10080,1.2
10140,1.6
10200,1.0
10260,1.4
10320,1.2
10380,0.6
10440,2.6
10500,1.6
10560,1.8
10620,1.2
10680,2.2
10740,1.0
10800,1.8
10860,1.2
10920,1.6
10980,1.6
11040,2.2
11100,1.2
11160,1.2
11220,1.4
11280,1.2
11340,0.8
11400,1.2
11460,1.4
11520,1.6
11580,2.0
11640,1.2
11700,1.0
11760,2.2
11820,1.4
11880,1.2
11940,2.2
12000,1.8
12060,1.4
12120,0.8
12180,1.4
12240,2.4
12300,1.0
12360,1.6
12420,2.6
12480,1.2
12540,1.2
12600,2.0
12660,2.0
12720,2.2
12780,2.2
12840,2.0
12900,1.8
12960,1.0
13020,2.2
13080,2.6
13140,1.6
13200,1.6
13260,2.4
13320,1.4
13380,1.6
13440,2.6
13500,1.2
13560,1.8
13620,2.2
13680,1.0
13740,2.4
13800,1.4
13860,1.4
13920,1.8
13980,1.8
14040,1.4
14100,2.2
14160,1.2
14220,1.8
14280,1.8
14340,1.4
14400,1.2
14460,1.6
14520,2.0
14580,2.8
14640,1.6
14700,1.8
14760,2.0
14820,1.0
14880,2.0
14940,1.2
15000,0.8
15060,1.0
15120,1.6
15180,1.6
15240,1.2
15300,2.0
15360,2.6
15420,2.6
15480,0.8
15540,1.2
15600,2.2
15660,1.6
15720,1.8
15780,2.0
15840,2.6
15900,1.4
15960,2.2
16020,2.4
16080,2.2
16140,1.8
16200,4.6
16260,3.6
16320,1.2
16380,3.8
16440,3.0
16500,2.4
16560,3.2
16620,2.4
16680,2.4
16740,6.8
16800,5.0
16860,3.6
16920,4.6
16980,6.8
17040,7.2
17100,6.6
17160,11.2
17220,12.8
17280,14.0
17340,17.8
17400,16.4
17460,18.0
17520,18.6
17580,16.4
17640,17.4
17700,17.8
17760,19.4
17820,18.0
17880,19.4
17940,21.2
18000,19.8
18060,21.4
18120,22.0
18180,22.2
18240,20.0
18300,20.8
18360,19.4
18420,21.0
18480,20.0
18540,20.6
18600,21.6
18660,20.4
18720,21.2
18780,20.8
18840,21.6
18900,20.6
18960,20.4
19020,21.4
19080,20.8
19140,21.0
19200,22.2
19260,21.8
19320,20.2
19380,22.2
19440,23.0
19500,23.4
19560,23.8
19620,23.4
19680,22.2
19740,22.2
19800,22.0
19860,22.6
19920,21.4
19980,22.2
20040,23.4
20100,22.6
20160,22.0
20220,23.6
20280,22.2
20340,20.8
20400,21.6
20460,21.4
20520,21.4
20580,20.6
20640,22.4
20700,22.6
20760,20.6
20820,22.8
20880,22.6
20940,22.4
21000,21.8
21060,22.6
21120,22.0
21180,22.2
21240,21.6
21300,22.6
21360,23.4
21420,23.0
21480,23.2
21540,22.0
21600,24.4
21660,22.8
21720,22.2
21780,24.2
21840,23.6
21900,24.6
21960,23.6
22020,23.2
22080,24.8
22140,23.8
22200,24.6
22260,23.0
22320,23.2
22380,23.2
22440,24.6
22500,23.4
22560,24.0
22620,22.4
22680,23.8
22740,24.0
22800,22.6
22860,22.4
22920,23.8
22980,23.4
23040,23.0
23100,22.4
23160,24.2
23220,22.4
23280,22.6
23340,23.8
23400,23.2
23460,23.6
23520,24.0
23580,24.6
23640,23.6
23700,23.2
23760,22.8
23820,22.8
23880,23.0
23940,22.8
24000,23.0
24060,24.8
24120,24.4
24180,24.4
24240,23.8
24300,22.8
24360,22.8
24420,23.8
24480,23.8
24540,24.4
24600,24.4
24660,23.0
24720,23.2
24780,22.6
24840,23.8
24900,24.4
24960,24.4
25020,23.6
25080,24.2
25140,22.2
25200,24.0
25260,25.0
25320,24.4
25380,24.4
25440,23.4
25500,21.8
25560,23.8
25620,22.4
25680,24.0
25740,23.0
25800,23.4
25860,24.6
25920,23.8
25980,24.6
26040,23.8
26100,23.0
26160,24.0
26220,21.8
26280,22.4
26340,23.4
26400,24.2
26460,23.0
26520,24.6
26580,23.6
26640,23.8
26700,23.6
26760,23.6
26820,24.6
26880,24.8
26940,23.6
27000,24.6
27060,23.6
27120,25.4
27180,23.8
27240,23.8
27300,23.8
27360,22.8
27420,24.6
27480,24.2
27540,24.4
27600,23.6
27660,23.0
27720,21.8
27780,23.2
27840,23.4
27900,23.8
27960,22.2
28020,22.8
28080,21.8
28140,24.2
28200,23.4
28260,24.0
28320,22.2
28380,23.6
28440,22.6
28500,24.0
28560,23.2
28620,22.8
28680,23.4
28740,22.6
28800,23.2
28860,23.6
28920,23.4
28980,22.6
29040,24.0
29100,22.4
29160,24.0
29220,23.6
29280,23.2
29340,23.6
29400,24.0
29460,23.0
29520,23.0
29580,23.4
29640,22.4
29700,23.6
29760,23.4
29820,23.8
29880,22.8
29940,23.8
30000,22.6
30060,22.6
30120,24.0
30180,23.6
30240,23.6
30300,23.2
30360,22.8
30420,24.0
30480,25.4
30540,23.2
30600,23.6
30660,24.4
30720,23.6
30780,23.0
30840,23.0
30900,22.8
30960,24.6
31020,25.2
31080,23.6
31140,24.6
31200,24.0
31260,23.6
31320,24.6
31380,25.2
31440,24.2
31500,25.6
31560,24.8
31620,24.6
31680,25.8
31740,23.6
31800,26.6
31860,23.8
31920,24.6
31980,24.0
32040,25.0
32100,25.0
32160,24.0
32220,22.8
32280,23.2
32340,23.0
32400,24.6
32460,24.4
32520,25.0
32580,24.0
32640,25.8
32700,25.8
32760,25.8
32820,24.0
32880,24.2
32940,24.8
33000,24.0
33060,21.8
33120,25.6
33180,24.4
33240,24.0
33300,23.8
33360,24.4
33420,24.8
33480,23.6
33540,25.2
33600,24.6
33660,24.4
33720,23.6
33780,24.0
33840,24.4
33900,24.2
33960,24.0
34020,24.6
34080,24.2
34140,24.2
34200,24.8
34260,24.6
34320,24.6
34380,23.6
34440,24.2
34500,24.6
34560,24.4
34620,24.4
34680,24.8
34740,23.0
34800,24.2
34860,24.4
34920,22.8
34980,24.0
35040,23.2
35100,24.8
35160,24.8
35220,25.2
35280,23.4
35340,23.8
35400,23.2
35460,23.6
35520,23.6
35580,23.0
35640,23.2
35700,23.8
35760,23.0
35820,25.0
35880,24.6
35940,22.6
36000,24.6
36060,26.6
36120,24.2
36180,24.8
36240,24.8
36300,24.4
36360,24.2
36420,25.0
36480,24.4
36540,23.6
36600,24.8
36660,24.4
36720,23.0
36780,24.0
36840,24.2
36900,24.8
36960,24.6
37020,24.4
37080,24.0
37140,25.2
37200,24.0
37260,23.8
37320,24.6
37380,25.0
37440,24.2
37500,24.6
37560,25.0
37620,24.4
37680,23.4
37740,24.0
37800,23.8
37860,23.8
37920,22.8
37980,23.2
38040,23.2
38100,24.6
38160,23.6
38220,24.6
38280,23.0
38340,24.8
38400,22.4
38460,23.4
38520,22.6
38580,24.0
38640,23.2
38700,23.0
38760,24.8
38820,25.0
38880,23.2
38940,25.4
39000,25.0
39060,24.4
39120,23.8
39180,24.8
39240,24.0
39300,23.8
39360,25.0
39420,24.2
39480,24.4
39540,24.8
39600,23.2
39660,25.0
39720,24.2
39780,23.6
39840,23.0
39900,21.8
39960,24.0
40020,23.2
40080,25.6
40140,24.4
40200,23.8
40260,25.0
40320,23.0
40380,22.4
40440,24.6
40500,23.8
40560,23.4
40620,24.0
40680,23.0
40740,23.8
40800,23.4
40860,25.0
40920,25.2
40980,23.2
41040,24.6
41100,24.4
41160,24.2
41220,24.0
41280,22.8
41340,24.4
41400,24.2
41460,23.2
41520,22.6
41580,22.0
41640,24.6
41700,22.8
41760,24.8
41820,22.2
41880,23.6
41940,23.6
42000,25.2
42060,23.6
42120,24.2
42180,24.8
42240,24.6
42300,23.8
42360,23.2
42420,22.6
42480,23.8
42540,24.6
42600,23.8
42660,22.4
42720,24.0
42780,23.6
42840,22.2
42900,22.4
42960,23.2
43020,24.4
43080,23.6
43140,25.0
43200,23.0
43260,21.4
43320,23.0
43380,25.2
43440,24.4
43500,24.2
43560,22.6
43620,25.0
43680,25.6
43740,23.2
43800,23.4
43860,25.0
43920,23.4
43980,23.6
44040,24.2
44100,23.8
44160,24.2
44220,24.0
44280,22.4
44340,23.6
44400,23.4
44460,22.6
44520,24.2
44580,22.8
44640,23.6
44700,23.6
44760,24.6
44820,23.8
44880,24.2
44940,23.4
45000,23.4
45060,23.4
45120,22.6
45180,22.0
45240,23.0
45300,23.4
45360,22.4
45420,23.4
45480,24.2
45540,23.6
45600,24.0
45660,24.2
45720,23.4
45780,26.2
45840,24.8
45900,24.8
45960,24.2
46020,25.0
46080,24.2
46140,24.6
46200,24.4
46260,24.0
46320,23.6
46380,23.2
46440,24.2
46500,23.0
46560,23.4
46620,24.0
46680,24.2
46740,23.0
46800,22.8
46860,23.2
46920,23.4
46980,24.6
47040,24.0
47100,23.4
47160,24.8
47220,23.8
47280,23.6
47340,22.8
47400,24.4
47460,24.6
47520,23.0
47580,23.4
47640,24.0
47700,23.2
47760,24.0
47820,23.2
47880,22.8
47940,22.4
48000,24.6
48060,23.2
48120,23.8
48180,22.6
48240,24.6
48300,22.8
48360,23.0
48420,23.6
48480,23.6
48540,23.8
48600,21.4
48660,24.2
48720,23.4
48780,23.4
48840,23.6
48900,23.2
48960,23.0
49020,24.2
49080,24.6
49140,25.0
49200,24.0
49260,23.6
49320,26.0
49380,24.6
49440,23.6
49500,24.8
49560,25.2
49620,23.0
49680,24.6
49740,23.8
49800,24.6
49860,25.2
49920,23.4
49980,23.4
50040,24.8
50100,25.0
50160,24.2
50220,24.4
50280,24.6
50340,24.8
50400,25.0
50460,24.8
50520,24.4
50580,24.8
50640,23.8
50700,23.6
50760,24.2
50820,24.0
50880,24.6
50940,23.6
51000,22.8
51060,23.0
51120,23.8
51180,23.2
51240,23.6
51300,24.6
51360,24.0
51420,24.6
51480,23.0
51540,23.6
51600,24.0
51660,23.4
51720,23.2
51780,23.6
51840,23.0
51900,24.0
51960,23.6
52020,24.0
52080,23.2
52140,22.6
52200,24.0
52260,22.6
52320,24.2
52380,24.0
52440,25.0
52500,25.0
52560,24.4
52620,21.0
52680,23.8
52740,23.8
52800,23.2
52860,23.2
52920,24.4
52980,24.6
53040,23.8
53100,23.8
53160,23.8
53220,24.4
53280,23.2
53340,22.0
53400,24.0
53460,22.8
53520,22.0
53580,22.4
53640,22.6
53700,23.6
53760,22.4
53820,22.2
53880,22.6
53940,24.0
54000,24.4
54060,21.8
54120,22.2
54180,22.4
54240,21.0
54300,22.4
54360,22.6
54420,24.0
54480,24.0
54540,24.2
54600,23.0
54660,24.6
54720,24.6
54780,23.6
54840,24.4
54900,23.8
54960,24.8
55020,22.6
55080,24.8
55140,24.8
55200,25.0
55260,24.2
55320,25.0
55380,26.4
55440,25.0
55500,24.4
55560,26.2
55620,24.8
55680,25.0
55740,24.8
55800,25.2
55860,26.4
55920,24.4
55980,24.0
56040,23.4
56100,23.6
56160,24.6
56220,22.6
56280,23.8
56340,25.0
56400,25.4
56460,24.2
56520,25.0
56580,22.8
56640,23.0
56700,23.8
56760,24.4
56820,25.0
56880,23.2
56940,23.0
57000,22.0
57060,23.8
57120,21.6
57180,23.2
57240,23.6
57300,24.4
57360,23.4
57420,23.2
57480,23.0
57540,24.6
57600,23.4
57660,24.0
57720,23.6
57780,22.8
57840,22.8
57900,23.6
57960,25.8
58020,23.6
58080,24.0
58140,24.6
58200,24.0
58260,24.2
58320,24.0
58380,23.6
58440,25.0
58500,24.2
58560,25.0
58620,25.4
58680,24.0
58740,23.8
58800,24.0
58860,23.8
58920,24.8
58980,24.4
59040,24.6
59100,26.0
59160,24.4
59220,24.4
59280,23.2
59340,25.0
59400,21.2
59460,22.8
59520,22.8
59580,22.4
59640,22.2
59700,23.0
59760,21.6
59820,22.6
59880,23.8
59940,24.4
60000,23.6
60060,23.4
60120,24.6
60180,23.2
60240,23.6
60300,21.4
60360,21.8
60420,23.0
60480,22.4
60540,23.8
60600,22.2
60660,24.6
60720,22.2
60780,24.2
60840,22.4
60900,24.2
60960,24.4
61020,23.8
61080,24.8
61140,23.8
61200,23.8
61260,24.6
61320,24.6
61380,23.6
61440,23.6
61500,23.6
61560,23.6
61620,22.4
61680,23.0
61740,24.2
61800,23.4
61860,24.6
61920,23.4
61980,25.4
62040,24.2
62100,23.8
62160,23.8
62220,22.6
62280,23.8
62340,26.0
62400,25.4
62460,24.6
62520,24.2
62580,23.6
62640,24.4
62700,23.2
62760,24.8
62820,25.2
62880,24.8
62940,23.8
63000,23.6
63060,24.4
63120,24.6
63180,25.4
63240,22.6
63300,25.0
63360,23.6
63420,23.4
63480,24.0
63540,23.8
63600,24.2
63660,25.0
63720,23.8
63780,25.2
63840,24.2
63900,23.4
63960,24.4
64020,23.8
64080,24.0
64140,23.8
64200,24.0
64260,22.8
64320,24.4
64380,23.4
64440,24.8
64500,23.8
64560,22.8
64620,23.2
64680,23.4
64740,24.4
64800,23.8
64860,23.0
64920,25.2
64980,23.4
65040,23.4
65100,25.2
65160,24.0
65220,23.8
65280,23.0
65340,24.0
65400,24.0
65460,25.6
65520,25.0
65580,24.0
65640,23.6
65700,23.6
65760,23.8
65820,23.2
65880,24.2
65940,24.6
66000,22.2
66060,22.2
66120,25.2
66180,24.8
66240,23.0
66300,23.8
66360,24.2
66420,22.8
66480,22.6
66540,23.8
66600,23.2
66660,23.0
66720,25.2
66780,24.6
66840,24.6
66900,23.0
66960,23.8
67020,25.0
67080,23.4
67140,26.2
67200,24.6
67260,22.0
67320,24.4
67380,24.6
67440,24.4
67500,23.4
67560,22.4
67620,23.2
67680,24.2
67740,24.4
67800,22.8
67860,25.8
67920,24.4
67980,24.6
68040,25.2
68100,26.4
68160,23.8
68220,25.2
68280,23.2
68340,25.6
68400,23.6
68460,24.4
68520,24.8
68580,25.0
68640,24.6
68700,23.8
68760,23.4
68820,25.6
68880,25.8
68940,24.2
69000,24.0
69060,25.8
69120,25.0
69180,25.4
69240,23.2
69300,25.0
69360,24.0
69420,25.2
69480,25.0
69540,24.6
69600,24.8
69660,23.6
69720,23.8
69780,24.8
69840,25.2
69900,24.2
69960,24.6
70020,23.2
70080,24.6
70140,23.0
70200,24.6
70260,24.2
70320,23.4
70380,24.2
70440,22.2
70500,22.6
70560,23.4
70620,23.2
70680,22.6
70740,23.0
70800,23.4
70860,23.6
70920,21.0
70980,24.2
71040,23.6
71100,24.2
71160,23.0
71220,24.6
71280,24.2
71340,24.6
71400,23.4
71460,23.2
71520,25.2
71580,23.8
71640,22.8
71700,25.0
71760,24.8
71820,22.8
71880,25.2
71940,23.8
72000,24.0
72060,22.8
72120,23.2
72180,23.4
72240,24.4
72300,22.6
72360,23.8
72420,24.8
72480,22.0
72540,23.4
72600,21.2
72660,22.8
72720,21.0
72780,21.4
72840,24.0
72900,23.4
72960,24.2
73020,23.4
73080,23.2
73140,23.4
73200,23.8
73260,23.8
73320,24.2
73380,23.4
73440,24.0
73500,23.8
73560,25.4
73620,24.8
73680,25.4
73740,26.0
73800,25.8
73860,26.2
73920,24.2
73980,26.0
74040,24.2
74100,24.6
74160,24.4
74220,23.2
74280,25.2
74340,24.4
74400,22.6
74460,24.2
74520,24.2
74580,24.0
74640,25.0
74700,23.0
74760,24.4
74820,24.2
74880,24.0
74940,24.2
75000,24.4
75060,24.0
75120,23.4
75180,22.6
75240,24.8
75300,22.8
75360,24.8
75420,23.4
75480,25.8
75540,24.0
