#Steps,score
60,0.6
120,0.8
180,0.8
240,2.0
300,1.8
360,1.2
420,0.4
480,1.2
540,0.6
600,1.4
660,1.8
720,0.8
780,0.4
840,0.8
900,2.2
960,1.2
1020,1.2
1080,1.2
1140,1.4
1200,1.8
1260,1.8
1320,1.2
1380,1.2
1440,1.8
1500,0.8
1560,0.6
1620,1.6
1680,0.6
1740,1.4
1800,1.0
1860,0.6
1920,1.0
1980,2.2
2040,1.6
2100,1.2
2160,1.0
2220,1.6
2280,2.4
2340,1.2
2400,2.2
2460,1.6
2520,0.8
2580,0.6
2640,1.4
2700,1.0
2760,1.2
2820,1.0
2880,0.4
2940,1.6
3000,0.6
3060,1.4
3120,0.6
3180,1.4
3240,1.4
3300,1.0
3360,0.8
3420,2.4
3480,1.6
3540,1.0
3600,1.8
3660,1.6
3720,1.0
3780,2.2
3840,0.6
3900,1.8
3960,1.4
4020,1.6
4080,1.2
4140,1.2
4200,1.4
4260,1.2
4320,1.0
4380,0.6
4440,2.6
4500,1.6
4560,1.4
4620,0.8
4680,1.8
4740,1.6
4800,2.4
4860,1.4
4920,1.8
4980,1.2
5040,1.4
5100,1.4
5160,1.4
5220,1.0
5280,0.8
5340,2.0
5400,1.4
5460,1.8
5520,1.2
5580,1.8
5640,1.8
5700,1.0
5760,1.6
5820,1.8
5880,1.6
5940,2.0
6000,1.4
6060,3.2
6120,1.6
6180,2.4
6240,1.2
6300,1.4
6360,1.6
6420,1.2
6480,1.4
6540,1.6
6600,1.6
6660,1.4
6720,1.2
6780,0.4
6840,1.4
6900,1.4
6960,0.8
7020,0.4
7080,0.8
7140,1.8
7200,1.6
7260,0.8
7320,1.8
7380,2.0
7440,2.2
7500,1.4
7560,1.6
7620,1.8
7680,1.6
7740,1.8
7800,1.0
7860,1.4
7920,3.2
7980,1.6
8040,2.6
8100,0.8
8160,1.8
8220,1.8
8280,1.6
8340,0.8
8400,1.6
8460,1.4
8520,1.8
8580,1.0
8640,1.0
8700,2.2
8760,1.6
8820,2.2
8880,1.2
8940,1.6
9000,1.6
9060,1.0
9120,2.0
9180,1.4
9240,1.6
9300,1.8
9360,1.8
9420,1.4
9480,1.4
9540,1.0
9600,2.2
9660,2.0
9720,0.8
9780,1.6
9840,1.2
9900,2.0
9960,3.2
10020,1.8
10080,2.4
10140,2.4
10200,1.4
10260,2.0
10320,1.8
10380,1.8
10440,1.2
10500,2.4
10560,1.8
10620,3.2
10680,1.4
10740,2.8
10800,1.0
10860,1.6
10920,1.8
10980,2.2
11040,2.8
11100,1.8
11160,1.4
11220,2.2
11280,2.8
11340,2.8
11400,2.8
11460,1.4
11520,4.2
11580,3.2
11640,2.8
11700,2.6
11760,3.0
11820,2.8
11880,3.4
11940,4.0
12000,3.6
12060,5.2
12120,5.4
12180,6.6
12240,6.8
12300,6.4
12360,10.2
12420,10.2
12480,12.6
12540,14.4
12600,17.2
12660,18.4
12720,20.8
12780,22.0
12840,20.8
12900,20.8
12960,20.8
13020,22.8
13080,23.2
13140,22.2
13200,22.6
13260,23.2
13320,24.4
13380,23.8
13440,23.8
13500,24.4
13560,23.4
13620,22.8
13680,25.2
13740,23.8
13800,25.6
13860,24.6
13920,24.0
13980,25.4
14040,25.0
14100,25.8
14160,24.0
14220,25.8
14280,23.0
14340,23.0
14400,24.6
14460,24.6
14520,24.4
14580,24.2
14640,24.0
14700,25.4
14760,25.2
14820,23.0
14880,23.2
14940,24.6
15000,25.0
15060,25.8
15120,25.4
15180,24.0
15240,23.6
15300,25.8
15360,23.6
15420,25.8
15480,26.0
15540,24.4
15600,25.6
15660,24.0
15720,24.2
15780,22.8
15840,24.6
15900,25.0
15960,23.2
16020,25.4
16080,24.0
16140,22.8
16200,22.2
16260,23.6
16320,23.2
16380,23.2
16440,24.0
16500,23.8
16560,22.8
16620,23.0
16680,22.8
16740,25.4
16800,24.2
16860,23.0
16920,26.4
16980,24.4
17040,23.0
17100,23.8
17160,23.6
17220,24.0
17280,23.0
17340,23.2
17400,24.4
17460,24.0
17520,23.0
17580,23.8
17640,22.4
17700,23.4
17760,23.8
17820,23.4
17880,24.0
17940,22.4
18000,22.4
18060,22.8
18120,23.4
18180,22.8
18240,22.4
18300,22.8
18360,22.6
18420,23.4
18480,22.0
18540,23.8
18600,24.6
18660,24.0
18720,23.2
18780,24.6
18840,23.4
18900,23.2
18960,23.6
19020,23.8
19080,23.8
19140,24.0
19200,23.2
19260,22.6
19320,24.2
19380,23.8
19440,23.8
19500,23.4
19560,23.8
19620,24.2
19680,22.8
19740,23.6
19800,24.4
19860,22.4
19920,23.0
19980,23.4
20040,24.6
20100,24.4
20160,23.8
20220,24.2
20280,25.4
20340,25.2
20400,23.4
20460,23.8
20520,24.6
20580,24.6
20640,23.6
20700,23.2
20760,24.0
20820,22.0
20880,22.0
20940,24.8
21000,24.4
21060,24.2
21120,25.0
21180,23.8
21240,24.8
21300,25.4
21360,24.0
21420,24.6
21480,23.2
21540,22.8
21600,24.8
21660,23.6
21720,24.8
21780,25.8
21840,24.4
21900,25.0
21960,25.6
22020,23.8
22080,25.6
22140,23.2
22200,24.8
22260,24.2
22320,23.0
22380,27.0
22440,25.2
22500,26.0
22560,26.4
22620,24.6
22680,26.0
22740,25.2
22800,25.8
22860,25.2
22920,25.2
22980,24.8
23040,24.6
23100,25.2
23160,25.8
23220,24.0
23280,24.8
23340,23.6
23400,25.2
23460,24.2
23520,24.0
23580,24.6
23640,23.2
23700,24.6
23760,24.8
23820,24.0
23880,23.6
23940,23.4
24000,24.6
24060,24.2
24120,25.0
24180,24.2
24240,24.2
24300,24.2
24360,24.8
24420,22.4
24480,23.6
24540,24.2
24600,25.0
24660,22.0
24720,24.0
24780,24.8
24840,22.8
24900,23.0
24960,22.6
25020,23.6
25080,22.4
25140,24.0
25200,23.2
25260,21.8
25320,22.4
25380,23.2
25440,23.6
25500,22.8
25560,23.8
25620,24.2
25680,22.6
25740,24.2
25800,24.0
25860,23.6
25920,23.6
25980,23.4
26040,24.2
26100,24.4
26160,23.2
26220,24.2
26280,23.6
26340,23.2
26400,23.4
26460,23.6
26520,23.6
26580,24.0
26640,23.4
26700,23.8
26760,23.8
26820,23.6
26880,23.4
26940,24.4
27000,24.2
27060,24.2
27120,24.0
27180,22.6
27240,24.8
27300,23.0
27360,23.0
27420,24.8
27480,24.6
27540,22.6
27600,23.8
27660,23.0
27720,23.2
27780,24.4
27840,25.0
27900,24.2
27960,22.6
28020,24.6
28080,23.2
28140,22.8
28200,22.4
28260,24.8
28320,24.0
28380,24.0
28440,22.0
28500,25.8
28560,24.6
28620,24.8
28680,24.6
28740,24.4
28800,25.0
28860,24.8
28920,24.0
28980,24.6
29040,25.0
29100,25.4
29160,22.6
29220,23.8
29280,23.6
29340,24.0
29400,21.8
29460,24.0
29520,24.4
29580,24.2
29640,23.4
29700,24.4
29760,24.8
29820,26.6
29880,25.2
29940,24.0
30000,24.0
30060,25.0
30120,24.8
30180,25.4
30240,24.2
30300,24.0
30360,25.2
30420,26.0
30480,24.2
30540,25.6
30600,23.6
30660,24.8
30720,24.4
30780,26.2
30840,22.8
30900,24.2
30960,24.0
31020,24.2
31080,24.0
31140,25.2
31200,25.2
31260,23.8
31320,26.0
31380,23.2
31440,23.8
31500,23.8
31560,22.2
31620,24.2
31680,24.8
31740,25.6
31800,23.6
31860,24.8
31920,24.2
31980,24.6
32040,25.0
32100,25.6
32160,25.8
32220,24.8
32280,24.0
32340,24.4
32400,24.6
32460,24.8
32520,25.0
32580,24.2
32640,24.6
32700,24.4
32760,23.6
32820,23.0
32880,23.8
32940,23.8
33000,24.6
33060,23.0
33120,24.4
33180,23.0
33240,24.8
33300,23.8
33360,24.2
33420,24.6
33480,24.4
33540,24.2
33600,22.8
33660,23.0
33720,23.6
33780,22.8
33840,24.6
33900,23.4
33960,24.8
34020,23.4
34080,21.6
34140,24.2
34200,22.6
34260,24.0
34320,23.8
34380,24.2
34440,24.4
34500,25.0
34560,24.4
34620,23.6
34680,24.0
34740,23.6
34800,25.0
34860,22.8
34920,25.0
34980,24.8
35040,24.0
35100,25.2
35160,23.6
35220,25.0
35280,24.2
35340,24.4
35400,24.2
35460,24.8
35520,24.6
35580,25.2
35640,23.6
35700,23.0
35760,24.8
35820,24.2
35880,24.6
35940,23.6
36000,23.2
36060,24.6
36120,23.2
36180,23.0
36240,24.2
36300,23.8
36360,24.8
36420,24.6
36480,24.2
36540,24.4
36600,24.6
36660,23.6
36720,24.2
36780,24.6
36840,24.4
36900,23.4
36960,23.2
37020,25.0
37080,24.8
37140,24.2
37200,23.0
37260,23.4
37320,24.0
37380,24.0
37440,23.4
37500,25.6
37560,23.6
37620,23.6
37680,24.0
37740,23.2
37800,23.6
37860,23.6
37920,22.8
37980,23.6
38040,24.2
38100,23.4
38160,23.0
38220,24.2
38280,23.4
38340,23.8
38400,23.8
38460,23.8
38520,22.8
38580,24.0
38640,22.2
38700,22.4
38760,22.0
38820,22.0
38880,21.4
38940,23.0
39000,22.8
39060,23.6
39120,23.4
39180,24.8
39240,23.4
39300,24.6
39360,23.0
39420,22.4
39480,23.6
39540,24.8
39600,24.8
39660,23.6
39720,25.4
39780,25.0
39840,23.0
39900,25.4
39960,25.2
40020,23.6
40080,24.4
40140,23.0
40200,23.8
40260,24.2
40320,25.4
40380,24.0
40440,24.8
40500,24.8
40560,24.2
40620,25.0
40680,24.4
40740,24.2
40800,23.2
40860,24.0
40920,23.4
40980,24.2
41040,23.6
41100,24.8
41160,24.6
41220,24.2
41280,22.6
41340,24.8
41400,23.4
41460,23.8
41520,24.0
41580,24.6
41640,23.6
41700,24.0
41760,24.8
41820,24.6
41880,23.8
41940,22.6
42000,23.2
42060,23.2
42120,24.0
42180,25.4
42240,25.0
42300,24.4
42360,23.8
42420,23.0
42480,23.6
42540,23.0
42600,24.0
42660,25.4
42720,23.4
42780,24.0
42840,22.6
42900,24.6
42960,24.6
43020,23.4
43080,24.4
43140,23.0
43200,23.8
43260,22.8
43320,24.4
43380,24.2
43440,23.6
43500,24.2
43560,23.6
43620,23.4
43680,23.0
43740,23.4
43800,23.2
43860,23.8
43920,24.0
43980,24.2
44040,24.4
44100,21.8
44160,24.0
44220,23.0
44280,22.8
44340,24.0
44400,22.4
44460,23.8
44520,24.2
44580,23.4
44640,23.6
44700,23.6
44760,24.2
44820,24.0
44880,24.0
44940,23.8
45000,23.2
