#Steps,score
60,0.6
120,0.6
180,1.0
240,0.8
300,1.2
360,1.0
420,0.4
480,1.0
540,0.6
600,1.2
660,0.8
720,1.6
780,1.6
840,1.8
900,1.8
960,0.8
1020,0.2
1080,1.6
1140,0.6
1200,1.0
1260,1.2
1320,1.4
1380,0.8
1440,1.2
1500,1.6
1560,0.6
1620,1.2
1680,0.4
1740,1.0
1800,1.8
1860,1.8
1920,0.8
1980,0.8
2040,2.2
2100,1.0
2160,1.4
2220,0.6
2280,1.4
2340,0.4
2400,1.0
2460,0.8
2520,0.8
2580,1.2
2640,0.2
2700,1.0
2760,2.2
2820,1.4
2880,1.4
2940,1.2
3000,1.4
3060,0.8
3120,1.4
3180,1.0
3240,1.6
3300,1.6
3360,0.8
3420,1.2
3480,1.2
3540,0.6
3600,1.0
3660,1.4
3720,1.2
3780,1.6
3840,1.0
3900,1.8
3960,0.8
4020,0.2
4080,1.2
4140,1.4
4200,0.8
4260,0.4
4320,1.2
4380,1.4
4440,0.8
4500,1.8
4560,0.8
4620,0.8
4680,1.0
4740,1.8
4800,1.4
4860,0.8
4920,1.0
4980,1.4
5040,1.0
5100,0.4
5160,1.0
5220,0.8
5280,1.0
5340,1.2
5400,1.2
5460,1.0
5520,1.0
5580,3.2
5640,1.4
5700,1.2
5760,1.6
5820,0.6
5880,0.8
5940,1.4
6000,1.4
6060,0.6
6120,1.2
6180,1.0
6240,1.8
6300,0.4
6360,1.0
6420,0.8
6480,0.8
6540,0.8
6600,1.2
6660,0.8
6720,1.6
6780,1.4
6840,1.6
6900,2.0
6960,2.4
7020,1.0
7080,1.8
7140,0.8
7200,1.8
7260,1.2
7320,1.2
7380,1.8
7440,1.4
7500,0.6
7560,1.4
7620,0.4
7680,1.2
7740,0.2
7800,1.2
7860,0.8
7920,1.0
7980,0.8
8040,0.6
8100,0.4
8160,1.6
8220,1.0
8280,1.0
8340,0.8
8400,0.8
8460,0.6
8520,1.2
8580,1.2
8640,1.2
8700,0.8
8760,1.4
8820,1.0
8880,1.0
8940,2.2
9000,1.2
9060,0.8
9120,1.4
9180,1.2
9240,1.2
9300,2.0
9360,1.0
9420,1.4
9480,1.6
9540,0.8
9600,1.0
9660,1.0
9720,1.6
9780,1.0
9840,1.2
9900,2.6
9960,0.6
10020,1.0
10080,1.0
10140,1.4
10200,1.2
10260,1.2
10320,0.6
10380,1.6
10440,1.4
10500,1.0
10560,1.0
10620,0.6
10680,1.4
10740,1.8
10800,1.6
10860,1.0
10920,1.8
10980,1.6
11040,0.8
11100,1.2
11160,1.4
11220,1.6
11280,1.8
11340,1.0
11400,1.4
11460,1.6
11520,2.2
11580,1.4
11640,1.0
11700,1.2
11760,0.6
11820,2.0
11880,0.6
11940,1.6
12000,2.0
12060,2.0
12120,0.6
12180,1.2
12240,1.0
12300,1.0
12360,1.6
12420,0.8
12480,1.8
12540,1.2
12600,0.6
12660,1.2
12720,1.4
12780,1.4
12840,1.4
12900,1.6
12960,1.2
13020,1.6
13080,1.4
13140,0.6
13200,1.6
13260,1.0
13320,1.0
13380,1.4
13440,1.2
13500,1.8
13560,0.6
13620,0.4
13680,0.8
13740,1.8
13800,1.8
13860,0.8
13920,1.4
13980,0.6
14040,0.8
14100,1.2
14160,2.0
14220,2.4
14280,2.6
14340,0.8
14400,2.8
14460,1.6
14520,1.8
14580,1.6
14640,0.2
14700,1.8
14760,1.4
14820,1.4
14880,1.2
14940,0.8
15000,2.0
15060,1.2
15120,0.8
15180,0.8
15240,1.4
15300,0.8
15360,0.8
15420,1.0
15480,1.0
15540,1.0
15600,1.0
15660,1.2
15720,1.8
15780,1.4
15840,1.4
15900,0.8
15960,1.4
16020,0.6
16080,1.6
16140,1.8
16200,2.4
16260,1.2
16320,1.2
16380,0.6
16440,2.0
16500,1.2
16560,1.6
16620,1.4
16680,1.0
16740,1.0
16800,1.2
16860,1.0
16920,1.0
16980,1.2
17040,1.0
17100,1.4
17160,1.0
17220,1.2
17280,1.8
17340,1.6
17400,1.2
17460,2.0
17520,1.0
17580,1.4
17640,0.8
17700,1.2
17760,1.0
17820,0.8
17880,1.2
17940,1.6
18000,1.6
18060,1.6
18120,1.6
18180,2.0
18240,1.4
18300,2.0
18360,1.4
18420,1.2
18480,1.6
18540,1.4
18600,1.8
18660,1.8
18720,1.2
18780,1.6
18840,2.2
18900,1.8
18960,0.8
19020,1.4
19080,0.6
19140,0.6
19200,1.8
19260,1.0
19320,0.8
19380,1.8
19440,1.4
19500,1.2
19560,2.0
19620,2.2
19680,1.4
19740,1.4
19800,1.4
19860,1.6
19920,0.6
19980,1.2
20040,1.8
20100,1.6
20160,1.6
20220,1.2
20280,1.6
20340,0.6
20400,1.4
20460,1.6
20520,2.2
20580,1.8
20640,2.8
20700,1.6
20760,1.8
20820,1.4
20880,2.0
20940,2.0
21000,1.2
21060,0.6
21120,0.8
21180,1.0
21240,2.4
21300,1.8
21360,1.4
21420,1.0
21480,2.4
21540,1.4
21600,1.6
21660,1.4
21720,1.8
21780,1.8
21840,1.2
21900,2.0
21960,1.6
22020,1.4
22080,0.8
22140,1.2
22200,3.0
22260,1.8
22320,1.8
22380,2.0
22440,2.0
22500,1.2
22560,0.6
22620,1.6
22680,0.8
22740,2.0
22800,1.2
22860,2.2
22920,1.6
22980,1.8
23040,1.4
23100,2.0
23160,1.8
23220,2.6
23280,0.4
23340,1.4
23400,3.0
23460,2.2
23520,1.6
23580,1.6
23640,3.2
23700,3.8
23760,2.6
23820,1.2
23880,3.0
23940,4.4
24000,2.6
24060,3.0
24120,2.2
24180,2.4
24240,2.8
24300,1.2
24360,1.6
24420,1.0
24480,1.8
24540,1.4
24600,2.6
24660,1.4
24720,1.6
24780,1.8
24840,2.2
24900,1.0
24960,1.2
25020,1.6
25080,2.2
25140,1.2
25200,1.6
25260,1.6
25320,1.6
25380,0.4
25440,1.8
25500,2.0
25560,1.6
25620,1.8
25680,1.4
25740,2.0
25800,2.4
25860,3.2
25920,1.6
25980,2.2
26040,1.8
26100,1.8
26160,1.6
26220,2.8
26280,2.8
26340,2.0
26400,2.2
26460,1.8
26520,1.8
26580,1.6
26640,3.0
26700,1.2
26760,2.2
26820,1.8
26880,2.0
26940,1.8
27000,3.8
27060,2.2
27120,2.0
27180,1.6
27240,1.8
27300,1.8
27360,2.0
27420,1.4
27480,2.4
27540,1.8
27600,1.4
27660,1.8
27720,1.4
27780,3.0
27840,2.6
27900,2.4
27960,2.6
28020,1.6
28080,1.8
28140,2.2
28200,2.6
28260,1.4
28320,2.8
28380,2.2
28440,3.6
28500,3.8
28560,3.0
28620,4.8
28680,3.4
28740,3.4
28800,3.0
28860,4.4
28920,2.6
28980,2.4
29040,4.2
29100,5.6
29160,4.2
29220,5.8
29280,5.2
29340,4.4
29400,5.2
29460,9.0
29520,13.4
29580,13.0
29640,16.6
29700,16.6
29760,20.2
29820,22.2
29880,22.6
29940,22.4
30000,21.0
30060,18.8
30120,19.0
30180,17.2
30240,18.4
30300,14.8
30360,17.2
30420,14.6
30480,14.6
30540,16.2
30600,17.6
30660,14.2
30720,13.2
30780,13.8
30840,14.2
30900,16.0
30960,16.8
31020,14.4
31080,14.4
31140,15.4
31200,17.2
31260,16.4
31320,16.4
31380,19.2
31440,20.4
31500,21.8
31560,21.4
31620,23.0
31680,22.6
31740,23.0
31800,24.4
31860,23.4
31920,24.4
31980,23.8
32040,23.6
32100,24.6
32160,24.0
32220,24.6
32280,24.2
32340,24.4
32400,25.6
32460,25.0
32520,24.2
32580,24.8
32640,23.0
32700,24.6
32760,25.2
32820,24.4
32880,25.0
32940,24.2
33000,24.8
33060,24.8
33120,24.4
33180,26.0
33240,23.8
33300,23.6
33360,26.2
33420,25.0
33480,24.6
33540,24.4
33600,24.2
33660,25.4
33720,23.8
33780,23.8
33840,25.8
33900,25.0
33960,25.4
34020,25.2
34080,24.6
34140,23.2
34200,25.6
34260,24.4
34320,23.4
34380,25.8
34440,24.6
34500,24.6
34560,25.0
34620,24.0
34680,24.2
34740,24.0
34800,25.6
34860,26.2
34920,26.4
34980,25.2
35040,24.8
35100,24.8
35160,24.8
35220,23.6
35280,26.4
35340,27.2
35400,24.4
35460,24.2
35520,25.2
35580,24.6
35640,25.0
35700,25.4
35760,24.6
35820,23.8
35880,24.8
35940,23.2
36000,25.0
36060,24.4
36120,25.0
36180,25.6
36240,24.0
36300,25.6
36360,25.6
36420,24.8
36480,23.2
36540,23.0
36600,24.8
36660,22.6
36720,21.8
36780,23.6
36840,21.6
36900,23.6
36960,23.4
37020,21.4
37080,22.0
37140,21.6
37200,21.4
37260,21.4
37320,22.6
37380,21.6
37440,20.2
37500,21.4
37560,20.0
37620,21.2
37680,21.0
37740,21.8
37800,22.0
37860,22.0
37920,23.0
37980,20.4
38040,21.6
38100,22.6
38160,22.0
38220,21.2
38280,19.6
38340,20.8
38400,20.6
38460,23.6
38520,21.2
38580,21.2
38640,21.8
38700,21.4
38760,22.2
38820,22.0
38880,21.8
38940,23.4
39000,22.2
39060,23.6
39120,23.0
39180,24.4
39240,23.0
39300,24.0
39360,23.8
39420,22.6
39480,22.8
39540,23.4
39600,24.0
39660,23.8
39720,22.4
39780,23.8
39840,24.6
39900,22.4
39960,23.6
40020,24.0
40080,24.2
40140,22.8
40200,23.0
40260,23.2
40320,22.4
40380,24.0
40440,23.2
40500,23.0
40560,24.6
40620,23.6
40680,25.2
40740,24.6
40800,24.2
40860,23.6
40920,24.0
40980,25.0
41040,24.2
41100,22.4
41160,23.8
41220,22.6
41280,24.2
41340,24.6
41400,23.6
41460,23.6
41520,24.6
41580,23.2
41640,23.2
41700,23.8
41760,24.2
41820,23.2
41880,24.0
41940,24.0
42000,24.6
42060,23.6
42120,24.4
42180,25.0
42240,25.2
42300,24.2
42360,23.4
42420,24.0
42480,24.2
42540,23.8
42600,23.6
42660,23.6
42720,23.6
42780,24.0
42840,25.6
42900,24.0
42960,24.0
43020,24.2
43080,25.0
43140,23.8
43200,25.0
43260,25.2
43320,23.6
43380,25.0
43440,25.2
43500,24.8
43560,25.0
43620,25.2
43680,23.8
43740,23.4
43800,23.6
43860,24.4
43920,24.2
43980,24.2
44040,24.4
44100,24.0
44160,24.2
44220,23.6
44280,23.2
44340,23.4
44400,24.0
44460,24.0
44520,24.2
44580,24.0
44640,24.2
44700,23.6
44760,24.8
44820,23.8
44880,24.8
44940,22.4
45000,23.2
45060,22.8
45120,23.8
45180,23.8
45240,21.8
45300,22.2
45360,23.4
45420,23.2
45480,22.8
45540,21.8
45600,22.0
45660,23.6
45720,23.0
45780,23.4
45840,22.6
45900,23.6
45960,23.0
46020,22.6
46080,24.0
46140,24.0
46200,23.4
46260,23.4
46320,23.8
46380,23.0
46440,22.8
46500,24.2
46560,25.6
46620,21.6
46680,24.6
46740,24.8
46800,24.0
46860,23.2
46920,23.8
46980,23.4
47040,25.0
47100,25.0
47160,25.0
47220,23.8
47280,25.2
47340,25.0
47400,23.6
47460,23.4
47520,24.8
47580,23.4
47640,24.8
47700,24.8
47760,23.0
47820,25.2
47880,23.8
47940,24.2
48000,24.8
48060,24.4
48120,25.2
48180,25.2
48240,24.6
48300,23.4
48360,23.8
48420,25.0
48480,25.4
48540,23.8
48600,24.4
48660,23.8
48720,25.0
48780,23.4
48840,24.0
48900,23.8
48960,23.4
49020,24.0
49080,23.0
49140,24.8
49200,24.0
49260,25.4
49320,24.4
49380,25.2
49440,24.0
49500,24.2
49560,24.4
49620,25.4
49680,23.2
49740,24.2
49800,23.6
49860,25.4
49920,23.8
49980,26.0
50040,23.4
50100,23.4
50160,23.6
50220,24.6
50280,25.0
50340,25.0
50400,24.4
50460,22.4
50520,23.4
50580,25.2
50640,21.2
50700,24.4
50760,23.4
50820,22.4
50880,22.8
50940,23.6
51000,22.6
51060,22.4
51120,22.0
51180,22.0
51240,23.4
51300,21.8
51360,23.2
51420,21.2
51480,21.8
51540,21.0
51600,23.4
51660,22.6
51720,22.0
51780,22.2
51840,22.4
51900,21.4
51960,21.6
52020,23.0
52080,21.4
52140,23.6
52200,23.0
52260,22.6
52320,23.0
52380,23.8
52440,23.4
52500,23.6
52560,23.2
52620,24.6
52680,23.4
52740,22.8
52800,24.0
52860,24.0
52920,24.0
52980,24.2
53040,23.6
53100,23.2
53160,23.2
53220,24.4
53280,24.2
53340,25.0
53400,22.8
53460,23.4
53520,24.4
53580,21.4
53640,23.0
53700,22.4
53760,23.0
53820,22.6
53880,21.8
53940,21.0
54000,23.0
54060,23.0
54120,24.0
54180,22.8
54240,21.8
54300,23.8
54360,23.0
54420,22.2
54480,22.8
54540,21.2
54600,23.4
54660,22.8
54720,24.8
54780,23.0
54840,21.2
54900,23.8
54960,24.0
55020,23.0
55080,23.6
55140,22.8
55200,22.2
55260,23.6
55320,22.6
55380,23.2
55440,23.8
55500,23.4
55560,22.8
55620,23.0
55680,23.4
55740,23.0
55800,23.4
55860,24.6
55920,23.4
55980,24.2
56040,23.8
56100,23.8
56160,25.0
56220,24.8
56280,24.4
56340,25.2
56400,23.8
56460,23.4
56520,23.8
56580,23.2
56640,24.0
56700,25.6
56760,23.8
56820,23.2
56880,25.4
56940,22.8
57000,24.2
57060,23.8
57120,24.2
57180,23.0
57240,22.8
57300,23.8
57360,23.0
57420,23.4
57480,23.8
57540,22.0
57600,22.4
57660,22.8
57720,23.2
57780,22.4
57840,24.0
57900,22.4
57960,22.0
58020,22.2
58080,23.8
58140,22.4
58200,22.8
58260,22.0
58320,23.4
58380,22.4
58440,22.0
58500,23.0
58560,22.8
58620,22.2
58680,23.2
58740,23.2
58800,23.2
58860,22.6
58920,23.0
58980,21.6
59040,23.0
59100,24.0
59160,21.8
59220,24.4
59280,21.6
59340,23.8
59400,22.0
59460,23.0
59520,23.2
59580,23.8
59640,23.6
59700,24.0
59760,24.4
59820,24.0
59880,23.4
59940,23.4
60000,23.4
60060,21.8
60120,24.4
60180,23.4
60240,24.4
60300,23.6
60360,25.2
60420,24.8
60480,24.0
60540,25.4
60600,24.0
60660,23.0
60720,23.8
60780,22.4
60840,24.2
60900,25.0
60960,24.6
61020,26.2
61080,23.6
61140,25.2
61200,23.4
61260,24.2
61320,23.6
61380,27.0
61440,23.4
61500,26.0
61560,24.6
61620,25.8
61680,24.8
61740,24.0
61800,23.2
61860,24.0
61920,25.8
61980,25.8
62040,23.2
62100,24.6
62160,24.2
62220,26.0
62280,25.0
62340,26.4
62400,25.4
62460,24.4
62520,24.0
62580,24.8
62640,25.2
62700,23.6
62760,24.6
62820,24.4
62880,24.4
62940,25.4
63000,23.4
63060,24.0
63120,23.8
63180,24.8
63240,25.2
63300,25.6
63360,25.2
63420,25.6
63480,25.8
63540,23.6
63600,25.6
63660,25.6
63720,26.2
63780,24.4
63840,24.4
63900,24.8
63960,26.0
64020,24.8
64080,24.0
64140,23.6
64200,24.4
64260,23.8
64320,24.6
64380,24.8
64440,26.2
64500,24.2
64560,24.4
64620,24.8
64680,23.8
64740,25.2
64800,25.2
64860,24.6
64920,25.4
64980,24.2
65040,24.6
65100,26.6
65160,25.2
65220,24.8
65280,26.2
65340,24.0
65400,26.0
65460,25.2
65520,25.0
65580,24.8
65640,24.8
65700,26.2
65760,25.2
65820,25.4
65880,24.8
65940,25.0
66000,25.4
66060,24.0
66120,23.6
66180,26.4
66240,24.6
66300,25.0
66360,25.4
66420,24.6
66480,25.0
66540,24.0
66600,25.6
66660,25.4
66720,24.0
66780,25.2
66840,24.8
66900,25.6
66960,24.2
67020,23.8
67080,24.4
67140,24.4
67200,23.6
67260,24.0
67320,24.0
67380,26.2
67440,24.4
67500,24.8
67560,25.2
67620,23.8
67680,24.6
67740,24.8
67800,26.2
67860,24.4
67920,25.0
67980,25.2
68040,26.2
68100,25.0
68160,25.4
68220,24.2
68280,24.0
68340,25.4
68400,23.4
68460,26.8
68520,25.2
68580,24.4
68640,25.4
68700,25.6
68760,25.6
68820,26.0
68880,24.6
68940,23.2
69000,26.2
69060,25.0
69120,23.4
69180,23.4
69240,25.6
69300,23.8
69360,23.4
69420,26.0
69480,24.0
69540,24.4
69600,23.8
69660,24.6
69720,24.2
69780,23.8
69840,25.6
69900,25.8
69960,23.4
70020,25.2
70080,25.6
70140,23.4
70200,24.2
70260,23.8
70320,24.0
70380,22.8
70440,23.2
70500,22.4
70560,23.0
70620,23.4
70680,24.0
70740,23.8
70800,22.8
70860,22.8
70920,22.4
70980,22.6
71040,22.6
71100,23.4
71160,23.6
71220,24.4
71280,21.6
71340,23.2
71400,23.0
71460,23.4
71520,23.8
71580,24.0
71640,25.2
71700,23.2
71760,23.8
71820,23.6
71880,26.2
71940,24.6
72000,24.0
72060,22.8
72120,24.8
72180,23.2
72240,24.6
72300,23.4
72360,23.2
72420,25.0
72480,22.6
72540,22.8
72600,24.8
72660,23.0
72720,24.8
72780,22.6
72840,23.2
72900,24.6
72960,24.2
73020,24.2
73080,23.6
73140,24.4
73200,24.2
73260,22.8
73320,24.2
73380,22.2
73440,23.6
73500,23.6
73560,23.2
73620,23.2
73680,22.4
73740,23.2
73800,23.4
73860,21.0
73920,23.0
73980,22.2
74040,22.4
74100,23.0
74160,21.8
74220,23.0
74280,25.2
74340,23.8
74400,23.8
74460,23.8
74520,22.6
74580,22.6
74640,24.4
74700,23.4
74760,22.8
74820,23.0
74880,24.4
74940,23.6
75000,23.0
75060,24.4
75120,24.0
75180,24.0
75240,23.4
75300,22.8
75360,23.6
75420,24.4
75480,22.4
75540,23.4
75600,24.6
75660,22.0
75720,23.4
75780,24.8
75840,23.8
75900,24.6
75960,24.2
76020,23.2
76080,23.8
76140,23.0
76200,24.8
76260,24.8
76320,22.2
76380,25.8
76440,25.0
76500,25.8
76560,24.6
76620,23.2
76680,24.4
76740,24.8
76800,23.0
76860,23.8
76920,23.2
76980,23.4
77040,25.0
77100,24.0
77160,23.0
77220,24.0
77280,24.8
77340,23.8
77400,24.2
77460,23.2
77520,25.0
77580,24.2
77640,24.6
77700,23.2
77760,25.6
77820,22.8
77880,25.8
77940,24.8
78000,24.8
78060,23.0
78120,24.6
78180,24.6
78240,23.4
78300,23.6
78360,24.2
78420,23.8
78480,23.6
78540,24.6
78600,25.4
78660,23.6
78720,24.4
78780,24.4
78840,24.0
78900,23.8
78960,23.8
79020,23.6
79080,25.0
79140,25.0
79200,24.0
79260,24.4
79320,25.6
79380,24.0
79440,24.0
79500,24.4
79560,23.2
79620,23.6
79680,24.6
79740,25.0
79800,22.8
79860,23.2
79920,24.8
79980,23.4
80040,24.6
80100,24.4
80160,23.8
80220,22.8
80280,23.6
80340,22.8
80400,22.4
80460,23.0
80520,25.4
80580,23.6
80640,23.2
80700,23.6
80760,23.8
80820,24.4
80880,24.8
80940,23.0
81000,24.2
81060,22.2
81120,24.4
81180,23.8
81240,23.4
81300,23.4
81360,25.0
81420,23.8
81480,23.6
81540,23.2
81600,23.2
81660,25.0
81720,22.4
81780,24.6
81840,23.8
81900,22.8
81960,23.4
82020,24.8
82080,22.4
82140,23.8
82200,24.4
82260,22.8
82320,23.4
82380,24.2
82440,23.4
82500,24.0
82560,25.4
82620,23.6
82680,24.0
82740,25.4
82800,23.4
82860,24.0
82920,24.6
82980,24.8
83040,24.6
83100,23.2
83160,23.2
83220,24.8
83280,25.0
83340,24.2
83400,24.4
83460,24.8
83520,23.6
83580,23.8
83640,25.4
83700,24.8
83760,24.8
83820,26.6
83880,23.4
83940,23.8
84000,26.0
84060,24.6
84120,25.0
84180,24.2
84240,25.8
84300,24.8
84360,24.6
84420,24.8
84480,24.4
84540,25.0
84600,23.0
84660,25.2
84720,24.4
84780,25.0
84840,24.4
84900,24.4
84960,24.2
85020,26.2
85080,25.0
85140,25.6
85200,23.6
85260,24.4
85320,24.4
85380,24.4
85440,24.0
85500,25.2
85560,25.2
85620,24.6
85680,23.8
85740,24.4
85800,24.6
85860,22.8
85920,23.6
85980,23.4
86040,22.6
86100,24.0
86160,24.6
86220,24.8
86280,24.6
86340,22.8
86400,24.6
86460,24.8
86520,23.4
86580,25.0
86640,22.8
86700,24.2
86760,23.2
86820,22.8
86880,25.0
86940,25.0
87000,22.8
87060,23.6
87120,23.8
87180,24.4
87240,23.0
87300,22.2
87360,24.2
87420,23.0
87480,23.0
87540,24.0
87600,22.8
87660,24.2
87720,23.6
87780,24.8
87840,24.8
87900,24.2
87960,23.6
88020,22.6
88080,23.2
88140,23.4
88200,22.0
88260,23.4
88320,24.0
88380,22.4
88440,24.0
88500,22.8
88560,21.4
88620,24.0
88680,22.6
88740,24.2
88800,21.4
88860,23.0
88920,23.4
88980,23.6
89040,23.4
89100,24.6
89160,23.4
89220,24.0
89280,25.6
89340,23.2
89400,23.2
89460,24.0
89520,24.6
89580,24.0
89640,23.6
89700,23.2
89760,23.4
89820,23.0
89880,22.2
89940,23.8
90000,23.6
90060,24.0
90120,23.8
90180,23.4
90240,22.8
90300,23.2
90360,24.0
90420,22.0
90480,22.4
90540,23.6
90600,22.8
90660,23.2
90720,23.8
90780,25.0
90840,25.0
90900,23.8
90960,23.4
91020,24.6
91080,24.0
91140,24.0
91200,23.2
91260,24.4
91320,24.4
91380,23.4
91440,24.6
91500,23.2
91560,25.2
91620,23.0
91680,25.6
91740,24.0
91800,23.6
91860,23.0
91920,24.4
91980,23.6
92040,24.0
92100,24.0
92160,25.4
92220,24.0
92280,23.6
92340,24.0
92400,24.8
92460,23.6
92520,24.0
92580,24.4
92640,25.4
92700,25.0
92760,25.6
92820,24.8
92880,24.4
92940,24.8
93000,23.6
93060,23.6
93120,24.8
93180,25.0
93240,22.8
93300,22.6
93360,24.4
93420,24.4
93480,24.4
93540,25.0
93600,24.2
93660,24.6
93720,24.2
93780,23.8
93840,22.4
93900,25.2
93960,22.2
94020,25.2
94080,23.2
94140,24.0
94200,22.8
94260,23.8
94320,23.4
94380,24.6
94440,25.2
94500,24.4
94560,25.4
94620,24.0
94680,23.0
94740,23.6
94800,25.2
94860,23.8
94920,25.2
94980,23.8
95040,24.6
95100,22.8
95160,22.8
95220,22.8
95280,23.8
95340,24.4
95400,24.4
95460,24.0
95520,24.2
95580,23.2
95640,23.4
95700,24.0
95760,23.4
95820,23.2
95880,22.8
95940,24.8
96000,24.6
96060,24.0
96120,22.6
96180,23.4
96240,23.0
96300,24.0
96360,24.8
96420,24.6
96480,24.8
96540,23.8
96600,24.6
96660,23.8
96720,24.4
96780,23.4
96840,24.4
96900,24.4
96960,25.6
97020,24.4
97080,24.0
97140,24.4
97200,22.8
97260,25.4
97320,24.4
97380,23.0
97440,26.6
97500,25.2
97560,24.0
97620,23.6
97680,25.6
97740,23.6
97800,22.0
97860,24.6
97920,24.6
97980,23.4
98040,24.0
98100,24.4
98160,24.6
98220,24.2
98280,24.8
98340,23.0
98400,24.4
98460,24.0
98520,23.4
98580,25.0
98640,24.2
98700,23.2
98760,24.8
98820,24.6
98880,23.4
98940,24.2
99000,23.2
99060,24.0
99120,26.0
99180,25.0
99240,24.8
99300,25.4
99360,24.2
99420,24.0
99480,24.2
99540,25.2
99600,22.4
99660,24.0
99720,23.4
99780,22.0
99840,25.4
99900,24.2
99960,23.6
100020,23.4
100080,24.4
100140,25.6
100200,23.0
100260,24.6
100320,22.8
100380,25.0
100440,24.0
100500,24.0
100560,23.4
100620,22.8
100680,24.4
100740,23.0
100800,24.4
100860,24.8
100920,24.4
100980,24.0
101040,24.8
101100,24.8
101160,25.4
101220,25.0
101280,25.6
101340,23.8
101400,26.2
101460,24.8
101520,23.8
101580,24.2
101640,25.4
101700,25.4
101760,25.4
101820,23.4
101880,24.2
101940,25.6
102000,24.2
102060,25.2
102120,25.6
102180,25.0
102240,24.6
102300,24.8
102360,25.0
102420,24.8
102480,25.0
102540,25.0
102600,25.0
102660,25.0
102720,23.2
102780,25.4
102840,25.0
102900,25.2
102960,23.8
103020,24.4
103080,25.2
103140,24.6
103200,24.4
103260,24.2
103320,22.0
103380,24.8
103440,25.8
103500,25.0
103560,25.2
103620,23.2
103680,23.8
103740,22.6
103800,25.2
103860,23.8
103920,24.0
103980,24.4
104040,23.6
104100,23.6
104160,23.8
104220,25.0
104280,25.6
104340,24.4
104400,23.8
104460,24.6
104520,25.0
104580,26.0
104640,24.4
104700,25.0
104760,24.0
104820,23.0
104880,25.0
104940,25.6
105000,25.0
105060,25.2
105120,24.6
105180,24.0
105240,24.4
105300,25.6
105360,24.4
105420,23.4
105480,24.2
105540,22.6
105600,24.2
105660,24.6
105720,24.6
105780,23.2
105840,22.6
105900,24.6
105960,23.6
106020,23.6
106080,24.8
106140,24.8
106200,22.2
106260,25.2
106320,24.8
106380,23.6
106440,24.8
106500,25.6
106560,22.6
106620,23.6
106680,23.6
106740,23.2
106800,23.6
106860,25.2
106920,23.4
106980,23.6
107040,22.8
107100,24.6
107160,21.6
107220,24.4
107280,24.0
107340,22.0
107400,24.0
107460,23.4
107520,23.8
107580,23.0
107640,24.2
107700,22.6
107760,22.4
107820,22.8
107880,23.2
107940,24.8
108000,23.8
108060,24.4
108120,24.4
108180,23.4
108240,23.2
108300,23.0
108360,23.2
108420,23.8
108480,22.4
108540,22.6
108600,25.2
108660,23.2
108720,23.0
108780,25.2
108840,22.6
108900,23.2
108960,24.8
109020,25.0
109080,23.4
109140,25.0
109200,25.4
109260,23.8
109320,24.8
109380,24.2
109440,24.6
109500,25.8
109560,25.6
109620,23.8
109680,24.6
109740,24.4
109800,24.6
109860,25.2
109920,25.2
109980,23.6
110040,23.6
110100,24.0
110160,24.8
110220,24.8
110280,22.8
110340,24.8
110400,23.4
110460,24.8
110520,24.6
110580,23.4
110640,24.8
110700,24.4
110760,24.0
110820,24.6
110880,24.6
110940,24.6
111000,24.6
111060,23.6
111120,23.0
111180,23.2
111240,24.8
111300,24.4
111360,24.0
111420,24.4
111480,24.2
111540,22.6
111600,23.6
111660,24.2
111720,26.6
111780,24.2
111840,25.2
111900,23.8
111960,23.6
112020,24.4
112080,23.2
112140,25.2
112200,25.6
112260,25.0
112320,24.8
112380,24.4
112440,25.6
112500,25.0
112560,25.2
112620,23.8
112680,23.4
112740,25.4
112800,24.4
112860,24.0
112920,25.0
112980,24.8
113040,24.8
113100,25.0
113160,24.8
113220,26.0
113280,26.2
113340,25.8
113400,23.6
113460,25.8
113520,24.0
113580,24.8
113640,24.0
113700,24.0
113760,24.0
113820,23.6
113880,23.4
113940,23.0
114000,23.0
114060,24.6
114120,22.4
114180,22.0
114240,22.4
114300,23.0
114360,22.8
114420,22.8
114480,22.2
114540,21.4
114600,23.2
114660,22.0
114720,23.6
114780,23.2
114840,22.4
114900,23.0
114960,23.0
115020,23.0
115080,22.8
115140,22.8
115200,24.2
115260,24.2
115320,22.8
115380,22.8
115440,22.8
115500,24.0
115560,22.8
115620,22.8
115680,24.0
115740,24.2
115800,22.8
115860,22.4
115920,23.2
115980,21.2
116040,22.4
116100,23.8
116160,23.0
116220,23.2
116280,24.6
116340,23.6
116400,23.4
116460,23.6
116520,23.6
116580,24.6
116640,25.0
116700,24.0
116760,24.8
116820,23.8
116880,24.8
116940,24.6
117000,24.2
117060,23.8
117120,22.6
117180,25.4
117240,23.8
117300,23.6
117360,23.8
117420,24.4
117480,24.6
117540,24.0
117600,24.2
117660,24.6
117720,24.6
117780,24.0
117840,22.8
117900,24.6
117960,23.0
118020,25.0
118080,24.0
118140,24.0
118200,24.4
118260,22.8
118320,23.8
118380,22.2
118440,22.6
118500,22.8
118560,23.6
118620,22.2
118680,22.6
118740,23.6
118800,22.4
118860,22.8
118920,22.8
118980,22.8
119040,23.6
119100,24.2
119160,22.6
119220,23.8
119280,22.4
119340,22.6
119400,24.4
119460,22.8
119520,23.4
119580,22.4
119640,23.0
119700,23.8
119760,23.0
119820,24.8
119880,24.6
119940,23.6
120000,25.4
120060,24.8
120120,25.4
120180,23.8
120240,24.2
120300,24.0
120360,25.2
120420,24.0
120480,24.4
120540,24.0
120600,24.4
120660,23.8
120720,25.8
120780,24.6
120840,25.4
120900,26.0
120960,24.0
121020,26.6
121080,24.4
121140,24.2
121200,24.0
121260,24.2
121320,24.2
121380,23.2
121440,25.4
121500,23.6
121560,25.4
121620,24.6
121680,24.8
121740,25.4
121800,25.0
121860,25.2
121920,24.8
121980,23.6
122040,23.8
122100,23.2
122160,24.2
122220,23.4
122280,23.6
122340,25.4
122400,25.6
122460,23.8
122520,24.6
122580,23.6
122640,24.2
122700,24.0
122760,24.4
122820,25.6
122880,23.8
122940,24.2
123000,22.8
123060,24.0
123120,24.2
123180,25.0
123240,23.6
123300,23.0
123360,24.0
123420,24.4
123480,23.2
123540,24.0
123600,22.2
123660,24.2
123720,25.4
123780,23.4
123840,24.8
123900,24.4
123960,23.0
124020,23.8
124080,23.2
124140,23.4
124200,24.6
124260,22.6
124320,24.4
124380,23.8
124440,23.0
124500,26.6
124560,23.6
124620,26.0
124680,24.4
124740,23.4
124800,24.2
124860,24.0
124920,25.0
124980,23.0
125040,23.8
125100,24.6
125160,23.8
125220,26.0
125280,24.0
125340,23.6
125400,23.2
125460,23.8
125520,23.8
125580,24.4
125640,24.0
125700,24.6
125760,24.6
125820,23.2
125880,24.2
125940,25.4
126000,22.4
126060,22.8
126120,25.2
126180,25.2
126240,25.4
126300,24.8
126360,23.6
126420,24.2
126480,23.2
126540,24.2
126600,23.4
126660,22.4
126720,25.0
126780,25.0
126840,24.0
126900,22.4
126960,22.8
127020,24.0
127080,23.8
127140,23.8
127200,24.8
127260,24.4
127320,23.4
127380,23.4
127440,24.2
127500,22.8
127560,24.2
127620,24.4
127680,23.4
127740,23.0
127800,24.0
127860,23.4
127920,23.0
127980,23.6
128040,24.4
128100,23.0
128160,24.0
128220,25.2
128280,23.4
128340,23.4
128400,23.4
128460,23.6
128520,23.4
128580,25.2
128640,24.4
128700,22.2
128760,25.0
128820,23.8
128880,23.2
128940,25.0
129000,23.4
129060,25.2
129120,23.8
129180,24.8
129240,24.4
129300,23.8
129360,22.4
129420,23.0
129480,24.4
129540,23.4
129600,23.4
129660,25.0
129720,23.6
129780,25.0
129840,23.4
129900,24.2
129960,26.0
130020,23.8
130080,25.2
130140,24.2
130200,24.2
130260,23.8
130320,24.2
130380,23.8
130440,24.0
130500,22.8
130560,23.6
130620,23.8
130680,25.4
130740,24.4
130800,25.4
130860,23.8
130920,23.4
130980,24.0
131040,24.8
131100,24.0
131160,23.0
131220,25.0
131280,24.0
131340,23.6
131400,24.0
131460,24.4
131520,24.4
131580,24.4
131640,24.0
131700,23.8
131760,24.8
131820,25.4
131880,23.8
131940,24.2
132000,23.4
132060,24.4
132120,27.0
132180,24.6
132240,24.8
132300,25.8
132360,25.0
132420,23.4
132480,24.8
132540,24.8
132600,25.8
132660,23.0
132720,26.0
132780,25.0
132840,26.2
132900,24.4
132960,24.4
133020,24.6
133080,23.2
133140,23.0
133200,24.4
133260,24.4
133320,24.8
133380,23.6
133440,24.8
133500,24.6
133560,23.2
133620,24.6
133680,24.8
133740,22.6
133800,24.2
133860,23.8
133920,24.4
133980,25.0
134040,24.0
134100,25.0
134160,23.6
134220,24.2
134280,25.6
134340,24.2
134400,24.0
134460,24.0
134520,25.8
134580,24.2
134640,22.6
134700,24.4
134760,23.6
134820,25.8
134880,25.0
134940,23.4
135000,23.0
135060,25.0
135120,23.2
135180,23.6
135240,24.8
135300,23.4
135360,22.8
135420,22.4
135480,22.6
135540,24.0
135600,23.8
135660,24.8
135720,24.0
135780,23.4
135840,23.6
135900,25.2
135960,23.8
136020,23.2
136080,24.2
136140,24.2
136200,23.8
136260,24.6
136320,25.2
136380,24.6
136440,24.6
136500,24.4
136560,24.2
136620,24.4
136680,25.0
136740,23.8
136800,25.4
136860,25.0
136920,25.2
136980,23.0
137040,25.0
137100,25.2
137160,24.8
137220,23.2
137280,24.2
137340,24.2
137400,24.2
137460,24.8
137520,23.0
137580,24.4
137640,25.0
137700,24.8
137760,24.6
137820,25.0
137880,24.0
137940,25.2
138000,23.2
138060,24.4
138120,25.0
138180,25.8
138240,24.4
138300,24.2
138360,23.0
138420,24.4
138480,25.4
138540,26.0
138600,25.0
138660,25.8
138720,23.4
138780,24.0
138840,23.4
138900,25.6
138960,24.6
139020,25.6
139080,24.8
139140,24.2
139200,25.2
139260,24.0
139320,24.4
139380,24.6
139440,24.4
139500,23.6
139560,24.4
139620,24.6
139680,25.0
139740,23.8
139800,26.0
139860,24.6
139920,24.8
139980,26.0
140040,25.6
140100,23.6
140160,25.0
140220,23.8
140280,25.4
140340,26.4
140400,24.4
140460,24.0
140520,24.6
140580,25.6
140640,25.6
140700,24.8
140760,26.0
140820,25.2
140880,24.4
140940,25.6
141000,24.6
141060,25.6
141120,24.8
141180,23.4
141240,25.2
141300,25.4
141360,25.6
141420,26.2
141480,23.8
141540,25.2
141600,24.4
141660,24.0
141720,22.2
141780,26.6
141840,23.6
141900,23.6
141960,26.4
142020,24.4
142080,23.4
142140,24.6
142200,24.4
142260,24.6
142320,25.4
142380,24.6
142440,24.8
142500,24.2
142560,24.2
142620,26.4
142680,24.8
142740,24.6
142800,25.2
142860,22.6
142920,24.6
142980,25.4
143040,25.6
143100,24.2
143160,24.6
143220,25.0
143280,23.0
143340,26.4
143400,25.4
143460,24.8
143520,26.0
143580,25.6
143640,24.6
143700,24.6
143760,24.4
143820,23.8
143880,24.4
143940,24.0
144000,23.4
144060,25.4
144120,23.6
144180,23.0
144240,24.6
144300,24.4
144360,25.0
144420,23.4
144480,26.2
144540,24.8
144600,25.2
144660,24.2
144720,24.8
144780,24.2
144840,23.8
144900,24.4
144960,22.6
145020,23.8
145080,25.2
145140,24.6
145200,24.6
145260,25.0
145320,24.4
145380,23.4
145440,23.8
145500,25.2
145560,22.8
145620,24.2
145680,23.8
145740,25.8
145800,23.6
145860,23.4
145920,23.6
145980,24.6
146040,26.0
146100,25.4
146160,24.4
146220,24.4
146280,23.4
146340,23.4
146400,25.8
146460,24.6
146520,24.4
146580,24.2
146640,23.8
146700,25.8
146760,23.2
146820,22.4
146880,24.0
146940,23.6
147000,23.6
147060,26.6
147120,23.6
147180,23.6
147240,23.0
147300,25.0
147360,24.4
147420,22.8
147480,24.6
147540,22.8
147600,23.0
147660,24.4
147720,23.8
147780,25.6
147840,24.0
147900,25.4
147960,24.8
148020,22.4
148080,23.8
148140,22.4
148200,24.2
148260,24.2
148320,24.6
148380,23.4
148440,24.6
148500,24.4
148560,24.6
148620,23.6
148680,23.8
148740,24.8
148800,23.8
148860,24.4
148920,23.0
148980,25.2
149040,24.2
149100,23.2
149160,23.4
149220,23.8
149280,23.6
149340,23.8
149400,24.2
149460,24.8
149520,24.8
149580,23.6
149640,23.0
149700,23.4
149760,25.4
149820,25.6
149880,24.8
149940,25.2
150000,24.6
150060,24.4
150120,25.6
150180,23.0
150240,25.2
150300,24.8
150360,24.8
150420,23.8
150480,24.2
150540,24.2
150600,25.2
150660,24.4
150720,24.8
150780,24.8
150840,24.2
150900,24.0
150960,24.8
151020,24.8
151080,24.2
151140,24.4
151200,23.8
151260,25.6
151320,25.6
151380,24.2
151440,24.4
151500,24.4
151560,23.8
151620,24.8
151680,24.6
151740,25.6
151800,25.4
151860,25.6
151920,25.0
151980,24.6
152040,24.2
152100,24.4
152160,24.2
152220,24.4
152280,25.6
152340,25.0
152400,25.4
152460,24.6
152520,24.0
152580,25.8
152640,24.8
152700,23.8
152760,24.4
152820,26.0
152880,25.0
152940,25.0
153000,23.8
153060,23.4
153120,23.4
153180,24.4
153240,23.0
153300,23.6
153360,23.4
153420,24.2
153480,24.8
153540,25.4
153600,25.2
153660,24.0
153720,22.8
153780,25.0
153840,25.0
153900,27.2
153960,24.2
154020,25.6
154080,26.0
154140,24.2
154200,24.8
154260,25.2
154320,25.4
154380,24.0
154440,24.4
154500,26.2
154560,24.4
154620,24.2
154680,25.0
154740,25.0
154800,25.2
154860,24.8
154920,25.2
154980,24.6
155040,25.6
155100,24.6
155160,26.0
155220,25.6
155280,25.2
155340,26.6
155400,25.0
155460,24.0
155520,23.6
155580,25.6
155640,26.8
155700,26.2
155760,24.2
155820,25.2
155880,25.6
155940,26.2
156000,24.6
156060,25.0
156120,24.2
156180,25.0
156240,24.8
156300,22.4
156360,24.2
156420,24.2
156480,24.0
156540,23.0
156600,25.6
156660,24.4
156720,24.4
156780,25.8
156840,25.4
156900,25.0
156960,24.8
157020,24.6
157080,24.4
157140,24.8
157200,22.6
157260,25.0
157320,25.8
157380,24.6
157440,25.8
157500,24.8
157560,24.4
157620,24.4
157680,25.2
157740,24.2
157800,23.4
157860,23.6
157920,22.0
157980,25.2
158040,23.2
158100,23.8
158160,23.4
158220,23.0
158280,23.0
158340,23.2
158400,23.8
158460,24.0
158520,23.4
158580,24.2
158640,24.0
158700,23.8
158760,23.2
158820,24.0
158880,24.2
158940,24.2
159000,23.6
159060,22.6
159120,24.4
159180,25.2
159240,24.6
159300,24.0
159360,25.4
159420,25.6
159480,22.2
159540,25.0
159600,23.6
159660,24.0
159720,23.6
159780,24.4
159840,23.4
159900,22.2
159960,24.4
160020,24.6
160080,24.8
160140,21.8
160200,22.6
160260,22.2
160320,24.2
160380,22.2
160440,24.2
160500,22.8
160560,22.8
160620,24.6
160680,22.8
160740,24.8
160800,25.2
160860,25.2
160920,24.2
160980,24.6
161040,23.8
161100,24.4
161160,24.8
161220,24.6
161280,24.2
161340,26.0
161400,25.6
161460,24.6
161520,22.8
161580,23.4
161640,24.0
161700,23.2
161760,23.0
161820,22.8
161880,22.6
161940,23.4
162000,23.0
162060,24.4
162120,22.6
162180,24.8
162240,24.2
162300,23.4
162360,25.8
162420,24.6
162480,24.8
162540,23.6
162600,25.6
162660,25.2
162720,24.4
162780,24.2
162840,24.4
162900,23.8
162960,24.4
163020,24.2
163080,23.6
163140,24.8
163200,24.2
163260,23.8
163320,25.6
163380,23.0
163440,24.2
163500,26.2
163560,24.8
163620,24.0
163680,25.0
163740,26.2
163800,24.8
163860,25.0
163920,24.4
163980,25.0
164040,26.6
164100,25.0
164160,24.6
164220,26.2
164280,23.6
164340,24.0
164400,25.8
164460,25.8
164520,23.8
164580,23.2
164640,23.2
164700,24.2
164760,24.0
164820,24.0
164880,22.8
164940,22.4
165000,23.0
165060,23.2
165120,22.8
165180,22.6
165240,24.0
165300,23.2
165360,23.8
165420,23.6
165480,22.6
165540,23.6
165600,24.2
165660,23.6
165720,23.6
165780,24.0
165840,23.6
165900,23.4
165960,24.0
166020,23.6
166080,23.4
166140,23.8
166200,24.2
166260,25.6
166320,23.8
166380,23.6
166440,24.2
166500,23.4
166560,23.0
166620,23.4
166680,23.6
166740,24.2
166800,23.8
166860,22.2
166920,23.6
166980,22.8
167040,23.6
167100,21.8
167160,24.2
167220,22.8
167280,23.4
167340,23.8
167400,23.8
167460,24.0
167520,24.8
167580,22.8
167640,23.8
167700,24.8
167760,22.6
167820,23.4
167880,23.2
167940,21.8
168000,24.4
168060,24.6
168120,23.4
168180,24.6
168240,24.6
168300,24.6
168360,24.6
168420,22.6
168480,23.4
168540,22.8
168600,24.6
168660,23.2
168720,23.2
168780,24.6
168840,25.4
168900,25.0
168960,25.6
169020,27.4
169080,26.2
169140,25.6
169200,26.2
169260,24.6
169320,24.4
169380,25.0
169440,26.2
169500,24.2
169560,25.0
169620,24.4
169680,25.0
169740,23.4
169800,26.4
169860,24.2
169920,27.0
169980,25.4
170040,24.8
170100,26.4
170160,24.6
170220,24.0
170280,26.2
170340,24.2
170400,24.2
170460,24.6
170520,25.6
170580,23.6
170640,23.8
170700,26.2
170760,24.2
170820,23.4
170880,25.2
170940,25.2
171000,24.2
171060,24.4
171120,24.2
171180,25.4
171240,25.4
171300,23.8
171360,24.2
171420,24.0
171480,22.6
171540,23.0
171600,24.0
171660,23.6
171720,23.4
171780,23.4
171840,24.4
171900,23.2
171960,23.6
172020,25.6
172080,22.8
172140,22.8
172200,23.2
172260,23.8
172320,22.6
172380,24.4
172440,24.2
172500,23.8
172560,22.4
172620,22.0
172680,23.4
172740,23.0
172800,23.6
172860,24.6
172920,23.0
172980,24.6
173040,24.4
173100,24.0
173160,23.6
173220,24.4
173280,23.0
173340,22.8
173400,25.6
173460,24.2
173520,22.8
173580,23.4
173640,22.8
173700,23.8
173760,23.6
173820,23.8
173880,23.8
173940,25.4
174000,24.0
174060,23.8
174120,24.8
174180,24.8
174240,25.2
174300,24.4
174360,24.8
174420,24.6
174480,23.4
174540,25.0
174600,24.8
174660,24.4
174720,24.0
174780,25.4
174840,25.8
174900,24.6
174960,24.4
175020,24.0
175080,25.2
175140,23.6
175200,26.0
175260,24.8
175320,25.2
175380,24.8
175440,25.0
175500,23.6
175560,25.2
175620,24.0
175680,24.6
175740,25.0
175800,24.4
175860,24.8
175920,24.8
175980,25.6
176040,25.4
176100,25.2
176160,24.8
176220,24.6
176280,24.4
176340,23.8
176400,24.6
176460,23.6
176520,24.6
176580,24.8
176640,26.2
176700,25.0
176760,25.4
176820,23.6
176880,24.8
176940,27.0
177000,25.6
177060,25.0
177120,23.8
177180,24.4
177240,26.0
177300,23.8
177360,24.4
177420,24.4
177480,24.6
177540,24.0
177600,24.6
177660,24.0
177720,23.8
177780,25.6
177840,22.4
177900,25.0
177960,23.8
178020,24.0
178080,23.8
178140,25.2
178200,25.4
178260,25.2
178320,23.0
178380,24.6
178440,23.2
178500,24.0
178560,23.6
178620,23.6
178680,24.0
178740,24.8
178800,25.6
178860,23.6
178920,23.0
178980,24.4
179040,24.6
179100,22.4
179160,24.0
179220,23.4
179280,25.4
179340,25.0
179400,24.6
179460,23.8
179520,24.0
179580,22.4
179640,23.0
179700,22.8
179760,24.2
179820,23.2
179880,24.0
179940,22.0
180000,22.6
