#Steps,score
60,0.8
120,1.4
180,1.4
240,0.6
300,1.0
360,1.8
420,1.2
480,0.8
540,0.6
600,1.2
660,0.6
720,1.0
780,1.6
840,1.8
900,1.2
960,1.0
1020,0.4
1080,0.8
1140,1.2
1200,1.2
1260,1.4
1320,1.0
1380,1.2
1440,0.8
1500,1.6
1560,1.0
1620,0.8
1680,1.6
1740,1.0
1800,1.6
1860,0.8
1920,1.2
1980,0.8
2040,0.8
2100,0.8
2160,0.4
2220,1.8
2280,1.8
2340,1.0
2400,1.0
2460,1.2
2520,0.8
2580,1.6
2640,1.2
2700,1.0
2760,2.0
2820,1.6
2880,1.2
2940,1.6
3000,1.4
3060,1.4
3120,1.2
3180,1.2
3240,1.2
3300,1.4
3360,1.0
3420,1.4
3480,1.0
3540,2.2
3600,1.0
3660,1.8
3720,0.6
3780,0.8
3840,1.0
3900,0.8
3960,1.6
4020,1.8
4080,2.2
4140,1.0
4200,1.4
4260,1.6
4320,1.2
4380,1.6
4440,2.0
4500,1.8
4560,1.0
4620,1.6
4680,1.4
4740,1.2
4800,1.2
4860,0.8
4920,1.2
4980,1.8
5040,1.6
5100,0.2
5160,0.4
5220,0.6
5280,1.2
5340,1.6
5400,2.4
5460,2.6
5520,1.0
5580,1.6
5640,1.2
5700,2.2
5760,1.2
5820,1.4
5880,2.2
5940,1.4
6000,0.8
6060,1.6
6120,1.2
6180,1.8
6240,0.8
6300,1.4
6360,1.4
6420,1.2
6480,1.0
6540,2.0
6600,1.2
6660,1.8
6720,1.4
6780,1.4
6840,1.0
6900,2.2
6960,0.8
7020,1.0
7080,2.2
7140,1.2
7200,1.6
7260,2.2
7320,2.0
7380,1.2
7440,1.6
7500,1.6
7560,2.0
7620,2.2
7680,2.0
7740,2.2
7800,1.6
7860,1.2
7920,2.4
7980,1.6
8040,3.2
8100,1.8
8160,2.2
8220,1.8
8280,3.6
8340,1.4
8400,3.6
8460,1.6
8520,3.6
8580,2.6
8640,3.2
8700,2.6
8760,3.8
8820,3.8
8880,3.8
8940,4.2
9000,6.6
9060,8.2
9120,9.4
9180,10.2
9240,13.4
9300,14.8
9360,18.6
9420,20.6
9480,21.8
9540,20.2
9600,19.8
9660,20.4
9720,18.2
9780,20.2
9840,20.4
9900,19.6
9960,19.4
10020,20.2
10080,21.2
10140,21.6
10200,22.2
10260,22.4
10320,21.4
10380,22.4
10440,22.4
10500,22.8
10560,22.0
10620,23.4
10680,21.0
10740,23.4
10800,23.2
10860,23.4
10920,22.0
10980,21.8
11040,20.8
11100,21.8
11160,22.4
11220,22.8
11280,22.6
11340,23.0
11400,24.6
11460,22.2
11520,23.2
11580,21.8
11640,23.4
11700,21.8
11760,23.4
11820,22.4
11880,22.4
11940,23.4
12000,22.2
12060,23.2
12120,23.0
12180,23.8
12240,22.6
12300,24.2
12360,23.8
12420,24.8
12480,24.6
12540,23.6
12600,23.6
12660,24.4
12720,23.4
12780,23.2
12840,22.6
12900,23.8
12960,23.8
13020,23.8
13080,24.6
13140,23.6
13200,25.0
13260,23.4
13320,24.8
13380,24.4
13440,25.2
13500,23.8
13560,25.2
13620,23.4
13680,23.2
13740,25.6
13800,23.8
13860,23.8
13920,24.2
13980,25.4
14040,25.2
14100,23.4
14160,24.0
14220,23.2
14280,24.4
14340,25.8
14400,23.8
14460,22.8
14520,22.6
14580,23.8
14640,23.6
14700,23.4
14760,22.6
14820,24.0
14880,22.0
14940,24.0
15000,21.8
15060,22.6
15120,23.4
15180,23.0
15240,23.0
15300,25.0
15360,23.8
15420,24.0
15480,23.2
15540,23.0
15600,24.0
15660,23.6
15720,22.6
15780,23.6
15840,24.0
15900,23.8
15960,23.4
16020,24.0
16080,23.4
16140,24.6
16200,24.2
16260,25.6
16320,24.0
16380,24.6
16440,23.0
16500,24.6
16560,24.2
16620,23.6
16680,23.4
16740,23.8
16800,24.6
16860,23.4
16920,22.6
16980,24.0
17040,25.8
17100,25.8
17160,24.0
17220,23.8
17280,24.8
17340,23.8
17400,24.2
17460,23.8
17520,23.2
17580,23.4
17640,23.8
17700,24.4
17760,24.4
17820,24.4
17880,24.4
17940,23.2
18000,23.0
18060,22.4
18120,23.8
18180,23.8
18240,22.0
18300,23.0
18360,23.2
18420,23.2
18480,22.6
18540,23.8
18600,22.6
18660,24.0
18720,23.2
18780,23.6
18840,24.6
18900,23.4
18960,25.0
19020,24.2
19080,25.2
19140,24.0
19200,24.4
19260,25.4
19320,23.8
19380,24.4
19440,24.4
19500,24.2
19560,24.2
19620,24.0
19680,25.4
19740,22.8
19800,24.6
19860,25.6
19920,25.4
19980,24.2
20040,24.6
20100,25.0
20160,24.6
20220,24.8
20280,23.0
20340,25.8
20400,23.8
20460,23.8
20520,23.0
20580,23.2
20640,24.6
20700,23.8
20760,23.8
20820,24.0
20880,24.0
20940,23.8
21000,24.0
21060,23.0
21120,23.6
21180,23.0
21240,24.4
21300,23.4
21360,22.8
21420,23.4
21480,21.2
21540,23.0
21600,24.0
21660,23.2
21720,22.6
21780,23.6
21840,23.4
21900,24.2
21960,23.8
22020,23.6
22080,22.8
22140,22.6
22200,24.6
22260,23.8
22320,24.2
22380,22.6
22440,22.4
22500,23.8
22560,23.8
22620,23.0
22680,24.8
22740,24.2
22800,24.2
22860,23.4
22920,22.6
22980,25.0
23040,25.4
23100,24.8
23160,24.0
23220,24.6
23280,23.2
23340,24.0
23400,23.6
23460,24.6
23520,23.8
23580,23.6
23640,23.8
23700,23.4
23760,24.0
23820,25.6
23880,25.2
23940,24.0
24000,23.4
24060,23.2
24120,24.4
24180,24.4
24240,23.8
24300,25.6
24360,23.4
24420,24.2
24480,25.8
24540,23.2
24600,25.0
24660,23.8
24720,25.0
24780,23.0
24840,24.8
24900,23.4
24960,23.6
25020,24.2
25080,23.6
25140,25.2
25200,24.8
25260,22.8
25320,24.2
25380,23.8
25440,23.0
25500,25.0
25560,23.2
25620,24.2
25680,24.4
25740,25.0
25800,25.6
25860,25.0
25920,23.0
25980,26.6
26040,26.0
26100,24.8
26160,23.8
26220,24.8
26280,24.6
26340,23.6
26400,22.0
26460,24.2
26520,24.6
26580,23.4
26640,22.8
26700,25.0
26760,24.4
26820,22.8
26880,24.2
26940,23.4
27000,23.0
27060,23.0
27120,22.4
27180,22.6
27240,24.0
27300,24.4
27360,22.0
27420,24.8
27480,24.8
27540,24.2
27600,22.6
27660,23.8
27720,23.0
27780,21.8
27840,23.6
27900,23.2
27960,23.2
28020,24.8
28080,24.2
28140,23.6
28200,24.0
28260,24.4
28320,24.6
28380,24.2
28440,24.8
28500,25.2
28560,24.0
28620,23.4
28680,24.0
28740,25.0
28800,23.0
28860,24.6
28920,23.0
28980,24.2
29040,25.2
29100,24.0
29160,23.4
29220,24.2
29280,23.6
29340,25.6
29400,24.8
29460,22.2
29520,22.8
29580,23.2
29640,24.0
29700,25.2
29760,22.0
29820,23.2
29880,23.4
29940,24.2
30000,22.8
30060,25.2
30120,26.2
30180,25.6
30240,24.8
30300,23.8
30360,24.8
30420,23.4
30480,22.4
30540,21.8
30600,23.2
30660,23.4
30720,23.8
30780,23.8
30840,24.2
30900,25.0
30960,24.0
31020,22.8
31080,25.2
31140,24.2
31200,23.8
31260,23.6
31320,24.6
31380,24.0
31440,23.6
31500,22.2
31560,25.6
31620,24.6
31680,23.2
31740,24.2
31800,23.4
31860,22.2
31920,23.4
31980,23.0
32040,24.0
32100,24.8
32160,24.0
32220,24.0
32280,24.2
32340,25.2
32400,23.6
32460,24.4
32520,23.4
32580,23.2
32640,22.2
32700,23.8
32760,23.8
32820,22.4
32880,24.4
32940,23.2
33000,23.6
33060,23.6
33120,26.0
33180,22.4
33240,24.2
33300,24.0
33360,25.2
33420,24.6
33480,23.2
33540,23.6
33600,25.4
33660,22.6
33720,23.8
33780,24.8
33840,22.8
33900,24.8
33960,23.4
34020,23.6
34080,24.2
34140,24.0
34200,24.6
34260,23.2
34320,24.0
34380,24.6
34440,21.8
34500,23.0
34560,22.2
34620,23.0
34680,21.0
34740,22.2
34800,21.4
34860,24.2
34920,23.0
34980,25.2
35040,24.4
35100,24.0
35160,24.0
35220,24.4
35280,24.8
35340,22.8
35400,23.4
35460,23.6
35520,23.6
35580,24.8
35640,24.2
35700,25.0
35760,23.2
35820,24.8
35880,21.8
35940,22.6
36000,25.2
36060,24.6
36120,23.0
36180,22.6
36240,22.2
36300,22.4
36360,23.8
36420,24.6
36480,22.4
36540,24.2
36600,21.6
36660,21.2
36720,22.4
36780,22.4
36840,23.0
36900,22.4
36960,24.8
37020,24.2
37080,22.2
37140,23.6
37200,22.4
37260,23.6
37320,24.2
37380,22.4
37440,23.6
37500,23.4
37560,22.8
37620,23.8
37680,23.6
37740,23.8
37800,21.2
37860,24.6
37920,23.0
37980,23.8
38040,24.4
38100,22.2
38160,24.6
38220,24.2
38280,23.6
38340,23.6
38400,24.2
38460,22.8
38520,23.2
38580,23.0
38640,24.2
38700,23.4
38760,23.2
38820,24.0
38880,23.8
38940,23.6
39000,23.6
39060,23.4
39120,21.6
39180,23.0
39240,22.6
39300,23.6
39360,23.0
39420,24.4
39480,24.2
39540,25.6
39600,25.0
39660,25.0
39720,23.4
39780,23.8
39840,23.8
39900,23.0
39960,24.6
40020,24.6
40080,24.4
40140,26.2
40200,24.6
40260,24.6
40320,25.4
40380,24.8
40440,24.2
40500,24.8
40560,24.6
40620,24.4
40680,24.4
40740,24.4
40800,24.0
40860,24.2
40920,23.6
40980,24.8
41040,23.8
41100,23.0
41160,25.0
41220,24.0
41280,23.4
41340,23.8
41400,25.0
41460,22.8
41520,23.6
41580,25.0
41640,23.6
41700,22.8
41760,22.8
41820,23.2
41880,22.4
41940,23.4
42000,22.4
42060,23.0
42120,23.8
42180,23.0
42240,24.0
42300,23.8
42360,23.8
42420,23.6
42480,22.2
42540,23.2
42600,23.8
42660,22.6
42720,23.2
42780,22.8
42840,23.8
42900,24.2
42960,24.2
43020,24.2
43080,23.0
43140,24.8
43200,23.6
43260,24.2
43320,22.0
43380,23.4
43440,23.4
43500,23.6
43560,22.6
43620,23.6
43680,24.8
43740,22.4
43800,22.8
43860,24.8
43920,23.8
43980,24.6
44040,25.4
44100,25.2
44160,23.6
44220,23.8
44280,24.6
44340,24.2
44400,24.2
44460,23.8
44520,24.0
44580,24.6
44640,24.6
44700,24.4
44760,25.0
44820,23.0
44880,23.0
44940,23.6
45000,23.6
