#Steps,score
60,1.4
120,1.2
180,0.6
240,0.0
300,1.6
360,0.8
420,1.6
480,1.0
540,1.2
600,0.8
660,1.0
720,0.8
780,1.4
840,2.0
900,1.2
960,0.8
1020,1.2
1080,1.0
1140,0.6
1200,0.4
1260,0.6
1320,0.6
1380,2.0
1440,0.6
1500,1.0
1560,1.0
1620,0.6
1680,0.8
1740,1.0
1800,0.8
1860,1.6
1920,0.8
1980,0.6
2040,1.0
2100,2.2
2160,0.8
2220,0.8
2280,1.2
2340,2.0
2400,0.6
2460,1.2
2520,0.4
2580,2.2
2640,1.0
2700,1.2
2760,1.8
2820,1.0
2880,1.4
2940,1.0
3000,0.6
3060,0.8
3120,1.0
3180,1.6
3240,1.6
3300,1.0
3360,2.0
3420,0.6
3480,0.8
3540,1.0
3600,0.6
3660,0.4
3720,0.6
3780,1.6
3840,1.0
3900,1.0
3960,0.6
4020,0.6
4080,1.6
4140,0.8
4200,1.4
4260,1.6
4320,1.8
4380,0.6
4440,0.6
4500,1.0
4560,1.0
4620,0.8
4680,1.0
4740,0.2
4800,0.6
4860,1.0
4920,1.2
4980,1.4
5040,1.6
5100,1.0
5160,1.2
5220,0.8
5280,1.0
5340,1.2
5400,1.0
5460,1.6
5520,1.4
5580,0.8
5640,1.0
5700,1.0
5760,1.2
5820,1.4
5880,1.4
5940,1.2
6000,2.2
6060,1.2
6120,0.4
6180,1.4
6240,1.2
6300,0.2
6360,1.2
6420,1.0
6480,0.8
6540,0.8
6600,1.0
6660,1.4
6720,1.0
6780,1.2
6840,1.6
6900,0.8
6960,2.0
7020,0.6
7080,1.4
7140,1.4
7200,1.2
7260,0.8
7320,1.0
7380,1.0
7440,1.8
7500,1.2
7560,1.0
7620,1.6
7680,0.6
7740,1.2
7800,1.4
7860,0.2
7920,0.2
7980,1.6
8040,1.4
8100,0.6
8160,1.2
8220,1.2
8280,0.6
8340,1.8
8400,1.2
8460,1.2
8520,0.6
8580,2.0
8640,1.2
8700,1.8
8760,0.8
8820,1.6
8880,1.6
8940,1.8
9000,0.6
9060,0.6
9120,0.2
9180,1.2
9240,1.0
9300,1.6
9360,1.2
9420,1.8
9480,1.2
9540,0.8
9600,1.4
9660,1.0
9720,0.8
9780,1.2
9840,2.2
9900,0.6
9960,1.8
10020,1.4
10080,1.8
10140,1.4
10200,1.8
10260,0.6
10320,0.4
10380,0.4
10440,0.4
10500,0.4
10560,1.2
10620,1.2
10680,0.6
10740,0.4
10800,1.6
10860,0.8
10920,0.6
10980,1.4
11040,1.0
11100,0.8
11160,1.0
11220,0.6
11280,1.2
11340,1.6
11400,0.8
11460,1.0
11520,0.8
11580,1.0
11640,1.8
11700,1.8
11760,1.2
11820,1.0
11880,2.2
11940,1.6
12000,1.6
12060,2.2
12120,0.6
12180,1.6
12240,1.2
12300,1.4
12360,0.6
12420,1.6
12480,1.2
12540,1.2
12600,1.8
12660,0.6
12720,1.0
12780,1.2
12840,0.6
12900,1.0
12960,1.0
13020,1.0
13080,1.8
13140,1.2
13200,1.0
13260,1.0
13320,1.0
13380,1.0
13440,1.2
13500,0.8
13560,0.4
13620,2.0
13680,0.6
13740,1.8
13800,1.8
13860,0.8
13920,1.8
13980,1.4
14040,0.8
14100,1.0
14160,1.2
14220,2.0
14280,2.0
14340,1.2
14400,2.0
14460,1.6
14520,1.2
14580,1.0
14640,0.6
14700,1.6
14760,1.0
14820,1.0
14880,1.6
14940,1.0
15000,0.8
15060,1.6
15120,0.4
15180,0.8
15240,1.0
15300,1.0
15360,1.8
15420,1.4
15480,0.8
15540,1.2
15600,0.6
15660,1.4
15720,1.8
15780,1.6
15840,1.2
15900,1.8
15960,1.2
16020,1.2
16080,1.8
16140,2.4
16200,1.2
16260,1.6
16320,1.6
16380,1.6
16440,1.0
16500,1.0
16560,2.2
16620,1.2
16680,1.6
16740,0.6
16800,1.6
16860,1.6
16920,1.0
16980,1.2
17040,1.4
17100,1.0
17160,2.4
17220,1.4
17280,1.0
17340,2.0
17400,0.8
17460,0.8
17520,0.8
17580,0.4
17640,1.0
17700,1.2
17760,0.6
17820,1.0
17880,1.6
17940,1.2
18000,1.6
18060,1.4
18120,0.4
18180,1.6
18240,1.0
18300,0.6
18360,0.6
18420,1.0
18480,1.2
18540,0.6
18600,1.4
18660,1.6
18720,1.4
18780,1.8
18840,1.2
18900,1.4
18960,1.2
19020,1.6
19080,1.0
19140,1.4
19200,1.0
19260,0.8
19320,1.2
19380,1.2
19440,1.0
19500,1.2
19560,1.4
19620,1.8
19680,0.8
19740,0.8
19800,0.8
19860,0.8
19920,1.6
19980,1.0
20040,1.0
20100,1.2
20160,1.2
20220,0.6
20280,1.2
20340,1.2
20400,1.0
20460,0.6
20520,1.6
20580,0.4
20640,1.6
20700,0.6
20760,0.6
20820,1.4
20880,2.0
20940,1.2
21000,1.2
21060,1.4
21120,1.6
21180,1.0
21240,1.6
21300,0.8
21360,1.6
21420,1.0
21480,0.6
21540,0.8
21600,2.0
21660,1.4
21720,1.2
21780,0.8
21840,1.4
21900,1.8
21960,1.0
22020,1.2
22080,1.0
22140,1.2
22200,2.2
22260,1.0
22320,1.4
22380,1.2
22440,1.2
22500,0.6
22560,1.0
22620,0.6
22680,1.6
22740,1.6
22800,0.8
22860,0.4
22920,0.6
22980,0.6
23040,1.8
23100,1.2
23160,1.2
23220,1.0
23280,1.0
23340,0.6
23400,1.8
23460,1.6
23520,0.8
23580,1.4
23640,1.0
23700,0.8
23760,1.4
23820,1.0
23880,0.8
23940,1.6
24000,1.2
24060,0.8
24120,0.8
24180,1.2
24240,1.8
24300,1.6
24360,2.0
24420,1.6
24480,1.4
24540,2.4
24600,1.2
24660,1.8
24720,1.2
24780,2.0
24840,0.6
24900,1.0
24960,0.2
25020,1.2
25080,1.4
25140,1.0
25200,2.6
25260,1.4
25320,1.2
25380,1.0
25440,1.0
25500,1.8
25560,0.6
25620,0.6
25680,2.2
25740,1.0
25800,0.6
25860,1.4
25920,2.0
25980,1.4
26040,1.2
26100,1.4
26160,1.2
26220,2.0
26280,1.4
26340,1.4
26400,0.6
26460,0.8
26520,1.0
26580,1.0
26640,1.2
26700,1.6
26760,2.0
26820,1.8
26880,1.0
26940,1.4
27000,1.6
27060,1.2
27120,0.4
27180,1.6
27240,2.4
27300,0.8
27360,2.0
27420,2.2
27480,0.4
27540,1.6
27600,1.6
27660,0.8
27720,1.8
27780,1.4
27840,1.0
27900,1.4
27960,1.4
28020,1.4
28080,1.8
28140,1.0
28200,1.4
28260,1.6
28320,1.6
28380,1.4
28440,1.6
28500,1.2
28560,1.8
28620,1.0
28680,0.8
28740,1.2
28800,1.2
28860,0.4
28920,1.4
28980,0.6
29040,1.4
29100,0.6
29160,1.0
29220,1.2
29280,1.4
29340,1.0
29400,1.0
29460,1.4
29520,0.8
29580,1.2
29640,1.0
29700,1.2
29760,1.2
29820,1.0
29880,1.2
29940,1.6
30000,2.0
30060,1.6
30120,1.2
30180,1.4
30240,1.2
30300,1.6
30360,0.8
30420,2.0
30480,2.2
30540,0.6
30600,1.4
30660,1.6
30720,1.2
30780,1.2
30840,2.0
30900,1.2
30960,1.2
31020,0.8
31080,1.4
31140,1.0
31200,2.0
31260,1.2
31320,1.8
31380,1.6
31440,1.0
31500,0.6
31560,1.8
31620,1.0
31680,1.6
31740,0.6
31800,0.8
31860,0.8
31920,2.4
31980,1.4
32040,1.2
32100,1.6
32160,1.0
32220,1.8
32280,2.4
32340,1.8
32400,2.2
32460,0.2
32520,1.0
32580,1.0
32640,0.4
32700,1.2
32760,1.2
32820,1.2
32880,1.4
32940,0.4
33000,1.4
33060,1.6
33120,1.2
33180,2.0
33240,0.6
33300,0.6
33360,0.6
33420,0.8
33480,2.2
33540,0.6
33600,1.2
33660,2.0
33720,1.4
33780,0.4
33840,1.2
33900,1.8
33960,0.6
34020,1.8
34080,1.0
34140,1.6
34200,1.4
34260,1.6
34320,1.2
34380,1.6
34440,0.8
34500,1.4
34560,1.8
34620,2.2
34680,1.4
34740,1.2
34800,1.4
34860,1.2
34920,1.6
34980,1.2
35040,0.6
35100,1.0
35160,1.6
35220,1.0
35280,1.2
35340,1.0
35400,2.0
35460,0.8
35520,1.2
35580,1.0
35640,1.2
35700,1.4
35760,1.4
35820,1.0
35880,1.0
35940,1.8
36000,2.0
36060,1.0
36120,1.6
36180,1.2
36240,1.8
36300,1.6
36360,0.8
36420,1.0
36480,2.2
36540,1.2
36600,2.0
36660,0.8
36720,1.2
36780,1.2
36840,1.4
36900,1.6
36960,1.0
37020,1.2
37080,1.0
37140,0.6
37200,1.4
37260,1.6
37320,1.0
37380,0.8
37440,2.0
37500,2.2
37560,0.8
37620,1.0
37680,1.6
37740,1.0
37800,0.8
37860,1.8
37920,2.2
37980,1.2
38040,1.2
38100,1.2
38160,2.0
38220,2.4
38280,1.4
38340,1.0
38400,1.2
38460,1.0
38520,2.0
38580,1.2
38640,1.4
38700,1.4
38760,2.8
38820,1.4
38880,1.8
38940,1.0
39000,2.2
39060,2.2
39120,1.2
39180,0.8
39240,1.8
39300,1.4
39360,1.2
39420,1.0
39480,1.6
39540,1.4
39600,1.8
39660,1.6
39720,2.6
39780,2.2
39840,1.4
39900,1.8
39960,1.2
40020,2.2
40080,1.4
40140,1.4
40200,1.6
40260,1.8
40320,2.4
40380,2.0
40440,1.4
40500,1.8
40560,1.0
40620,2.0
40680,0.8
40740,1.2
40800,1.2
40860,1.4
40920,1.6
40980,2.2
41040,1.4
41100,1.4
41160,1.2
41220,1.8
41280,2.4
41340,1.6
41400,1.8
41460,2.0
41520,1.6
41580,1.6
41640,2.8
41700,3.4
41760,1.6
41820,1.0
41880,1.8
41940,1.8
42000,1.0
42060,1.2
42120,1.2
42180,1.2
42240,1.4
42300,1.4
42360,2.2
42420,1.2
42480,2.4
42540,1.2
42600,1.4
42660,2.0
42720,1.8
42780,0.8
42840,1.4
42900,2.0
42960,1.2
43020,2.0
43080,2.0
43140,1.2
43200,1.8
43260,1.2
43320,1.8
43380,1.0
43440,1.2
43500,1.2
43560,1.6
43620,1.4
43680,1.2
43740,1.8
43800,2.2
43860,2.2
43920,1.4
43980,1.2
44040,1.6
44100,1.4
44160,1.8
44220,0.8
44280,2.0
44340,1.4
44400,1.8
44460,2.4
44520,1.4
44580,1.4
44640,1.6
44700,1.4
44760,2.4
44820,2.2
44880,1.0
44940,2.4
45000,0.6
45060,2.0
45120,1.6
45180,2.2
45240,1.6
45300,0.6
45360,1.8
45420,1.2
45480,2.2
45540,1.4
45600,1.2
45660,1.0
45720,2.4
45780,1.4
45840,2.0
45900,1.0
45960,1.4
46020,1.2
46080,0.6
46140,2.0
46200,1.6
46260,1.6
46320,2.0
46380,2.0
46440,1.0
46500,1.2
46560,1.4
46620,1.6
46680,2.6
46740,1.0
46800,2.4
46860,1.8
46920,2.0
46980,1.6
47040,1.2
47100,0.6
47160,1.2
47220,1.2
47280,0.6
47340,1.2
47400,1.6
47460,2.6
47520,2.2
47580,1.2
47640,1.2
47700,1.2
47760,0.6
47820,1.2
47880,1.4
47940,1.4
48000,1.6
48060,1.0
48120,1.6
48180,1.4
48240,1.2
48300,1.4
48360,1.8
48420,1.0
48480,1.2
48540,1.0
48600,1.2
48660,1.8
48720,1.8
48780,1.2
48840,2.4
48900,1.8
48960,1.6
49020,1.0
49080,1.6
49140,1.6
49200,1.6
49260,2.2
49320,1.4
49380,1.4
49440,1.4
49500,1.2
49560,1.4
49620,1.6
49680,1.6
49740,2.2
49800,2.8
49860,1.8
49920,2.0
49980,2.6
50040,2.0
50100,1.4
50160,2.2
50220,2.6
50280,2.0
50340,2.2
50400,1.6
50460,1.6
50520,2.0
50580,2.4
50640,1.6
50700,1.2
50760,1.4
50820,1.2
50880,1.2
50940,0.6
51000,1.6
51060,1.2
51120,1.8
51180,0.8
51240,1.2
51300,2.0
51360,2.4
51420,1.6
51480,2.2
51540,0.8
51600,2.6
51660,1.6
51720,2.4
51780,2.2
51840,1.2
51900,2.0
51960,1.0
52020,3.0
52080,2.2
52140,2.2
52200,1.2
52260,2.8
52320,1.8
52380,2.2
52440,1.8
52500,1.8
52560,0.6
52620,0.8
52680,1.6
52740,2.2
52800,1.2
52860,1.8
52920,1.4
52980,2.0
53040,1.4
53100,2.0
53160,1.2
53220,1.8
53280,2.0
53340,1.0
53400,1.0
53460,2.4
53520,1.8
53580,2.2
53640,1.4
53700,1.8
53760,2.2
53820,1.2
53880,0.8
53940,1.2
54000,1.4
54060,2.2
54120,2.4
54180,2.2
54240,1.2
54300,1.0
54360,2.2
54420,1.4
54480,2.0
54540,0.4
54600,2.0
54660,1.4
54720,1.4
54780,1.8
54840,2.0
54900,2.4
54960,2.2
55020,1.0
55080,2.8
55140,1.8
55200,0.8
55260,2.4
55320,1.6
55380,1.8
55440,1.0
55500,1.2
55560,1.8
55620,1.4
55680,2.2
55740,3.4
55800,1.8
55860,1.4
55920,1.4
55980,1.8
56040,1.8
56100,1.8
56160,1.2
56220,2.2
56280,1.4
56340,1.6
56400,1.8
56460,1.2
56520,1.2
56580,1.8
56640,1.0
56700,1.2
56760,2.4
56820,1.2
56880,2.0
56940,1.6
57000,2.2
57060,0.8
57120,1.0
57180,1.0
57240,1.4
57300,0.6
57360,1.2
57420,2.2
57480,1.6
57540,1.2
57600,1.4
57660,1.2
57720,1.4
57780,2.0
57840,2.2
57900,2.6
57960,1.4
58020,0.6
58080,2.0
58140,1.2
58200,2.4
58260,2.2
58320,2.4
58380,2.4
58440,2.2
58500,2.6
58560,3.0
58620,2.4
58680,2.0
58740,2.6
58800,2.4
58860,2.0
58920,3.2
58980,3.0
59040,2.2
59100,2.8
59160,3.2
59220,2.8
59280,2.0
59340,2.4
59400,3.4
59460,3.2
59520,2.4
59580,1.6
59640,3.8
59700,1.8
59760,2.0
59820,1.6
59880,2.8
59940,2.2
60000,1.6
60060,1.6
60120,1.4
60180,1.2
60240,1.4
60300,1.6
60360,2.2
60420,1.2
60480,1.8
60540,2.2
60600,1.8
60660,1.8
60720,2.0
60780,2.2
60840,1.4
60900,2.0
60960,1.0
61020,1.4
61080,1.0
61140,1.8
61200,1.4
61260,1.0
61320,2.6
61380,1.0
61440,1.0
61500,1.2
61560,1.2
61620,2.0
61680,1.6
61740,2.0
61800,0.6
61860,0.6
61920,1.6
61980,1.8
62040,0.8
62100,1.0
62160,1.8
62220,0.8
62280,1.2
62340,1.6
62400,2.6
62460,2.4
62520,1.2
62580,1.0
62640,1.8
62700,2.6
62760,1.2
62820,2.2
62880,2.4
62940,1.4
63000,1.6
63060,1.2
63120,1.2
63180,2.0
63240,1.8
63300,2.6
63360,2.4
63420,1.4
63480,2.6
63540,2.0
63600,1.6
63660,1.4
63720,2.2
63780,1.2
63840,2.4
63900,0.8
63960,2.2
64020,0.8
64080,0.6
64140,1.8
64200,0.8
64260,0.6
64320,1.4
64380,2.6
64440,1.2
64500,2.4
64560,3.0
64620,0.6
64680,1.8
64740,2.4
64800,2.0
64860,2.0
64920,1.4
64980,1.8
65040,2.8
65100,1.6
65160,1.6
65220,1.8
65280,1.4
65340,2.0
65400,2.4
65460,1.2
65520,1.6
65580,1.4
65640,2.4
65700,2.4
65760,1.2
65820,1.6
65880,3.0
65940,3.2
66000,1.4
66060,2.0
66120,2.0
66180,1.4
66240,1.4
66300,1.4
66360,1.6
66420,1.4
66480,4.0
66540,2.4
66600,2.2
66660,1.2
66720,1.4
66780,2.0
66840,1.2
66900,1.0
66960,1.4
67020,3.0
67080,0.6
67140,2.6
67200,1.6
67260,2.0
67320,1.8
67380,1.0
67440,1.8
67500,1.2
67560,1.8
67620,1.8
67680,1.4
67740,1.8
67800,2.2
67860,2.2
67920,2.2
67980,1.2
68040,1.6
68100,2.0
68160,2.4
68220,1.6
68280,2.0
68340,1.2
68400,1.8
68460,2.8
68520,2.2
68580,2.4
68640,1.6
68700,1.2
68760,1.4
68820,2.0
68880,0.8
68940,0.8
69000,2.4
69060,1.8
69120,1.6
69180,1.8
69240,2.8
69300,1.0
69360,2.2
69420,1.2
69480,1.2
69540,1.4
69600,1.6
69660,2.4
69720,2.4
69780,1.2
69840,1.6
69900,1.8
69960,1.8
70020,2.4
70080,2.2
70140,1.2
70200,1.6
70260,1.8
70320,2.2
70380,2.0
70440,1.4
70500,2.4
70560,1.4
70620,2.4
70680,2.2
70740,1.8
70800,1.8
70860,1.8
70920,2.2
70980,3.4
71040,1.2
71100,2.0
71160,2.2
71220,1.8
71280,2.0
71340,2.2
71400,2.4
71460,1.4
71520,1.4
71580,2.8
71640,1.6
71700,2.6
71760,2.4
71820,0.6
71880,1.4
71940,1.8
72000,2.8
72060,1.4
72120,2.6
72180,2.8
72240,1.4
72300,1.4
72360,2.4
72420,4.2
72480,1.2
72540,2.0
72600,1.2
72660,2.0
72720,2.6
72780,2.8
72840,2.8
72900,1.2
72960,2.2
73020,2.4
73080,2.8
73140,1.8
73200,2.8
73260,2.8
73320,3.2
73380,4.6
73440,4.6
73500,3.4
73560,3.0
73620,3.0
73680,5.0
73740,4.6
73800,3.0
73860,5.2
73920,6.2
73980,5.4
74040,4.6
74100,4.2
74160,4.4
74220,4.6
74280,5.4
74340,6.4
74400,5.2
74460,4.4
74520,6.2
74580,6.2
74640,4.8
74700,6.8
74760,6.0
74820,5.6
74880,7.2
74940,8.2
75000,9.0
75060,8.0
75120,7.2
75180,9.2
75240,6.6
75300,9.2
75360,10.8
75420,12.0
75480,13.4
75540,12.4
75600,11.6
75660,13.8
75720,12.0
75780,13.6
75840,12.8
75900,14.2
75960,12.2
76020,12.2
76080,10.6
76140,11.4
76200,12.0
76260,11.4
76320,12.0
76380,12.6
76440,12.0
76500,10.4
76560,9.4
76620,11.4
76680,9.4
76740,10.2
76800,7.8
76860,9.2
76920,9.0
76980,10.4
77040,8.4
77100,9.4
77160,9.0
77220,10.4
77280,11.6
77340,11.4
77400,9.8
77460,10.0
77520,11.6
77580,15.0
77640,15.0
77700,16.6
77760,16.4
77820,15.2
77880,17.0
77940,16.6
78000,18.2
78060,20.2
78120,18.2
78180,18.6
78240,17.0
78300,18.6
78360,20.4
78420,18.4
78480,18.2
78540,19.0
78600,19.4
78660,20.8
78720,20.2
78780,20.8
78840,20.6
78900,21.2
78960,21.0
79020,21.8
79080,21.8
79140,20.6
79200,22.8
79260,22.4
79320,23.0
79380,21.8
79440,23.4
79500,21.4
79560,24.0
79620,23.2
79680,22.0
79740,25.4
79800,24.4
79860,23.4
79920,23.0
79980,22.4
80040,23.6
80100,23.6
80160,23.8
80220,23.4
80280,22.4
80340,24.6
80400,22.2
80460,25.0
80520,23.8
80580,23.0
80640,24.0
80700,23.4
80760,23.0
80820,22.4
80880,23.4
80940,22.8
81000,24.8
81060,22.6
81120,23.6
81180,23.2
81240,22.2
81300,23.2
81360,23.8
81420,22.8
81480,22.6
81540,22.6
81600,20.4
81660,22.4
81720,22.4
81780,22.2
81840,21.0
81900,22.6
81960,23.8
82020,22.2
82080,22.6
82140,23.4
82200,22.6
82260,21.2
82320,22.8
82380,21.6
82440,23.0
82500,22.8
82560,21.8
82620,22.2
82680,20.6
82740,20.0
82800,21.4
82860,20.8
82920,21.4
82980,21.0
83040,21.4
83100,19.0
83160,19.8
83220,21.4
83280,21.2
83340,19.0
83400,20.4
83460,21.0
83520,20.0
83580,19.6
83640,19.4
83700,20.0
83760,20.6
83820,18.4
83880,19.8
83940,19.8
84000,19.2
84060,20.0
84120,20.6
84180,20.4
84240,19.4
84300,21.2
84360,19.4
84420,20.8
84480,19.8
84540,21.8
84600,21.2
84660,20.4
84720,20.8
84780,20.6
84840,21.0
84900,21.4
84960,20.8
85020,22.8
85080,22.2
85140,21.8
85200,21.4
85260,21.6
85320,20.8
85380,21.0
85440,20.4
85500,20.4
85560,21.2
85620,20.8
85680,20.8
85740,20.6
85800,19.6
85860,20.4
85920,19.6
85980,20.4
86040,20.2
86100,20.8
86160,20.6
86220,19.6
86280,19.6
86340,21.8
86400,21.0
86460,21.2
86520,21.6
86580,22.4
86640,21.4
86700,22.8
86760,25.0
86820,20.8
86880,21.4
86940,22.8
87000,23.0
87060,22.0
87120,24.6
87180,23.2
87240,23.0
87300,23.2
87360,22.4
87420,23.0
87480,23.4
87540,23.8
87600,22.4
87660,23.0
87720,23.8
87780,23.8
87840,23.2
87900,24.8
87960,23.8
88020,23.4
88080,23.2
88140,23.4
88200,24.6
88260,24.0
88320,24.0
88380,25.4
88440,25.6
88500,22.8
88560,25.4
88620,24.2
88680,24.4
88740,26.2
88800,23.2
88860,25.0
88920,24.0
88980,23.2
89040,24.4
89100,23.8
89160,23.6
89220,22.8
89280,25.8
89340,24.6
89400,24.8
89460,24.8
89520,25.8
89580,23.2
89640,24.2
89700,24.6
89760,24.2
89820,24.4
89880,25.6
89940,24.4
90000,25.0
90060,23.2
90120,24.8
90180,25.0
90240,25.0
90300,23.6
90360,25.4
90420,24.8
90480,25.4
90540,25.0
90600,23.4
90660,24.4
90720,24.0
90780,24.6
90840,23.8
90900,22.4
90960,23.8
91020,25.6
91080,25.0
91140,24.0
91200,24.2
91260,24.8
91320,23.8
91380,24.6
91440,24.0
91500,25.4
91560,24.0
91620,24.6
91680,23.8
91740,25.0
91800,23.0
91860,23.8
91920,24.6
91980,22.8
92040,23.6
92100,25.2
92160,22.8
92220,23.2
92280,22.2
92340,24.6
92400,23.4
92460,23.8
92520,24.6
92580,25.4
92640,22.4
92700,22.2
92760,23.2
92820,21.8
92880,23.4
92940,23.6
93000,23.4
93060,23.2
93120,22.2
93180,21.2
93240,23.2
93300,23.8
93360,23.2
93420,23.0
93480,22.8
93540,23.6
93600,21.8
93660,23.0
93720,24.8
93780,23.6
93840,23.2
93900,24.6
93960,23.0
94020,24.0
94080,23.0
94140,24.0
94200,22.8
94260,25.2
94320,24.2
94380,22.6
94440,22.4
94500,23.6
94560,21.2
94620,23.6
94680,24.0
94740,23.8
94800,23.4
94860,22.2
94920,23.2
94980,23.6
95040,23.2
95100,21.8
95160,23.0
95220,23.4
95280,22.0
95340,22.8
95400,22.4
95460,22.8
95520,21.0
95580,21.0
95640,20.2
95700,21.2
95760,20.0
95820,21.6
95880,21.0
95940,22.4
96000,20.4
96060,21.2
96120,22.0
96180,21.6
96240,21.6
96300,21.0
96360,22.4
96420,21.6
96480,21.0
96540,22.8
96600,21.2
96660,21.8
96720,23.4
96780,23.2
96840,22.4
96900,22.4
96960,22.0
97020,21.4
97080,23.6
97140,21.6
97200,22.4
97260,23.0
97320,23.8
97380,23.6
97440,24.4
97500,22.6
97560,22.4
97620,22.4
97680,22.6
97740,23.0
97800,21.0
97860,23.0
97920,24.4
97980,23.4
98040,21.4
98100,23.0
98160,23.2
98220,22.6
98280,22.6
98340,21.4
98400,24.6
98460,23.2
98520,22.4
98580,23.2
98640,23.0
98700,22.8
98760,21.4
98820,23.4
98880,23.6
98940,22.4
99000,21.4
99060,22.8
99120,22.4
99180,22.8
99240,23.8
99300,23.2
99360,22.6
99420,21.6
99480,22.4
99540,23.2
99600,22.8
99660,23.8
99720,22.2
99780,23.0
99840,24.0
99900,23.0
99960,23.8
100020,22.6
100080,23.6
100140,23.2
100200,23.0
100260,22.2
100320,23.4
100380,24.0
100440,23.8
100500,22.6
100560,23.0
100620,23.0
100680,23.0
100740,22.4
100800,22.4
100860,22.4
100920,22.4
100980,22.0
101040,22.6
101100,21.8
101160,20.8
101220,21.4
101280,21.2
101340,21.4
101400,21.4
101460,21.0
101520,21.2
101580,21.2
101640,22.0
101700,23.0
101760,21.6
101820,22.0
101880,21.6
101940,22.2
102000,22.4
102060,23.4
102120,21.6
102180,23.4
102240,21.8
102300,22.8
102360,21.8
102420,22.2
102480,21.2
102540,22.8
102600,22.6
102660,22.2
102720,21.8
102780,21.6
102840,22.4
102900,22.2
102960,22.0
103020,21.8
103080,22.8
103140,22.6
103200,22.6
103260,22.8
103320,23.4
103380,21.6
103440,22.6
103500,24.2
103560,23.8
103620,22.6
103680,21.0
103740,24.6
103800,22.8
103860,23.4
103920,22.4
103980,22.4
104040,22.8
104100,23.8
104160,22.4
104220,23.6
104280,23.4
104340,23.0
104400,23.2
104460,21.4
104520,23.4
104580,23.0
104640,22.6
104700,22.4
104760,23.2
104820,23.2
104880,22.8
104940,22.8
105000,22.4
105060,19.8
105120,22.8
105180,21.0
105240,23.2
105300,21.2
105360,24.6
105420,21.4
105480,23.0
105540,22.4
105600,21.6
105660,23.6
105720,21.0
105780,22.6
105840,22.6
105900,21.8
105960,23.6
106020,22.4
106080,23.4
106140,23.4
106200,21.8
106260,23.4
106320,22.8
106380,21.8
106440,23.0
106500,22.8
106560,22.6
106620,23.4
106680,22.4
106740,23.0
106800,21.8
106860,20.4
106920,21.2
106980,20.8
107040,22.2
107100,20.4
107160,22.4
107220,23.8
107280,23.2
107340,22.2
107400,24.2
107460,22.6
107520,22.4
107580,22.8
107640,23.6
107700,22.4
107760,24.2
107820,24.6
107880,23.6
107940,22.6
108000,23.0
108060,23.8
108120,22.8
108180,25.0
108240,23.0
108300,23.0
108360,23.0
108420,22.2
108480,21.4
108540,21.6
108600,23.0
108660,21.8
108720,22.4
108780,20.0
108840,21.4
108900,21.6
108960,20.8
109020,20.8
109080,21.6
109140,21.6
109200,21.2
109260,22.4
109320,21.0
109380,21.4
109440,22.4
109500,22.2
109560,20.6
109620,22.0
109680,22.8
109740,23.0
109800,21.8
109860,23.0
109920,23.6
109980,24.2
110040,23.2
110100,25.8
110160,23.2
110220,24.6
110280,21.6
110340,23.8
110400,23.6
110460,23.0
110520,23.6
110580,22.4
110640,21.8
110700,22.8
110760,23.0
110820,22.2
110880,23.6
110940,21.8
111000,22.0
111060,24.6
111120,21.8
111180,21.4
111240,24.8
111300,24.0
111360,23.0
111420,22.6
111480,21.4
111540,23.8
111600,23.8
111660,23.8
111720,22.2
111780,23.4
111840,24.2
111900,22.4
111960,24.2
112020,23.6
112080,22.0
112140,23.0
112200,22.0
112260,23.0
112320,23.4
112380,22.6
112440,23.8
112500,23.4
112560,23.6
112620,22.8
112680,24.4
112740,24.6
112800,23.4
112860,23.6
112920,23.6
112980,22.4
113040,24.2
113100,23.4
113160,22.6
113220,24.4
113280,23.2
113340,23.0
113400,22.2
113460,21.8
113520,22.8
113580,22.8
113640,24.4
113700,24.2
113760,22.8
113820,23.4
113880,22.2
113940,23.0
114000,22.8
114060,23.2
114120,22.2
114180,23.2
114240,22.4
114300,22.6
114360,22.0
114420,23.2
114480,21.8
114540,23.4
114600,23.2
114660,21.2
114720,24.0
114780,22.0
114840,23.4
114900,23.0
114960,23.2
115020,23.0
115080,22.8
115140,23.6
115200,22.4
115260,22.2
115320,21.6
115380,21.4
115440,22.2
115500,22.0
115560,21.8
115620,22.4
115680,22.6
115740,24.2
115800,22.2
115860,21.8
115920,23.0
115980,23.4
116040,21.8
116100,21.2
116160,22.4
116220,22.0
116280,20.6
116340,22.8
116400,23.4
116460,23.8
116520,22.4
116580,21.0
116640,21.8
116700,20.4
116760,22.8
116820,24.4
116880,23.8
116940,23.6
117000,24.2
117060,22.0
117120,23.2
117180,23.2
117240,23.6
117300,23.2
117360,22.0
117420,22.2
117480,23.0
117540,22.8
117600,23.6
117660,21.0
117720,21.6
117780,22.6
117840,23.0
117900,22.6
117960,22.8
118020,22.4
118080,23.6
118140,23.8
118200,24.0
118260,21.8
118320,23.2
118380,23.0
118440,22.0
118500,22.4
118560,23.2
118620,22.6
118680,24.6
118740,23.2
118800,25.2
118860,23.2
118920,23.4
118980,24.4
119040,23.4
119100,23.4
119160,24.0
119220,23.4
119280,23.6
119340,22.6
119400,22.8
119460,23.2
119520,23.0
119580,24.4
119640,24.6
119700,25.0
119760,24.4
119820,23.0
119880,25.0
119940,23.6
120000,23.8
120060,21.8
120120,24.6
120180,22.0
120240,23.4
120300,23.0
120360,23.0
120420,23.4
120480,22.2
120540,22.8
120600,21.2
120660,24.2
120720,22.6
120780,22.2
120840,22.6
120900,21.8
120960,23.0
121020,23.2
121080,21.2
121140,22.2
121200,21.8
121260,21.8
121320,22.6
121380,22.0
121440,23.8
121500,20.6
121560,21.6
121620,22.2
121680,21.0
121740,23.6
121800,23.4
121860,22.4
121920,22.2
121980,21.4
122040,21.6
122100,21.2
122160,23.2
122220,21.0
122280,22.2
122340,22.8
122400,20.6
122460,22.0
122520,21.8
122580,22.0
122640,23.0
122700,20.8
122760,23.0
122820,23.6
122880,22.0
122940,22.8
123000,22.4
123060,23.0
123120,23.2
123180,23.0
123240,23.8
123300,22.6
123360,21.4
123420,22.8
123480,21.6
123540,22.2
123600,22.4
123660,22.6
123720,22.8
123780,22.4
123840,23.0
123900,22.6
123960,21.6
124020,21.6
124080,21.8
124140,22.0
124200,21.0
124260,22.4
124320,22.2
124380,22.0
124440,22.4
124500,22.8
124560,23.0
124620,22.6
124680,23.0
124740,23.2
124800,21.4
124860,23.0
124920,22.2
124980,22.6
125040,22.8
125100,24.0
125160,23.8
125220,23.0
125280,24.2
125340,24.6
125400,24.8
125460,22.4
125520,24.2
125580,24.8
125640,23.4
125700,25.4
125760,25.8
125820,24.4
125880,23.6
125940,24.4
126000,23.2
126060,23.8
126120,23.0
126180,23.4
126240,23.0
126300,24.0
126360,22.6
126420,22.4
126480,23.6
126540,24.0
126600,21.2
126660,23.2
126720,22.6
126780,22.6
126840,23.4
126900,23.2
126960,23.0
127020,24.0
127080,23.8
127140,24.8
127200,24.2
127260,23.8
127320,23.6
127380,23.6
127440,23.8
127500,24.0
127560,24.6
127620,23.8
127680,23.2
127740,24.6
127800,22.0
127860,24.2
127920,22.0
127980,24.6
128040,23.6
128100,24.0
128160,23.2
128220,23.2
128280,22.8
128340,22.6
128400,23.4
128460,21.0
128520,24.2
128580,22.8
128640,24.4
128700,24.4
128760,24.8
128820,22.4
128880,23.2
128940,25.6
129000,24.0
129060,22.8
129120,23.8
129180,22.6
129240,24.4
129300,23.8
129360,24.6
129420,25.0
129480,25.0
129540,24.0
129600,22.8
129660,24.4
129720,24.8
129780,24.0
129840,24.6
129900,24.6
129960,24.0
130020,24.4
130080,25.0
130140,24.6
130200,24.8
130260,24.6
130320,24.8
130380,23.0
130440,23.4
130500,23.4
130560,24.2
130620,23.6
130680,24.6
130740,24.2
130800,22.4
130860,24.0
130920,23.8
130980,23.8
131040,25.0
131100,24.4
131160,24.4
131220,24.6
131280,24.6
131340,25.0
131400,24.2
131460,24.2
131520,24.4
131580,24.2
131640,24.8
131700,25.2
131760,25.4
131820,25.4
131880,25.0
131940,25.4
132000,22.8
132060,24.6
132120,24.6
132180,24.0
132240,24.6
132300,24.2
132360,24.0
132420,25.2
132480,23.0
132540,24.2
132600,23.2
132660,24.6
132720,24.6
132780,23.2
132840,24.4
132900,25.2
132960,24.0
133020,24.2
133080,25.0
133140,24.0
133200,23.4
133260,24.2
133320,24.4
133380,23.8
133440,24.6
133500,24.4
133560,24.6
133620,24.6
133680,25.0
133740,24.8
133800,24.8
133860,24.6
133920,25.2
133980,24.6
134040,25.2
134100,23.2
134160,24.6
134220,24.4
134280,23.0
134340,24.2
134400,25.0
134460,24.4
134520,24.0
134580,24.4
134640,26.0
134700,23.4
134760,24.0
134820,24.8
134880,23.2
134940,25.0
135000,24.8
135060,25.0
135120,24.2
135180,23.8
135240,24.0
135300,25.6
135360,24.6
135420,23.6
135480,23.0
135540,24.8
135600,25.0
135660,25.8
135720,25.4
135780,25.4
135840,23.2
135900,24.8
135960,24.2
136020,25.6
136080,23.0
136140,22.8
136200,23.0
136260,24.8
136320,24.6
136380,23.8
136440,24.6
136500,24.2
136560,23.6
136620,24.4
136680,23.6
136740,23.2
136800,23.0
136860,23.8
136920,23.8
136980,25.0
137040,24.8
137100,23.8
137160,23.8
137220,22.8
137280,22.8
137340,23.0
137400,23.8
137460,23.0
137520,22.8
137580,23.0
137640,23.8
137700,23.6
137760,25.0
137820,25.6
137880,24.4
137940,23.4
138000,24.4
138060,24.2
138120,24.0
138180,24.2
138240,24.6
138300,25.6
138360,25.0
138420,23.6
138480,25.2
138540,25.4
138600,23.6
138660,24.6
138720,25.8
138780,23.6
138840,23.2
138900,24.0
138960,23.8
139020,24.2
139080,24.8
139140,24.8
139200,25.8
139260,23.0
139320,25.4
139380,24.2
139440,23.8
139500,24.4
139560,25.8
139620,23.8
139680,23.4
139740,24.6
139800,24.6
139860,24.4
139920,25.4
139980,24.6
140040,24.2
140100,24.8
140160,23.8
140220,24.8
140280,23.8
140340,24.2
140400,25.2
140460,24.8
140520,24.4
140580,25.0
140640,24.8
140700,25.8
140760,25.2
140820,23.6
140880,24.4
140940,26.0
141000,26.2
141060,23.2
141120,24.8
141180,24.2
141240,26.2
141300,24.6
141360,25.2
141420,23.6
141480,24.0
141540,24.2
141600,25.4
141660,22.8
141720,24.8
141780,23.6
141840,23.4
141900,25.6
141960,25.4
142020,24.2
142080,23.6
142140,23.0
142200,26.4
142260,25.2
142320,25.0
142380,24.4
142440,24.4
142500,23.6
142560,23.0
142620,25.4
142680,23.0
142740,25.4
142800,26.0
142860,24.4
142920,23.4
142980,25.2
143040,23.6
143100,24.8
143160,23.0
143220,24.6
143280,23.0
143340,24.8
143400,24.8
143460,24.4
143520,23.6
143580,23.6
143640,24.4
143700,25.8
143760,25.8
143820,24.2
143880,22.4
143940,25.8
144000,23.6
144060,24.4
144120,24.8
144180,23.6
144240,24.8
144300,23.4
144360,24.4
144420,24.8
144480,24.4
144540,23.2
144600,24.2
144660,24.8
144720,23.6
144780,23.8
144840,24.2
144900,25.0
144960,23.8
145020,24.8
145080,23.6
145140,24.2
145200,24.2
145260,23.4
145320,23.4
145380,23.4
145440,23.2
145500,22.8
145560,24.0
145620,23.0
145680,22.2
145740,22.6
145800,23.4
145860,24.4
145920,23.8
145980,23.6
146040,23.8
146100,24.4
146160,21.4
146220,24.0
146280,24.0
146340,23.6
146400,22.4
146460,24.2
146520,23.8
146580,23.6
146640,24.2
146700,23.6
146760,23.0
146820,23.8
146880,24.2
146940,24.4
147000,23.8
147060,23.8
147120,24.2
147180,23.8
147240,23.6
147300,23.2
147360,24.0
147420,22.6
147480,24.2
147540,23.2
147600,23.6
147660,23.4
147720,22.8
147780,22.8
147840,22.6
147900,22.4
147960,23.2
148020,23.2
148080,22.8
148140,22.4
148200,23.8
148260,23.0
148320,24.0
148380,22.6
148440,24.0
148500,24.6
148560,24.0
148620,24.0
148680,22.4
148740,23.4
148800,23.6
148860,22.0
148920,21.6
148980,23.2
149040,23.4
149100,23.2
149160,23.4
149220,23.0
149280,23.2
149340,24.2
149400,26.0
149460,24.0
149520,22.4
149580,24.2
149640,22.6
149700,23.2
149760,24.6
149820,23.6
149880,23.8
149940,23.6
150000,23.6
150060,24.2
150120,23.6
150180,24.4
150240,23.4
150300,23.2
150360,23.2
150420,23.4
150480,25.0
150540,22.0
150600,25.0
150660,23.0
150720,25.2
150780,23.4
150840,24.6
150900,24.0
150960,24.4
151020,24.0
151080,24.0
151140,24.4
151200,22.6
151260,22.8
151320,23.4
151380,23.0
151440,23.4
151500,24.2
151560,25.0
151620,24.4
151680,23.8
151740,23.2
151800,24.2
151860,23.0
151920,25.4
151980,24.6
152040,24.8
152100,23.6
152160,23.2
152220,24.6
152280,23.6
152340,25.2
152400,24.4
152460,23.6
152520,24.2
152580,24.8
152640,23.8
152700,24.6
152760,24.6
152820,24.8
152880,25.6
152940,24.8
153000,23.8
153060,25.8
153120,23.0
153180,24.8
153240,25.8
153300,24.0
153360,24.8
153420,26.8
153480,24.8
153540,25.0
153600,24.6
153660,23.8
153720,24.6
153780,24.6
153840,26.6
153900,24.0
153960,24.8
154020,25.2
154080,25.6
154140,25.2
154200,25.0
154260,23.4
154320,23.6
154380,25.8
154440,24.0
154500,23.4
154560,24.8
154620,24.0
154680,25.2
154740,24.6
154800,25.8
154860,24.4
154920,25.4
154980,24.0
155040,24.2
155100,25.0
155160,24.4
155220,23.2
155280,24.2
155340,25.2
155400,23.2
155460,24.2
155520,24.6
155580,24.8
155640,24.2
155700,24.0
155760,24.8
155820,25.4
155880,25.4
155940,26.4
156000,25.6
156060,23.2
156120,25.8
156180,25.2
156240,24.4
156300,25.2
156360,25.8
156420,25.2
156480,24.2
156540,24.8
156600,24.6
156660,24.6
156720,24.8
156780,23.4
156840,25.0
156900,24.2
156960,24.0
157020,24.4
157080,22.8
157140,24.4
157200,25.4
157260,23.6
157320,24.8
157380,24.0
157440,24.0
157500,25.2
157560,23.6
157620,23.4
157680,23.4
157740,24.0
157800,23.6
157860,23.8
157920,24.2
157980,25.4
158040,23.8
158100,23.4
158160,25.8
158220,23.8
158280,23.6
158340,25.8
158400,24.4
158460,24.2
158520,25.2
158580,24.4
158640,24.4
158700,26.8
158760,23.8
158820,25.4
158880,24.0
158940,23.6
159000,24.0
159060,24.4
159120,25.0
159180,24.2
159240,24.0
159300,22.6
159360,24.0
159420,24.4
159480,23.6
159540,22.4
159600,23.6
159660,23.0
159720,24.0
159780,23.4
159840,23.8
159900,23.6
159960,24.8
160020,24.4
160080,24.6
160140,26.4
160200,25.6
160260,23.2
160320,26.4
160380,23.4
160440,25.8
160500,24.4
160560,25.8
160620,25.2
160680,23.2
160740,25.6
160800,24.4
160860,23.0
160920,25.8
160980,26.4
161040,24.8
161100,25.6
161160,25.8
161220,25.8
161280,25.6
161340,25.8
161400,23.2
161460,24.6
161520,26.8
161580,24.6
161640,24.6
161700,23.8
161760,24.0
161820,25.6
161880,24.4
161940,25.4
162000,23.8
162060,24.2
162120,23.8
162180,24.4
162240,23.6
162300,24.8
162360,24.0
162420,24.6
162480,24.4
162540,22.8
162600,25.0
162660,22.2
162720,23.6
162780,23.2
162840,22.8
162900,23.2
162960,23.4
163020,22.0
163080,24.6
163140,25.0
163200,23.0
163260,23.0
163320,23.2
163380,21.0
163440,22.4
163500,23.0
163560,23.4
163620,22.4
163680,22.2
163740,22.6
163800,24.0
163860,23.2
163920,23.6
163980,23.8
164040,23.4
164100,24.4
164160,23.2
164220,23.6
164280,23.4
164340,24.4
164400,25.0
164460,23.2
164520,24.6
164580,23.8
164640,24.0
164700,24.0
164760,23.6
164820,22.6
164880,23.2
164940,23.0
165000,25.2
165060,23.6
165120,22.8
165180,22.6
165240,24.8
165300,23.0
165360,22.8
165420,23.0
165480,23.6
165540,22.2
165600,23.8
165660,22.2
165720,23.4
165780,23.0
165840,23.8
165900,23.8
165960,22.0
166020,22.2
166080,23.2
166140,23.2
166200,22.2
166260,22.4
166320,22.2
166380,22.0
166440,23.0
166500,23.6
166560,24.6
166620,23.2
166680,23.2
166740,24.6
166800,25.2
166860,23.4
166920,23.6
166980,23.0
167040,23.2
167100,24.2
167160,24.0
167220,23.4
167280,24.0
167340,23.4
167400,24.0
167460,23.8
167520,24.6
167580,24.0
167640,25.4
167700,23.4
167760,23.0
167820,25.0
167880,24.4
167940,23.4
168000,23.8
168060,24.0
168120,24.2
168180,23.4
168240,23.4
168300,24.0
168360,22.6
168420,23.2
168480,24.6
168540,26.4
168600,25.6
168660,24.4
168720,24.4
168780,23.4
168840,24.6
168900,23.4
168960,23.2
169020,25.2
169080,24.0
169140,25.6
169200,24.8
169260,24.2
169320,24.0
169380,24.4
169440,23.8
169500,24.8
169560,24.4
169620,24.4
169680,23.4
169740,24.4
169800,24.8
169860,24.0
169920,25.6
169980,25.6
170040,24.0
170100,23.6
170160,23.2
170220,24.4
170280,24.2
170340,25.8
170400,22.6
170460,23.6
170520,23.2
170580,24.4
170640,23.6
170700,24.8
170760,23.4
170820,24.4
170880,26.4
170940,24.0
171000,23.8
171060,24.4
171120,24.6
171180,23.2
171240,23.0
171300,23.2
171360,24.0
171420,24.6
171480,24.4
171540,24.0
171600,23.0
171660,24.2
171720,22.4
171780,24.4
171840,22.6
171900,24.2
171960,24.4
172020,23.8
172080,23.2
172140,22.6
172200,24.2
172260,22.4
172320,23.6
172380,23.2
172440,22.6
172500,21.4
172560,24.4
172620,24.6
172680,23.4
172740,23.2
172800,22.8
172860,23.0
172920,23.0
172980,23.4
173040,23.2
173100,22.8
173160,22.6
173220,23.2
173280,23.0
173340,24.4
173400,23.8
173460,24.2
173520,24.2
173580,24.0
173640,23.4
173700,24.8
173760,25.2
173820,23.6
173880,21.8
173940,25.0
174000,22.6
174060,22.4
174120,22.8
174180,23.6
174240,25.8
174300,22.6
174360,24.8
174420,22.2
174480,22.4
174540,23.0
174600,23.2
174660,23.0
174720,24.0
174780,22.2
174840,22.6
174900,22.6
174960,22.6
175020,22.6
175080,23.2
175140,23.4
175200,23.8
175260,23.0
175320,23.8
175380,24.0
175440,22.8
175500,23.6
175560,23.0
175620,22.6
175680,22.0
175740,24.4
175800,25.2
175860,25.4
175920,22.2
175980,22.4
176040,23.6
176100,24.2
176160,23.2
176220,23.8
176280,23.4
176340,24.0
176400,24.6
176460,24.4
176520,24.4
176580,23.4
176640,24.0
176700,22.4
176760,21.8
176820,23.6
176880,23.0
176940,25.2
177000,24.2
177060,24.2
177120,22.0
177180,22.8
177240,25.6
177300,23.8
177360,23.0
177420,24.2
177480,23.4
177540,22.8
177600,23.4
177660,23.4
177720,25.0
177780,22.8
177840,24.8
177900,23.4
177960,25.2
178020,24.6
178080,23.6
178140,23.8
178200,25.0
178260,24.8
178320,24.0
178380,22.4
178440,22.4
178500,23.6
178560,24.6
178620,25.4
178680,24.4
178740,24.4
178800,24.2
178860,25.4
178920,23.6
178980,23.6
179040,24.2
179100,24.8
179160,26.2
179220,24.6
179280,24.0
179340,24.6
179400,23.6
179460,23.0
179520,23.8
179580,24.2
179640,24.8
179700,25.0
179760,24.0
179820,23.0
179880,25.0
179940,23.8
180000,24.6
180060,25.4
180120,24.0
180180,22.8
180240,26.0
180300,25.6
180360,24.8
180420,24.2
180480,24.6
180540,24.8
180600,23.8
180660,24.2
180720,23.4
180780,23.8
180840,24.0
180900,23.8
180960,25.8
181020,24.4
181080,26.0
181140,24.4
181200,24.8
181260,23.6
181320,24.4
181380,23.6
181440,25.0
181500,24.4
181560,24.4
181620,23.8
181680,24.6
181740,24.0
181800,24.8
181860,25.6
181920,25.6
181980,25.6
182040,25.0
182100,25.2
182160,24.0
182220,25.0
182280,25.0
182340,24.6
182400,24.4
182460,25.0
182520,25.4
182580,24.8
182640,23.0
182700,25.2
182760,24.2
182820,24.0
182880,24.8
182940,23.8
183000,24.2
183060,24.6
183120,25.2
183180,24.4
183240,24.8
183300,25.2
183360,26.0
183420,24.8
183480,24.6
183540,24.2
183600,23.8
183660,24.6
183720,24.6
183780,24.0
183840,25.8
183900,24.6
183960,23.4
184020,24.0
184080,25.4
184140,24.6
184200,25.8
184260,24.2
184320,24.0
184380,25.4
184440,23.2
184500,24.0
184560,23.6
184620,23.4
184680,24.8
184740,24.0
184800,25.4
184860,23.8
184920,24.4
184980,24.6
185040,25.2
185100,23.6
185160,24.8
185220,24.8
185280,24.2
185340,26.0
185400,23.4
185460,25.2
185520,24.2
185580,22.6
185640,24.0
185700,25.2
185760,24.4
185820,23.8
185880,24.0
185940,24.6
186000,25.4
186060,23.0
186120,24.6
186180,24.4
186240,24.6
186300,24.6
186360,24.4
186420,25.0
186480,24.8
186540,25.6
186600,23.8
186660,24.8
186720,24.6
186780,25.4
186840,24.4
186900,24.6
186960,24.8
187020,25.4
187080,24.6
187140,22.6
187200,23.6
187260,24.8
187320,24.0
187380,24.6
187440,25.0
187500,25.2
187560,26.2
187620,25.2
187680,23.4
187740,25.2
187800,24.6
187860,25.2
187920,24.2
187980,24.0
188040,25.8
188100,26.2
188160,24.4
188220,25.4
188280,26.6
188340,24.4
188400,26.4
188460,25.4
188520,25.4
188580,23.4
188640,25.2
188700,23.0
188760,24.2
188820,23.6
188880,23.8
188940,23.8
189000,23.8
189060,25.6
189120,23.8
189180,24.2
189240,26.2
189300,24.2
189360,24.2
189420,24.6
189480,23.4
189540,25.4
189600,25.8
189660,25.4
189720,25.2
189780,25.8
189840,22.6
189900,25.2
189960,24.4
190020,25.2
190080,23.8
190140,25.0
190200,23.6
190260,26.0
190320,23.6
190380,24.8
190440,23.0
190500,25.0
190560,25.2
190620,22.0
190680,23.0
190740,24.6
190800,24.2
190860,23.8
190920,23.4
190980,22.8
191040,25.0
191100,23.2
191160,24.4
191220,25.8
191280,25.8
191340,24.2
191400,25.2
191460,24.4
191520,23.6
191580,23.6
191640,24.4
191700,25.4
191760,23.2
191820,24.2
191880,26.0
191940,24.8
192000,24.6
192060,25.8
192120,24.0
192180,24.2
192240,25.8
192300,26.2
192360,23.2
192420,23.6
192480,24.4
192540,25.8
192600,25.4
192660,23.2
192720,25.6
192780,23.4
192840,26.0
192900,24.8
192960,23.8
193020,24.2
193080,24.4
193140,23.6
193200,23.4
193260,25.0
193320,24.6
193380,24.6
193440,25.6
193500,23.2
193560,25.0
193620,27.4
193680,23.4
193740,23.8
193800,26.2
193860,23.4
193920,24.0
193980,23.8
194040,25.4
194100,25.0
194160,24.2
194220,24.4
194280,24.2
194340,24.0
194400,24.0
194460,24.2
194520,22.4
194580,25.0
194640,24.6
194700,25.0
194760,24.2
194820,25.0
194880,24.0
194940,25.0
195000,24.4
195060,23.8
195120,23.8
195180,24.4
195240,25.8
195300,24.8
195360,25.2
195420,24.2
195480,24.6
195540,24.8
195600,25.0
195660,24.2
195720,24.2
195780,25.8
195840,25.2
195900,25.0
195960,23.8
196020,23.8
196080,24.8
196140,24.6
196200,24.0
196260,24.6
196320,24.2
196380,25.2
196440,25.0
196500,24.8
196560,24.2
196620,24.6
196680,25.2
196740,24.4
196800,23.8
196860,25.6
196920,25.6
196980,25.2
197040,24.2
197100,24.4
197160,24.6
197220,25.8
197280,24.8
197340,24.6
197400,23.6
197460,25.4
197520,25.4
197580,25.4
197640,23.8
197700,25.8
197760,24.8
197820,24.8
197880,24.6
197940,24.2
198000,24.8
198060,26.2
198120,24.4
198180,25.0
198240,25.0
198300,24.8
198360,23.6
198420,25.8
198480,25.2
198540,25.2
198600,25.2
198660,24.8
198720,24.6
198780,23.8
198840,23.8
198900,24.2
198960,23.8
199020,25.2
199080,24.4
199140,25.4
199200,25.0
199260,24.0
199320,26.6
199380,24.8
199440,24.0
199500,25.0
199560,24.6
199620,25.6
199680,25.6
199740,25.8
199800,27.2
199860,25.4
199920,25.2
199980,24.2
200040,24.6
200100,24.0
200160,25.0
200220,25.6
200280,24.8
200340,25.4
200400,24.2
200460,24.2
200520,25.8
200580,24.8
200640,24.8
200700,23.4
200760,25.6
200820,25.2
200880,23.8
200940,24.2
201000,25.0
201060,24.8
201120,24.8
201180,23.0
201240,24.8
201300,25.2
201360,23.2
201420,25.0
201480,25.0
201540,24.6
201600,24.8
201660,25.8
201720,24.0
201780,23.4
201840,24.4
201900,24.6
201960,23.6
202020,25.8
202080,24.8
202140,23.6
202200,24.4
202260,24.4
202320,25.6
202380,25.0
202440,25.2
202500,24.2
202560,24.0
202620,23.0
202680,25.8
202740,23.8
202800,24.6
202860,23.8
202920,23.0
202980,24.8
203040,24.2
203100,25.0
203160,24.4
203220,25.6
203280,25.0
203340,24.6
203400,24.4
203460,25.4
203520,24.2
203580,24.4
203640,24.8
203700,24.0
203760,24.4
203820,26.4
203880,24.8
203940,24.4
204000,22.8
204060,23.8
204120,23.6
204180,25.2
204240,24.4
204300,24.6
204360,24.8
204420,25.0
204480,25.2
204540,24.6
204600,24.0
204660,24.2
204720,25.0
204780,24.0
204840,23.2
204900,25.6
204960,25.0
205020,24.6
205080,24.4
205140,24.4
205200,24.6
205260,24.6
205320,26.8
205380,26.2
205440,25.0
205500,24.4
205560,25.6
205620,24.2
205680,24.4
205740,24.2
205800,24.0
205860,24.6
205920,25.0
205980,26.6
206040,25.0
206100,24.8
206160,25.4
206220,22.4
206280,25.0
206340,24.6
206400,25.2
206460,24.8
206520,25.6
206580,24.8
206640,26.2
206700,23.0
206760,22.8
206820,23.4
206880,27.2
206940,25.8
207000,24.8
207060,25.2
207120,25.2
207180,23.6
207240,23.8
207300,22.0
207360,25.0
207420,25.2
207480,25.4
207540,24.0
207600,23.2
207660,24.4
207720,24.2
207780,24.6
207840,23.6
207900,25.0
207960,25.2
208020,26.2
208080,23.8
208140,25.0
208200,24.0
208260,24.4
208320,24.0
208380,25.8
208440,25.0
208500,24.4
208560,23.8
208620,23.6
208680,24.8
208740,24.8
208800,24.8
208860,23.0
208920,24.2
208980,25.0
209040,24.2
209100,25.0
209160,24.4
209220,24.6
209280,23.2
209340,25.6
209400,24.4
209460,24.6
209520,24.2
209580,25.4
209640,25.0
209700,25.0
209760,23.2
209820,24.0
209880,25.0
209940,25.2
210000,24.0
210060,23.6
210120,24.2
210180,26.0
210240,24.2
210300,24.2
210360,25.4
210420,23.8
210480,23.8
210540,23.4
210600,25.6
210660,25.4
210720,25.6
210780,25.0
210840,25.0
210900,24.4
210960,25.8
211020,25.0
211080,25.4
211140,24.2
211200,25.6
211260,25.0
211320,25.0
211380,26.0
211440,23.0
211500,24.6
211560,25.4
211620,24.2
211680,24.6
211740,24.8
211800,25.4
211860,24.6
211920,24.2
211980,23.6
212040,25.4
212100,24.0
212160,25.8
212220,24.8
212280,24.2
212340,25.4
212400,24.2
212460,25.4
212520,24.8
212580,25.6
212640,22.8
212700,23.8
212760,24.4
212820,25.2
212880,25.6
212940,25.2
213000,24.2
213060,26.2
213120,23.6
213180,25.2
213240,24.8
213300,25.4
213360,25.4
213420,23.2
213480,24.8
213540,23.2
213600,24.8
213660,25.8
213720,26.0
213780,25.8
213840,24.6
213900,25.4
213960,27.0
214020,25.6
214080,24.4
214140,24.8
214200,24.4
214260,25.6
214320,24.4
214380,25.2
214440,24.4
214500,23.8
214560,25.0
214620,23.8
214680,25.2
214740,24.8
214800,24.0
214860,25.2
214920,24.2
214980,25.0
215040,25.4
215100,24.8
215160,24.0
215220,25.4
215280,25.6
215340,25.6
215400,24.8
215460,24.2
215520,26.2
215580,24.2
215640,24.6
215700,22.6
215760,26.0
215820,25.6
215880,24.4
215940,24.4
216000,25.8
216060,25.6
216120,24.6
216180,23.8
216240,26.4
216300,24.6
216360,25.4
216420,25.4
216480,24.4
216540,25.8
216600,25.2
216660,25.2
216720,25.0
216780,25.4
216840,25.2
216900,24.8
216960,26.2
217020,25.0
217080,25.2
217140,25.4
217200,24.8
217260,24.6
217320,24.6
217380,23.8
217440,24.0
217500,23.4
217560,24.4
217620,25.2
217680,23.8
217740,24.2
217800,23.0
217860,24.0
217920,21.4
217980,23.6
218040,26.0
218100,24.4
218160,23.6
218220,24.4
218280,25.2
218340,23.0
218400,24.6
218460,24.0
218520,25.6
218580,25.0
218640,24.2
218700,25.2
218760,24.2
218820,23.8
218880,24.0
218940,24.0
219000,24.6
219060,25.4
219120,25.2
219180,23.0
219240,25.2
219300,24.0
219360,24.0
219420,24.8
219480,26.0
219540,25.2
219600,26.0
219660,24.0
219720,22.8
219780,24.4
219840,25.6
219900,25.4
219960,25.0
220020,25.2
220080,23.8
220140,25.6
220200,24.6
220260,24.8
220320,23.8
220380,25.0
220440,24.6
220500,25.8
220560,24.8
220620,24.8
220680,24.0
220740,25.6
220800,26.0
220860,25.8
220920,25.0
220980,24.4
221040,24.8
221100,25.0
221160,24.2
221220,25.2
221280,24.2
221340,24.6
221400,25.8
221460,27.2
221520,25.2
221580,24.6
221640,24.4
221700,26.4
221760,23.8
221820,24.2
221880,24.0
221940,25.0
222000,26.6
222060,24.0
222120,25.2
222180,24.8
222240,25.0
222300,26.2
222360,26.2
222420,25.4
222480,24.6
222540,24.2
222600,24.8
222660,26.4
222720,24.0
222780,26.4
222840,25.0
222900,23.6
222960,24.2
223020,23.6
223080,25.2
223140,25.2
223200,25.4
223260,24.0
223320,25.0
223380,26.2
223440,24.6
223500,25.2
223560,23.8
223620,26.6
223680,25.2
223740,23.8
223800,23.8
223860,26.2
223920,23.8
223980,24.8
224040,25.8
224100,24.4
224160,24.6
224220,25.0
224280,25.2
224340,24.0
224400,25.2
224460,24.2
224520,25.0
224580,24.0
224640,25.6
224700,24.6
224760,25.8
224820,24.0
224880,25.8
224940,24.8
225000,25.6
225060,26.2
225120,23.6
225180,25.0
225240,23.4
225300,24.0
225360,25.4
225420,25.2
225480,23.8
225540,24.8
225600,24.8
225660,24.6
225720,26.0
225780,25.0
225840,25.4
225900,26.0
225960,24.2
226020,25.0
226080,24.2
226140,24.4
226200,24.6
226260,24.6
226320,25.0
226380,23.0
226440,24.8
226500,25.4
226560,24.2
226620,24.6
226680,23.6
226740,24.0
226800,26.2
226860,24.4
226920,24.0
226980,25.4
227040,25.6
227100,24.4
227160,24.8
227220,23.8
227280,25.2
227340,24.6
227400,22.6
227460,26.0
227520,25.2
227580,24.4
227640,24.8
227700,24.4
227760,26.2
227820,25.4
227880,23.8
227940,24.2
228000,24.2
228060,25.6
228120,23.8
228180,24.4
228240,25.2
228300,25.0
228360,26.0
228420,26.2
228480,25.2
228540,24.4
228600,25.2
228660,25.8
228720,24.4
228780,25.2
228840,26.2
228900,24.0
228960,25.8
229020,24.4
229080,23.8
229140,24.8
229200,25.0
229260,24.8
229320,24.2
229380,25.6
229440,25.6
229500,25.4
229560,25.8
229620,27.4
229680,24.0
229740,24.6
229800,24.6
229860,25.0
229920,25.8
229980,26.4
230040,25.4
230100,25.4
230160,25.2
230220,24.2
230280,25.6
230340,25.6
230400,24.4
230460,24.2
230520,24.8
230580,23.8
230640,25.0
230700,25.2
230760,24.2
230820,24.2
230880,24.4
230940,26.2
231000,25.2
231060,23.4
231120,25.0
231180,25.0
231240,23.6
231300,24.6
231360,24.6
231420,24.4
231480,24.4
231540,25.8
231600,25.4
231660,23.8
231720,26.8
231780,24.2
231840,23.8
231900,24.8
231960,24.8
232020,25.4
232080,24.8
232140,24.6
232200,25.4
232260,23.4
232320,24.6
232380,25.4
232440,26.4
232500,24.0
232560,23.8
232620,23.4
232680,25.6
232740,24.4
232800,25.4
232860,25.6
232920,24.6
232980,24.0
233040,24.4
233100,24.8
233160,24.4
233220,22.4
233280,25.4
233340,25.0
233400,24.4
233460,24.0
233520,24.6
233580,24.4
233640,23.6
233700,25.6
233760,25.6
233820,25.6
233880,24.8
233940,24.8
234000,24.4
234060,24.4
234120,24.2
234180,25.0
234240,24.8
234300,23.8
234360,26.4
234420,25.6
234480,24.6
234540,24.4
234600,23.6
234660,25.6
234720,24.8
234780,24.6
234840,24.2
234900,24.8
234960,26.0
235020,25.4
235080,25.0
235140,24.4
235200,24.0
235260,25.2
235320,24.8
235380,24.4
235440,24.2
235500,23.8
235560,25.0
235620,24.6
235680,25.8
235740,23.6
235800,23.8
235860,25.0
235920,25.4
235980,24.0
236040,25.0
236100,25.2
236160,24.8
236220,24.6
236280,24.4
236340,24.2
236400,25.0
236460,25.2
236520,24.6
236580,24.8
236640,24.2
236700,25.0
236760,25.6
236820,25.8
236880,24.8
236940,24.0
237000,25.0
237060,24.8
237120,24.4
237180,24.4
237240,23.6
237300,26.2
237360,24.0
237420,25.4
237480,24.0
237540,24.0
237600,26.2
237660,23.8
237720,24.0
237780,24.8
237840,24.0
237900,24.6
237960,24.4
238020,26.4
238080,24.6
238140,25.6
238200,24.8
238260,25.2
238320,25.0
238380,24.8
238440,25.2
238500,24.6
238560,25.0
238620,24.0
238680,25.6
238740,24.8
238800,25.2
238860,24.4
238920,25.4
238980,25.2
239040,24.4
239100,25.0
239160,23.6
239220,24.4
239280,24.6
239340,23.8
239400,23.8
239460,24.0
239520,24.2
239580,24.2
239640,24.6
239700,24.8
239760,24.2
239820,25.0
239880,25.4
239940,23.8
240000,24.4
240060,24.6
240120,25.2
240180,25.0
240240,25.4
240300,25.8
240360,24.2
240420,24.6
240480,26.0
240540,26.0
240600,25.8
240660,22.6
240720,25.2
240780,25.8
240840,24.4
240900,24.2
240960,24.6
241020,22.4
241080,26.2
241140,25.6
241200,25.2
241260,25.0
241320,24.4
241380,25.4
241440,25.0
241500,24.6
241560,24.4
241620,23.8
241680,25.0
241740,24.2
241800,24.2
241860,25.2
241920,26.0
241980,23.6
242040,25.0
242100,24.2
242160,24.6
242220,24.0
242280,24.2
242340,25.0
242400,24.0
242460,23.6
242520,24.4
242580,24.8
242640,23.6
242700,23.4
242760,24.2
242820,23.8
242880,24.0
242940,25.2
243000,24.0
243060,24.4
243120,24.8
243180,26.8
243240,25.4
243300,25.2
243360,25.2
243420,25.6
243480,25.2
243540,25.8
243600,26.4
243660,24.2
243720,24.6
243780,24.2
243840,24.6
243900,24.6
243960,25.4
244020,24.6
244080,24.8
244140,24.6
244200,25.8
244260,24.6
244320,25.0
244380,24.2
244440,23.8
244500,26.4
244560,24.6
244620,23.6
244680,25.0
244740,25.0
244800,26.6
244860,24.6
244920,24.8
244980,25.6
245040,25.8
245100,25.0
245160,25.0
245220,25.2
245280,23.6
245340,24.8
245400,25.6
245460,25.8
245520,24.4
245580,26.0
245640,24.8
245700,25.0
245760,24.8
245820,24.0
245880,25.0
245940,25.6
246000,24.6
246060,26.2
246120,24.8
246180,25.0
246240,25.8
246300,25.8
246360,26.0
246420,25.0
246480,24.8
246540,23.8
246600,24.6
246660,26.8
246720,25.4
246780,26.0
246840,26.4
246900,24.6
246960,25.8
247020,25.4
247080,25.2
247140,24.0
247200,25.0
247260,24.0
247320,25.0
247380,24.8
247440,24.2
247500,25.8
247560,24.2
247620,24.4
247680,24.8
247740,26.0
247800,24.2
247860,24.0
247920,24.8
247980,23.8
248040,25.6
248100,28.4
248160,26.4
248220,26.6
248280,25.4
248340,24.6
248400,25.4
248460,27.0
248520,25.6
248580,24.4
248640,24.8
248700,26.6
248760,24.4
248820,24.0
248880,23.6
248940,24.6
249000,25.8
249060,26.4
249120,24.8
249180,26.2
249240,25.6
249300,25.2
249360,24.6
249420,25.2
249480,24.6
249540,24.6
249600,26.6
249660,24.4
249720,26.2
249780,24.8
249840,25.2
249900,25.8
249960,25.2
250020,25.8
250080,23.4
250140,24.8
250200,25.2
250260,24.4
250320,25.6
250380,24.2
250440,26.0
250500,26.0
250560,25.4
250620,24.2
250680,25.0
250740,25.4
250800,24.6
250860,24.2
250920,25.4
250980,24.4
251040,25.2
251100,25.2
251160,24.0
251220,25.6
251280,25.6
251340,24.0
251400,25.8
251460,25.8
251520,24.0
251580,25.0
251640,26.2
251700,24.8
251760,25.8
251820,24.2
251880,26.2
251940,24.8
252000,25.0
252060,24.8
252120,25.8
252180,25.0
252240,25.4
252300,25.4
252360,24.6
252420,24.6
252480,25.0
252540,26.0
252600,24.6
252660,25.2
252720,24.8
252780,24.4
252840,25.2
252900,23.8
252960,24.8
253020,23.8
253080,25.2
253140,25.0
253200,25.2
253260,24.6
253320,26.8
253380,24.0
253440,24.2
253500,25.4
253560,26.2
253620,23.8
253680,24.6
253740,25.0
253800,26.0
253860,24.2
253920,25.8
253980,25.0
254040,26.4
254100,24.8
254160,25.0
254220,23.6
254280,25.0
254340,24.2
254400,25.2
254460,25.8
254520,25.0
254580,25.4
254640,26.8
254700,24.0
254760,25.6
254820,25.6
254880,25.2
254940,25.6
255000,24.0
255060,23.2
255120,25.2
255180,25.0
255240,25.4
255300,24.4
255360,23.4
255420,24.6
255480,23.4
255540,25.4
255600,23.2
255660,24.8
255720,24.4
255780,23.8
255840,25.6
255900,24.6
255960,25.0
256020,24.8
256080,25.0
256140,26.2
256200,25.2
256260,24.6
256320,24.6
256380,24.6
256440,26.8
256500,25.6
256560,25.6
256620,26.6
256680,23.4
256740,24.8
256800,24.6
256860,23.8
256920,26.8
256980,24.4
257040,24.6
257100,26.0
257160,24.8
257220,23.6
257280,26.0
257340,26.4
257400,26.0
257460,25.0
257520,26.0
257580,25.2
257640,24.8
257700,24.6
257760,25.2
257820,25.6
257880,25.0
257940,25.0
258000,25.2
258060,24.4
258120,26.0
258180,25.6
258240,25.2
258300,26.2
258360,25.6
258420,25.4
258480,24.6
258540,24.4
258600,25.0
258660,24.8
258720,24.6
258780,25.0
258840,24.0
258900,24.6
258960,25.8
259020,24.4
259080,26.0
259140,25.4
259200,25.2
259260,25.2
259320,25.4
259380,25.8
259440,24.0
259500,24.8
259560,27.4
259620,24.6
259680,25.8
259740,24.6
259800,26.4
259860,24.4
259920,23.4
259980,25.4
260040,26.0
260100,26.2
260160,24.8
260220,24.2
260280,25.6
260340,25.0
260400,25.8
260460,25.8
260520,23.6
260580,24.8
260640,24.0
260700,24.8
260760,25.6
260820,26.8
260880,26.0
260940,25.8
261000,24.2
261060,25.2
261120,25.8
261180,25.8
261240,24.8
261300,25.0
261360,26.2
261420,24.8
261480,25.4
261540,25.0
261600,26.0
261660,24.6
261720,28.0
261780,24.0
261840,24.8
261900,25.4
261960,25.6
262020,25.4
262080,23.8
262140,23.4
262200,24.8
262260,23.4
262320,23.4
262380,24.8
262440,23.8
262500,23.6
262560,24.4
262620,25.0
262680,24.8
262740,25.2
262800,25.0
262860,25.8
262920,24.4
262980,25.2
263040,24.6
263100,25.8
263160,24.4
263220,24.6
263280,24.2
263340,25.0
263400,25.6
263460,24.4
263520,24.4
263580,24.6
263640,23.4
263700,25.0
263760,23.8
263820,24.6
263880,24.8
263940,25.6
264000,24.6
264060,25.4
264120,24.0
264180,24.4
264240,23.4
264300,25.2
264360,24.2
264420,25.0
264480,23.8
264540,24.4
264600,24.4
264660,25.6
264720,24.0
264780,26.0
264840,24.4
264900,23.6
264960,23.8
265020,25.0
265080,24.6
265140,25.8
265200,23.6
265260,24.4
265320,24.2
265380,24.4
265440,24.8
265500,24.6
265560,24.6
265620,24.6
265680,24.0
265740,23.6
265800,25.0
265860,24.2
265920,24.8
265980,23.4
266040,24.2
266100,23.2
266160,25.2
266220,25.6
266280,23.4
266340,24.4
266400,23.6
266460,24.8
266520,24.0
266580,25.2
266640,23.6
266700,23.4
266760,25.6
266820,24.8
266880,23.4
266940,24.4
267000,24.8
267060,25.0
267120,25.4
267180,25.0
267240,24.8
267300,23.4
267360,25.2
267420,23.8
267480,26.0
267540,24.0
267600,25.8
267660,24.2
267720,24.2
267780,23.4
267840,24.8
267900,23.6
267960,25.0
268020,24.8
268080,25.4
268140,25.0
268200,26.8
268260,23.4
268320,24.6
268380,24.6
268440,25.0
268500,24.6
268560,23.4
268620,23.6
268680,25.6
268740,24.4
268800,24.0
268860,25.2
268920,24.8
268980,25.6
269040,25.6
269100,24.0
269160,25.0
269220,24.4
269280,24.4
269340,25.8
269400,24.4
269460,24.6
269520,24.6
269580,25.2
269640,24.0
269700,25.0
269760,25.6
269820,23.8
269880,24.6
269940,24.2
270000,24.8
270060,24.0
270120,24.0
270180,25.6
270240,25.2
270300,25.8
270360,24.6
270420,24.8
270480,24.6
270540,24.6
270600,23.8
270660,24.8
270720,25.2
270780,26.2
270840,25.4
270900,24.0
270960,25.0
271020,24.4
271080,24.6
271140,25.8
271200,22.8
271260,25.6
271320,24.2
271380,24.4
271440,24.8
271500,24.4
271560,27.6
271620,24.4
271680,23.6
271740,24.8
271800,23.8
271860,25.4
271920,24.0
271980,24.8
272040,25.2
272100,25.2
272160,23.4
272220,24.0
272280,22.2
272340,25.2
272400,23.6
272460,24.8
272520,24.2
272580,24.4
272640,24.8
272700,24.0
272760,24.2
272820,25.4
272880,24.4
272940,23.0
273000,25.4
273060,22.6
273120,25.6
273180,25.6
273240,25.0
273300,24.4
273360,24.4
273420,24.0
273480,24.0
273540,23.2
273600,24.0
273660,25.2
273720,25.2
273780,25.8
273840,25.4
273900,24.6
273960,23.6
274020,23.4
274080,24.2
274140,24.4
274200,24.8
274260,24.4
274320,25.2
274380,25.0
274440,25.0
274500,24.2
274560,25.2
274620,24.4
274680,23.8
274740,24.2
274800,24.4
274860,24.8
274920,24.6
274980,22.8
275040,24.4
275100,23.6
275160,25.4
275220,25.2
275280,25.2
275340,26.4
275400,25.4
275460,25.2
275520,24.8
275580,25.8
275640,24.4
275700,25.0
275760,24.4
275820,23.8
275880,24.0
275940,24.2
276000,25.4
276060,25.2
276120,25.4
276180,24.4
276240,24.8
276300,25.0
276360,23.8
276420,25.2
276480,25.2
276540,25.2
276600,23.8
276660,25.8
276720,24.4
276780,24.8
276840,24.8
276900,24.4
276960,26.6
277020,24.2
277080,24.0
277140,25.8
277200,24.8
277260,23.6
277320,25.8
277380,24.4
277440,24.4
277500,24.2
277560,23.6
277620,25.2
277680,25.0
277740,24.8
277800,24.6
277860,25.0
277920,24.4
277980,25.4
278040,24.4
278100,25.8
278160,25.0
278220,23.6
278280,24.2
278340,25.6
278400,24.8
278460,25.0
278520,24.4
278580,23.6
278640,26.0
278700,24.4
278760,24.4
278820,23.6
278880,24.0
278940,24.2
279000,25.0
279060,24.4
279120,24.0
279180,25.6
279240,24.6
279300,23.8
279360,25.0
279420,26.0
279480,25.0
279540,27.4
279600,25.8
279660,25.2
279720,23.8
279780,24.0
279840,24.2
279900,24.4
279960,25.2
280020,23.6
280080,24.6
280140,24.6
280200,25.8
280260,23.8
280320,26.4
280380,25.2
280440,25.0
280500,23.8
280560,24.6
280620,24.2
280680,24.4
280740,25.6
280800,25.8
280860,25.2
280920,24.8
280980,24.6
281040,24.6
281100,24.4
281160,24.2
281220,25.2
281280,24.2
281340,26.6
281400,24.0
281460,24.6
281520,23.4
281580,25.4
281640,24.0
281700,25.2
281760,26.4
281820,25.0
281880,25.8
281940,25.6
282000,25.6
282060,25.0
282120,25.0
282180,24.2
282240,24.2
282300,24.4
282360,24.8
282420,25.6
282480,25.4
282540,24.0
282600,24.0
282660,25.6
282720,25.2
282780,25.2
282840,24.8
282900,24.4
282960,23.4
283020,24.0
283080,24.2
283140,25.2
283200,25.2
283260,25.0
283320,22.8
283380,23.2
283440,24.4
283500,23.8
283560,24.0
283620,24.4
283680,24.8
283740,25.0
283800,24.4
283860,24.2
283920,24.6
283980,25.2
284040,25.2
284100,23.6
284160,24.0
284220,24.4
284280,24.2
284340,24.2
284400,23.4
284460,24.6
284520,24.6
284580,24.8
284640,24.4
284700,25.0
284760,24.4
284820,24.8
284880,25.2
284940,23.8
285000,24.6
285060,24.0
285120,24.4
285180,24.2
285240,25.2
285300,24.2
285360,25.6
285420,24.4
285480,24.4
285540,25.4
285600,25.0
285660,24.4
285720,25.6
285780,25.2
285840,25.6
285900,24.6
285960,25.2
286020,23.8
286080,23.4
286140,24.0
286200,25.6
286260,26.8
286320,24.0
286380,23.8
286440,25.8
286500,26.2
286560,25.4
286620,23.8
286680,26.4
286740,24.8
286800,24.4
286860,26.0
286920,24.4
286980,27.2
287040,24.6
287100,24.2
287160,23.2
287220,24.0
287280,24.8
287340,25.6
287400,26.2
287460,25.0
287520,24.2
287580,24.6
287640,24.4
287700,23.8
287760,24.8
287820,24.0
287880,24.6
287940,26.6
288000,24.6
288060,25.0
288120,24.6
288180,24.6
288240,25.0
288300,25.0
288360,26.0
288420,26.2
288480,23.2
288540,25.0
288600,25.2
288660,26.2
288720,24.2
288780,24.6
288840,25.8
288900,24.0
288960,24.6
289020,25.2
289080,24.8
289140,26.0
289200,24.2
289260,25.4
289320,25.4
289380,23.8
289440,24.8
289500,25.6
289560,25.2
289620,22.8
289680,25.6
289740,23.8
289800,25.0
289860,24.4
289920,25.8
289980,24.4
290040,25.8
290100,25.4
290160,24.0
290220,24.4
290280,24.4
290340,24.0
290400,25.8
290460,25.0
290520,24.2
290580,24.8
290640,25.4
290700,24.0
290760,24.2
290820,25.6
290880,24.8
290940,23.8
291000,26.2
291060,24.6
291120,24.4
291180,24.6
291240,25.2
291300,24.6
291360,25.0
291420,25.6
291480,25.2
291540,24.6
291600,24.4
291660,24.6
291720,23.8
291780,24.8
291840,24.8
291900,24.0
291960,25.6
292020,26.0
292080,25.2
292140,25.4
292200,26.0
292260,25.4
292320,23.8
292380,25.4
292440,24.2
292500,25.6
292560,26.0
292620,25.8
292680,24.8
292740,24.8
292800,25.6
292860,25.2
292920,26.6
292980,24.6
293040,24.4
293100,24.2
293160,25.6
293220,27.4
293280,25.6
293340,24.8
293400,27.2
293460,26.8
293520,25.6
293580,22.8
293640,24.2
293700,26.0
293760,26.6
293820,24.4
293880,23.6
293940,25.4
294000,23.0
294060,24.8
294120,23.6
294180,24.2
294240,25.4
294300,26.6
294360,26.0
294420,26.4
294480,25.6
294540,25.2
294600,26.4
294660,25.0
294720,25.6
294780,25.0
294840,25.8
294900,25.8
294960,23.8
295020,26.4
295080,24.6
295140,25.4
295200,26.2
295260,24.4
295320,24.2
295380,25.0
295440,24.8
295500,26.6
295560,24.4
295620,24.4
295680,26.0
295740,24.8
295800,24.8
295860,24.0
295920,26.4
295980,25.0
296040,25.6
296100,25.2
296160,24.0
296220,24.2
296280,25.6
296340,24.4
296400,24.8
296460,24.2
296520,24.4
296580,23.8
296640,25.4
296700,26.6
296760,22.8
296820,25.6
296880,25.6
296940,25.4
297000,24.8
297060,25.0
297120,24.2
297180,25.4
297240,25.0
297300,24.0
297360,26.0
297420,25.0
297480,23.6
297540,25.0
297600,26.0
297660,24.2
297720,23.0
297780,24.8
297840,23.2
297900,25.0
297960,25.0
298020,23.8
298080,22.8
298140,22.6
298200,24.8
298260,24.8
298320,22.8
298380,24.6
298440,23.6
298500,23.4
298560,24.4
298620,24.8
298680,24.6
298740,23.0
298800,23.2
298860,23.2
298920,24.4
298980,24.6
299040,23.8
299100,22.0
299160,22.0
299220,22.8
299280,23.0
299340,23.6
299400,23.2
299460,23.6
299520,23.4
299580,21.8
299640,23.0
299700,24.2
299760,22.8
299820,23.0
299880,23.8
299940,24.4
300000,21.6
300060,22.6
300120,24.8
300180,23.2
300240,23.6
300300,25.0
300360,24.4
300420,23.2
300480,23.4
300540,23.8
300600,26.2
300660,24.6
300720,23.6
300780,22.6
300840,23.6
300900,26.2
300960,23.4
301020,23.8
301080,25.0
301140,23.4
301200,25.0
301260,23.8
301320,24.4
301380,24.2
301440,23.8
301500,25.2
301560,22.4
301620,25.2
301680,24.8
301740,24.6
301800,24.6
301860,24.8
301920,25.4
301980,24.0
302040,25.2
302100,26.6
302160,26.0
302220,24.2
302280,24.4
302340,24.0
302400,25.4
302460,25.4
302520,24.2
302580,25.0
302640,23.0
302700,24.0
302760,24.8
302820,24.6
302880,22.4
302940,23.4
303000,23.0
303060,24.2
303120,23.8
303180,25.6
303240,22.4
303300,23.4
303360,23.2
303420,23.4
303480,24.2
303540,24.0
303600,24.4
303660,24.2
303720,24.2
303780,22.8
303840,24.6
303900,24.6
303960,21.8
304020,24.0
304080,23.8
304140,23.8
304200,23.4
304260,24.6
304320,24.6
304380,24.8
304440,24.8
304500,25.0
304560,24.2
304620,24.2
304680,24.2
304740,23.6
304800,24.4
304860,24.6
304920,23.4
304980,24.6
305040,24.4
305100,23.4
305160,23.8
305220,25.0
305280,24.8
305340,25.2
305400,23.8
305460,24.8
305520,24.2
305580,23.6
305640,24.4
305700,24.2
305760,24.8
305820,24.0
305880,24.8
305940,24.4
306000,24.8
306060,25.0
306120,25.0
306180,25.6
306240,24.8
306300,23.2
306360,24.4
306420,24.8
306480,25.2
306540,24.2
306600,25.4
306660,24.2
306720,24.4
306780,24.0
306840,23.4
306900,23.6
306960,23.8
307020,26.0
307080,24.0
307140,24.6
307200,24.8
307260,23.4
307320,25.0
307380,26.2
307440,23.6
307500,23.4
307560,26.2
307620,23.0
307680,24.4
307740,23.8
307800,23.4
307860,24.4
307920,23.6
307980,23.8
308040,24.0
308100,25.4
308160,24.6
308220,23.0
308280,24.8
308340,24.6
308400,25.0
308460,23.6
308520,24.8
308580,25.6
308640,22.4
308700,23.8
308760,24.8
308820,24.6
308880,24.8
308940,24.6
309000,25.8
309060,23.8
309120,24.4
309180,23.8
309240,26.0
309300,23.8
309360,24.4
309420,25.6
309480,25.0
309540,24.8
309600,24.2
309660,24.2
309720,23.6
309780,24.6
309840,23.4
309900,25.2
309960,24.2
310020,24.0
310080,25.2
310140,24.4
310200,24.4
310260,24.2
310320,24.4
310380,23.2
310440,23.8
310500,25.0
310560,23.4
310620,26.0
310680,24.0
310740,24.6
310800,26.0
310860,24.6
310920,24.8
310980,24.0
311040,24.4
311100,25.2
311160,24.8
311220,24.0
311280,23.8
311340,23.2
311400,25.2
311460,24.2
311520,24.0
311580,24.4
311640,25.0
311700,26.0
311760,25.4
311820,24.4
311880,24.8
311940,23.8
312000,24.6
312060,24.8
312120,24.6
312180,22.4
312240,25.6
312300,24.2
312360,24.4
312420,24.6
312480,24.8
312540,24.0
312600,23.2
312660,24.2
312720,24.8
312780,24.4
312840,23.8
312900,24.4
312960,23.6
313020,25.2
313080,23.6
313140,23.8
313200,23.6
313260,23.0
313320,24.0
313380,23.2
313440,23.2
313500,22.6
313560,23.8
313620,22.8
313680,24.4
313740,24.4
313800,24.4
313860,24.0
313920,25.0
313980,23.4
314040,23.8
314100,24.6
314160,25.0
314220,23.2
314280,23.8
314340,23.6
314400,23.0
314460,23.6
314520,23.6
314580,25.2
314640,24.2
314700,23.6
314760,22.6
314820,24.2
314880,25.2
314940,23.2
315000,24.4
315060,23.2
315120,24.0
315180,22.2
315240,24.4
315300,23.6
315360,23.8
315420,23.0
315480,23.6
315540,23.4
315600,23.4
315660,23.8
315720,23.4
315780,24.6
315840,23.2
315900,23.2
315960,24.2
316020,23.6
316080,23.8
316140,23.2
316200,24.0
316260,22.6
316320,23.6
316380,22.6
316440,24.0
316500,23.4
316560,24.0
316620,22.2
316680,23.0
316740,23.8
316800,23.0
316860,24.0
316920,23.0
316980,23.6
317040,23.2
317100,23.6
317160,23.4
317220,23.0
317280,23.4
317340,24.0
317400,23.4
317460,23.4
317520,23.4
317580,22.6
317640,23.0
317700,22.2
317760,22.0
317820,24.8
317880,23.2
317940,22.8
318000,23.4
318060,25.0
318120,25.8
318180,24.0
318240,23.4
318300,23.8
318360,22.2
318420,22.4
318480,23.8
318540,23.4
318600,23.6
318660,23.2
318720,24.0
318780,24.0
318840,22.2
318900,24.4
318960,23.0
319020,24.6
319080,24.6
319140,25.2
319200,23.2
319260,25.4
319320,23.8
319380,25.4
319440,24.4
319500,24.2
319560,24.4
319620,24.4
319680,24.8
319740,24.2
319800,24.0
319860,24.2
319920,23.4
319980,26.0
320040,24.8
320100,24.4
320160,25.6
320220,24.2
320280,25.6
320340,24.4
320400,23.6
320460,25.4
320520,25.0
320580,25.0
320640,26.0
320700,25.6
320760,24.8
320820,26.2
320880,24.8
320940,23.8
321000,25.4
321060,24.2
321120,24.2
321180,25.8
321240,24.8
321300,22.8
321360,24.4
321420,26.2
321480,25.6
321540,24.6
321600,24.4
321660,24.6
321720,24.8
321780,25.4
321840,25.0
321900,23.6
321960,23.2
322020,24.4
322080,24.4
322140,26.0
322200,26.0
322260,24.8
322320,24.8
322380,26.2
322440,24.8
322500,25.4
322560,24.2
322620,24.8
322680,25.4
322740,26.0
322800,25.8
322860,25.8
322920,23.4
322980,24.8
323040,25.0
323100,25.8
323160,24.0
323220,24.8
323280,26.2
323340,25.0
323400,25.6
323460,24.2
323520,24.6
323580,25.0
323640,25.4
323700,25.8
323760,25.8
323820,24.2
323880,25.6
323940,24.8
324000,24.2
324060,24.6
324120,24.2
324180,26.0
324240,24.4
324300,23.4
324360,23.4
324420,24.8
324480,24.8
324540,24.2
324600,24.6
324660,25.8
324720,24.2
324780,24.2
324840,23.8
324900,23.8
324960,25.8
325020,24.0
325080,24.2
325140,25.0
325200,23.6
325260,24.4
325320,25.4
325380,25.6
325440,23.4
325500,24.0
325560,25.0
325620,24.8
325680,24.4
325740,25.0
325800,24.0
325860,23.2
325920,25.8
325980,25.0
326040,24.8
326100,23.2
326160,24.6
326220,24.4
326280,24.4
326340,24.2
326400,24.0
326460,23.8
326520,25.8
326580,24.8
326640,25.8
326700,25.0
326760,23.8
326820,25.2
326880,25.6
326940,24.6
327000,24.6
327060,23.0
327120,23.8
327180,23.2
327240,24.2
327300,23.6
327360,24.6
327420,24.6
327480,24.6
327540,25.0
327600,24.8
327660,24.6
327720,25.8
327780,24.8
327840,24.2
327900,25.0
327960,23.8
328020,24.0
328080,23.8
328140,25.8
328200,25.0
328260,24.8
328320,23.0
328380,24.0
328440,25.6
328500,25.6
328560,24.4
328620,23.4
328680,23.6
328740,24.6
328800,24.6
328860,23.8
328920,23.0
328980,25.0
329040,24.4
329100,24.8
329160,24.0
329220,22.8
329280,22.4
329340,24.8
329400,23.4
329460,24.2
329520,23.2
329580,23.8
329640,23.0
329700,24.8
329760,24.8
329820,23.8
329880,22.4
329940,24.2
330000,23.8
330060,23.6
330120,23.2
330180,23.4
330240,22.8
330300,24.6
330360,24.4
330420,23.4
330480,23.8
330540,23.0
330600,24.4
330660,26.0
330720,24.0
330780,23.6
330840,24.4
330900,25.8
330960,24.0
331020,24.2
331080,23.4
331140,22.6
331200,24.6
331260,24.2
331320,22.8
331380,23.8
331440,24.4
331500,24.4
331560,23.4
331620,23.0
331680,24.0
331740,24.2
331800,26.2
331860,24.2
331920,23.4
331980,25.8
332040,24.4
332100,22.8
332160,23.8
332220,24.0
332280,24.6
332340,23.6
332400,25.0
332460,25.0
332520,24.0
332580,23.8
332640,24.6
332700,23.2
332760,23.2
332820,25.0
332880,23.8
332940,24.0
333000,23.8
333060,22.6
333120,22.4
333180,22.2
333240,25.6
333300,23.2
333360,23.6
333420,24.0
333480,24.0
333540,23.8
333600,22.0
333660,23.8
333720,23.0
333780,21.6
333840,23.4
333900,23.6
333960,24.0
334020,22.4
334080,21.6
334140,22.0
334200,23.4
334260,22.8
334320,23.2
334380,22.8
334440,21.6
334500,23.6
334560,22.2
334620,23.0
334680,23.4
334740,23.0
334800,22.8
334860,23.8
334920,24.2
334980,23.8
335040,24.0
335100,22.4
335160,23.4
335220,23.8
335280,23.0
335340,23.8
335400,23.6
335460,22.6
335520,23.4
335580,24.4
335640,23.0
335700,24.4
335760,24.0
335820,23.0
335880,22.8
335940,22.2
336000,24.2
336060,22.6
336120,22.0
336180,24.4
336240,24.4
336300,21.0
336360,22.4
336420,23.8
336480,24.4
336540,24.0
336600,24.6
336660,23.8
336720,23.6
336780,24.0
336840,23.6
336900,23.4
336960,24.6
337020,23.4
337080,25.6
337140,24.0
337200,24.6
337260,23.0
337320,23.2
337380,23.6
337440,23.2
337500,22.8
337560,23.2
337620,23.8
337680,25.0
337740,23.6
337800,24.8
337860,24.2
337920,23.2
337980,24.2
338040,24.4
338100,22.8
338160,22.8
338220,23.6
338280,24.0
338340,25.0
338400,23.8
338460,24.4
338520,23.0
338580,24.0
338640,24.4
338700,25.6
338760,23.4
338820,25.0
338880,22.4
338940,23.8
339000,24.4
339060,23.0
339120,22.2
339180,25.4
339240,24.8
339300,23.8
339360,23.8
339420,24.6
339480,24.0
339540,24.8
339600,24.4
339660,24.2
339720,22.6
339780,24.2
339840,23.6
339900,23.4
339960,24.6
340020,24.6
340080,23.8
340140,23.6
340200,24.2
340260,22.8
340320,23.4
340380,23.0
340440,25.0
340500,23.8
340560,24.2
340620,23.6
340680,23.8
340740,22.8
340800,23.8
340860,24.0
340920,24.4
340980,23.0
341040,22.8
341100,24.2
341160,23.2
341220,25.2
341280,22.8
341340,25.0
341400,23.2
341460,24.2
341520,24.2
341580,22.4
341640,23.6
341700,23.2
341760,23.4
341820,23.0
341880,24.6
341940,23.4
342000,24.0
342060,23.2
342120,24.2
342180,21.8
342240,23.2
342300,23.8
342360,24.0
342420,24.2
342480,24.4
342540,24.2
342600,22.6
342660,23.8
342720,22.8
342780,23.0
342840,21.8
342900,22.4
342960,22.2
343020,23.4
343080,23.2
343140,23.0
343200,23.4
343260,23.6
343320,23.4
343380,23.8
343440,22.4
343500,23.4
343560,24.4
343620,23.2
343680,23.4
343740,23.2
343800,22.8
343860,24.2
343920,21.2
343980,21.8
344040,23.0
344100,22.6
344160,24.6
344220,24.0
344280,22.6
344340,22.8
344400,21.0
344460,23.4
344520,21.2
344580,22.6
344640,22.6
344700,24.4
344760,23.0
344820,22.4
344880,23.4
344940,22.6
345000,23.0
345060,24.0
345120,23.4
345180,23.2
345240,22.8
345300,23.2
345360,22.2
345420,21.2
345480,22.8
345540,22.4
345600,22.0
345660,21.2
345720,23.2
345780,23.4
345840,23.6
345900,21.6
345960,22.8
346020,21.6
346080,22.0
346140,22.6
346200,22.8
346260,22.8
346320,23.8
346380,22.0
346440,23.8
346500,22.8
346560,22.6
346620,23.6
346680,24.0
346740,22.6
346800,22.4
346860,23.4
346920,24.2
346980,23.4
347040,23.8
347100,22.8
347160,23.4
347220,22.4
347280,24.2
347340,23.0
347400,23.0
347460,23.0
347520,23.8
347580,23.8
347640,20.8
347700,24.0
347760,22.4
347820,22.8
347880,22.6
347940,21.8
348000,24.2
348060,23.6
348120,23.0
348180,23.4
348240,22.2
348300,24.2
348360,23.6
348420,23.4
348480,24.4
348540,25.2
348600,23.0
348660,23.2
348720,23.2
348780,24.2
348840,23.6
348900,24.2
348960,25.6
349020,23.4
349080,22.4
349140,24.8
349200,23.4
349260,24.2
349320,22.8
349380,23.2
349440,24.6
349500,22.8
349560,24.6
349620,24.8
349680,24.8
349740,22.2
349800,25.8
349860,23.2
349920,23.2
349980,24.0
350040,22.2
350100,23.8
350160,23.6
350220,24.0
350280,25.6
350340,24.6
350400,23.2
350460,24.0
350520,24.4
350580,24.2
350640,23.2
350700,23.8
350760,24.0
350820,23.0
350880,23.8
350940,25.2
351000,23.8
351060,25.8
351120,24.8
351180,25.6
351240,23.8
351300,26.6
351360,24.6
351420,23.8
351480,24.8
351540,24.2
351600,23.4
351660,25.6
351720,25.0
351780,25.6
351840,26.0
351900,24.6
351960,24.2
352020,24.0
352080,24.4
352140,23.0
352200,24.6
352260,24.2
352320,23.8
352380,25.2
352440,24.0
352500,23.6
352560,23.4
352620,24.6
352680,24.2
352740,24.0
352800,23.8
352860,25.2
352920,24.6
352980,25.4
353040,24.0
353100,23.6
353160,23.4
353220,25.0
353280,23.8
353340,24.8
353400,24.6
353460,23.8
353520,25.0
353580,25.8
353640,25.0
353700,24.6
353760,24.0
353820,25.0
353880,25.4
353940,25.4
354000,24.2
354060,24.2
354120,25.8
354180,25.4
354240,24.2
354300,24.0
354360,23.2
354420,24.6
354480,24.0
354540,23.4
354600,24.2
354660,24.2
354720,24.8
354780,24.6
354840,25.2
354900,24.4
354960,24.6
355020,26.2
355080,23.6
355140,26.4
355200,23.8
355260,24.0
355320,24.2
355380,25.2
355440,26.4
355500,25.0
355560,24.2
355620,26.2
355680,24.8
355740,24.4
355800,24.4
355860,25.2
355920,25.6
355980,24.6
356040,23.8
356100,23.8
356160,24.2
356220,24.6
356280,25.0
356340,23.0
356400,23.4
356460,24.4
356520,23.6
356580,24.2
356640,23.6
356700,25.0
356760,25.4
356820,24.8
356880,23.2
356940,24.6
357000,24.4
357060,24.6
357120,23.6
357180,24.0
357240,25.0
357300,23.2
357360,24.4
357420,24.2
357480,23.8
357540,24.6
357600,25.0
357660,24.0
357720,22.8
357780,24.0
357840,24.0
357900,23.4
357960,23.4
358020,23.4
358080,25.0
358140,24.2
358200,24.0
358260,25.2
358320,23.6
358380,25.0
358440,23.8
358500,23.8
358560,23.6
358620,23.4
358680,23.6
358740,24.6
358800,23.4
358860,22.8
358920,24.2
358980,23.4
359040,24.8
359100,23.0
359160,23.8
359220,23.4
359280,24.0
359340,25.8
359400,23.0
359460,26.2
359520,25.8
359580,24.4
359640,25.6
359700,23.2
359760,24.4
359820,24.2
359880,24.8
359940,22.6
360000,23.0
360060,24.4
360120,25.0
360180,25.0
360240,25.2
360300,24.0
360360,24.6
360420,26.8
360480,23.6
360540,24.2
360600,25.0
360660,23.4
360720,25.0
360780,25.0
360840,26.2
360900,24.4
360960,23.8
361020,24.2
361080,26.2
361140,25.2
361200,25.8
361260,24.0
361320,25.0
361380,26.8
361440,25.6
361500,24.8
361560,25.0
361620,24.2
361680,25.2
361740,24.2
361800,25.2
361860,24.8
361920,24.2
361980,25.6
362040,24.8
362100,24.8
362160,24.2
362220,25.2
362280,23.8
362340,25.0
362400,25.0
362460,23.8
362520,24.0
362580,23.2
362640,24.8
362700,23.2
362760,26.2
362820,24.8
362880,24.6
362940,24.0
363000,23.4
363060,25.0
363120,25.0
363180,22.4
363240,24.8
363300,26.6
363360,24.8
363420,24.6
363480,25.0
363540,23.4
363600,24.4
363660,23.2
363720,26.2
363780,25.8
363840,25.8
363900,23.8
363960,24.6
364020,24.0
364080,24.4
364140,25.6
364200,24.8
364260,24.8
364320,24.0
364380,24.6
364440,24.6
364500,24.4
364560,25.2
364620,24.0
364680,23.4
364740,25.2
364800,23.2
364860,25.2
364920,25.6
364980,24.2
365040,25.2
365100,23.6
365160,24.4
365220,24.0
365280,24.2
365340,25.2
365400,24.8
365460,23.8
365520,25.2
365580,23.4
365640,25.0
365700,23.6
365760,24.6
365820,24.8
365880,24.4
365940,24.4
366000,23.6
366060,26.0
366120,25.2
366180,25.2
366240,26.6
366300,24.2
366360,24.4
366420,23.6
366480,25.0
366540,24.8
366600,23.4
366660,25.2
366720,24.6
366780,24.8
366840,24.4
366900,24.6
366960,23.6
367020,25.4
367080,25.6
367140,24.2
367200,24.6
367260,26.0
367320,23.8
367380,25.2
367440,24.0
367500,25.4
367560,25.6
367620,23.8
367680,26.2
367740,24.2
367800,25.0
367860,25.4
367920,25.2
367980,24.0
368040,25.6
368100,25.8
368160,25.4
368220,25.0
368280,25.8
368340,23.6
368400,24.4
368460,24.2
368520,23.2
368580,23.8
368640,24.4
368700,25.4
368760,24.8
368820,25.2
368880,23.4
368940,24.6
369000,25.4
369060,24.0
369120,23.4
369180,23.8
369240,23.0
369300,24.8
369360,26.4
369420,24.8
369480,25.8
369540,25.8
369600,24.0
369660,23.4
369720,24.6
369780,26.0
369840,24.6
369900,25.8
369960,22.6
370020,25.2
370080,23.0
370140,25.6
370200,25.4
370260,24.0
370320,25.2
370380,24.0
370440,23.2
370500,24.4
370560,24.2
370620,24.8
370680,24.8
370740,24.6
370800,26.4
370860,24.0
370920,25.6
370980,24.4
371040,24.2
371100,24.0
371160,25.2
371220,23.8
371280,25.0
371340,24.8
371400,25.0
371460,23.6
371520,25.6
371580,25.0
371640,23.2
371700,25.4
371760,24.0
371820,24.2
371880,25.2
371940,25.4
372000,23.8
372060,25.6
372120,23.8
372180,22.8
372240,22.4
372300,23.8
372360,24.8
372420,23.8
372480,22.6
372540,24.2
372600,23.2
372660,24.2
372720,25.2
372780,24.8
372840,24.8
372900,24.2
372960,24.8
373020,23.6
373080,23.8
373140,22.8
373200,24.6
373260,24.0
373320,23.8
373380,25.4
373440,25.0
373500,24.6
373560,23.4
373620,24.2
373680,24.6
373740,25.2
373800,24.8
373860,23.8
373920,24.2
373980,24.6
374040,24.4
374100,24.8
374160,24.6
374220,24.4
374280,24.0
374340,24.0
374400,25.2
374460,25.6
374520,24.6
374580,26.2
374640,23.2
374700,24.4
374760,25.4
374820,23.0
374880,24.2
374940,23.0
375000,24.4
375060,25.2
375120,24.0
375180,24.8
375240,25.2
375300,23.8
375360,23.6
375420,24.8
375480,24.0
375540,24.0
375600,23.0
375660,25.4
375720,23.0
375780,25.8
375840,25.4
375900,24.2
375960,23.6
376020,23.6
376080,24.4
376140,24.2
376200,22.8
376260,23.6
376320,23.2
376380,24.8
376440,23.2
376500,25.8
376560,25.2
376620,23.8
376680,23.6
376740,23.2
376800,22.8
376860,24.4
376920,22.6
376980,21.8
377040,20.8
377100,22.6
377160,23.8
377220,21.8
377280,23.8
377340,23.0
377400,24.0
377460,23.8
377520,23.2
377580,23.8
377640,23.6
377700,24.4
377760,22.8
377820,24.2
377880,22.6
377940,24.8
378000,23.4
378060,22.8
378120,23.6
378180,23.2
378240,23.2
378300,23.0
378360,23.6
378420,23.4
378480,22.0
378540,23.2
378600,23.0
378660,25.0
378720,25.2
378780,22.4
378840,23.0
378900,24.4
378960,25.0
379020,23.6
379080,24.8
379140,23.8
379200,23.4
379260,24.2
379320,24.2
379380,23.4
379440,25.0
379500,23.6
379560,24.6
379620,24.8
379680,24.0
379740,23.8
379800,25.2
379860,23.8
379920,24.8
379980,24.4
380040,23.4
380100,24.4
380160,24.0
380220,24.8
380280,23.8
380340,25.0
380400,22.6
380460,25.2
380520,26.0
380580,25.6
380640,24.2
380700,25.4
380760,24.0
380820,23.2
380880,24.2
380940,24.4
381000,25.8
381060,25.4
381120,25.6
381180,23.6
381240,25.6
381300,25.0
381360,24.6
381420,25.2
381480,23.6
381540,25.2
381600,26.2
381660,23.2
381720,22.6
381780,25.6
381840,24.4
381900,24.8
381960,24.4
382020,24.6
382080,25.2
382140,24.0
382200,24.6
382260,25.8
382320,25.0
382380,24.6
382440,25.4
382500,22.4
382560,24.4
382620,23.6
382680,24.8
382740,23.0
382800,25.0
382860,25.0
382920,25.4
382980,23.4
383040,25.8
383100,23.8
383160,24.0
383220,24.4
383280,26.0
383340,23.4
383400,25.6
383460,23.8
383520,25.6
383580,25.2
383640,25.8
383700,25.4
383760,23.8
383820,24.0
383880,23.8
383940,25.6
384000,24.2
384060,25.2
384120,23.6
384180,25.6
384240,25.6
384300,24.8
384360,23.6
384420,25.0
384480,25.4
384540,24.4
384600,22.8
384660,23.6
384720,24.2
384780,25.0
384840,26.2
384900,24.2
384960,25.2
385020,25.0
385080,24.2
385140,22.6
385200,25.8
385260,25.8
385320,25.0
385380,25.0
385440,22.8
385500,24.6
385560,25.0
385620,23.8
385680,24.0
385740,24.4
385800,24.0
385860,24.8
385920,24.6
385980,24.0
386040,24.8
386100,25.2
386160,25.4
386220,25.2
386280,22.4
386340,23.0
386400,24.6
386460,24.2
386520,25.4
386580,25.4
386640,24.6
386700,24.0
386760,24.8
386820,25.0
386880,24.0
386940,24.4
387000,23.4
387060,25.2
387120,24.4
387180,24.8
387240,23.6
387300,24.2
387360,23.2
387420,23.6
387480,24.4
387540,25.0
387600,25.6
387660,24.0
387720,24.0
387780,23.8
387840,22.8
387900,24.4
387960,25.0
388020,23.6
388080,25.4
388140,23.8
388200,24.2
388260,24.6
388320,25.6
388380,24.4
388440,24.6
388500,23.8
388560,24.2
388620,24.0
388680,23.4
388740,24.2
388800,23.8
388860,24.4
388920,22.8
388980,24.6
389040,24.8
389100,24.6
389160,25.2
389220,24.4
389280,25.6
389340,25.6
389400,25.4
389460,24.2
389520,24.6
389580,23.8
389640,23.8
389700,25.8
389760,25.2
389820,24.0
389880,25.8
389940,25.2
390000,25.2
390060,25.0
390120,25.6
390180,24.6
390240,23.8
390300,24.6
390360,25.8
390420,25.6
390480,23.8
390540,25.2
390600,26.2
390660,25.2
390720,24.6
390780,24.4
390840,25.6
390900,26.4
390960,25.0
391020,25.8
391080,25.6
391140,25.8
391200,25.4
391260,25.0
391320,24.8
391380,25.0
391440,24.6
391500,25.0
391560,26.2
391620,24.6
391680,24.8
391740,24.2
391800,22.2
391860,25.0
391920,25.4
391980,24.6
392040,23.8
392100,24.8
392160,24.6
392220,24.4
392280,25.6
392340,26.8
392400,25.6
392460,25.0
392520,25.4
392580,25.0
392640,24.6
392700,25.0
392760,24.8
392820,25.8
392880,24.2
392940,24.4
393000,24.6
393060,24.8
393120,24.2
393180,23.4
393240,25.2
393300,24.6
393360,25.6
393420,25.2
393480,24.8
393540,24.8
393600,26.4
393660,24.8
393720,25.4
393780,24.0
393840,24.4
393900,24.2
393960,24.0
394020,25.8
394080,23.8
394140,25.4
394200,25.2
394260,25.6
394320,24.4
394380,24.8
394440,26.6
394500,25.6
394560,24.8
394620,24.2
394680,26.0
394740,23.4
394800,24.8
394860,24.0
394920,24.8
394980,24.6
395040,26.2
395100,24.2
395160,25.0
395220,24.0
395280,24.4
395340,24.4
395400,26.2
395460,24.2
395520,25.8
395580,24.2
395640,24.0
395700,26.2
395760,23.6
395820,23.8
395880,26.4
395940,24.8
396000,25.8
396060,25.4
396120,23.4
396180,25.4
396240,25.2
396300,26.6
396360,26.4
396420,25.6
396480,25.0
396540,25.4
396600,25.6
396660,25.2
396720,25.6
396780,24.4
396840,24.4
396900,25.2
396960,26.0
397020,24.4
397080,25.0
397140,25.2
397200,25.6
397260,23.6
397320,27.0
397380,27.0
397440,24.0
397500,26.8
397560,25.4
397620,24.2
397680,25.4
397740,24.8
397800,25.0
397860,24.6
397920,24.4
397980,25.4
398040,24.2
398100,25.4
398160,23.8
398220,26.2
398280,25.2
398340,23.8
398400,26.2
398460,24.6
398520,24.6
398580,26.4
398640,24.0
398700,24.4
398760,26.6
398820,25.0
398880,25.6
398940,26.2
399000,24.6
399060,24.4
399120,26.6
399180,25.0
399240,25.4
399300,25.2
399360,25.0
399420,25.2
399480,25.4
399540,26.0
399600,24.6
399660,25.6
399720,25.0
399780,26.2
399840,26.0
399900,25.0
399960,24.4
400020,25.8
400080,25.6
400140,24.2
400200,24.0
400260,26.2
400320,26.6
400380,25.0
400440,23.4
400500,26.2
400560,25.4
400620,25.0
400680,25.6
400740,23.6
400800,23.8
400860,24.2
400920,26.6
400980,25.6
401040,25.2
401100,24.0
401160,23.4
401220,25.0
401280,24.0
401340,24.8
401400,24.4
401460,25.0
401520,24.2
401580,24.8
401640,25.4
401700,24.6
401760,24.8
401820,26.8
401880,25.2
401940,25.8
402000,26.4
402060,25.4
402120,25.2
402180,25.6
402240,23.8
402300,24.4
402360,24.4
402420,26.6
402480,25.2
402540,24.2
402600,24.8
402660,25.2
402720,24.8
402780,24.2
402840,25.2
402900,25.6
402960,24.6
403020,24.2
403080,24.6
403140,23.4
403200,24.0
403260,24.8
403320,26.0
403380,25.0
403440,24.0
403500,24.8
403560,25.6
403620,25.8
403680,24.8
403740,25.0
403800,26.4
403860,25.2
403920,25.0
403980,24.8
404040,23.8
404100,24.8
404160,25.8
404220,26.2
404280,24.2
404340,23.4
404400,25.6
404460,25.2
404520,25.0
404580,25.4
404640,25.4
404700,25.0
404760,25.8
404820,25.6
404880,24.2
404940,24.8
405000,24.0
405060,24.6
405120,24.8
405180,24.8
405240,25.2
405300,24.6
405360,24.4
405420,23.4
405480,24.0
405540,24.4
405600,25.2
405660,24.8
405720,26.0
405780,25.6
405840,24.8
405900,25.6
405960,24.2
406020,23.6
406080,24.6
406140,24.8
406200,24.4
406260,24.0
406320,25.4
406380,24.0
406440,26.4
406500,24.6
406560,24.0
406620,24.8
406680,24.6
406740,24.6
406800,24.0
406860,24.8
406920,25.2
406980,24.4
407040,22.8
407100,24.6
407160,23.4
407220,25.0
407280,24.2
407340,25.4
407400,25.4
407460,23.2
407520,24.6
407580,23.4
407640,22.8
407700,23.4
407760,23.8
407820,24.4
407880,23.8
407940,27.0
408000,24.8
408060,26.2
408120,23.8
408180,25.0
408240,23.6
408300,24.6
408360,24.0
408420,24.0
408480,23.0
408540,25.4
408600,24.4
408660,24.8
408720,25.0
408780,26.2
408840,24.2
408900,24.2
408960,26.6
409020,24.8
409080,24.0
409140,24.0
409200,25.0
409260,23.8
409320,27.6
409380,23.6
409440,24.4
409500,23.8
409560,25.6
409620,22.6
409680,25.4
409740,24.4
409800,25.0
409860,24.0
409920,25.2
409980,23.8
410040,26.2
410100,25.0
410160,24.6
410220,23.0
410280,25.0
410340,24.8
410400,24.6
410460,25.2
410520,23.8
410580,24.6
410640,26.6
410700,25.4
410760,25.4
410820,25.0
410880,24.8
410940,22.6
411000,25.6
411060,25.2
411120,24.6
411180,24.8
411240,25.0
411300,24.8
411360,24.4
411420,24.0
411480,23.2
411540,23.4
411600,24.6
411660,23.4
411720,23.4
411780,25.6
411840,24.4
411900,24.8
411960,24.8
412020,25.2
412080,24.2
412140,24.4
412200,25.0
412260,25.6
412320,23.2
412380,26.0
412440,25.8
412500,25.4
412560,25.4
412620,24.2
412680,24.8
412740,24.2
412800,25.2
412860,23.4
412920,25.2
412980,25.8
413040,24.0
413100,24.4
413160,24.6
413220,26.4
413280,24.2
413340,23.4
413400,25.2
413460,25.2
413520,24.2
413580,25.4
413640,23.6
413700,25.6
413760,22.8
413820,24.6
413880,23.8
413940,24.6
414000,25.6
414060,23.8
414120,24.2
414180,23.8
414240,22.8
414300,24.4
414360,25.0
414420,24.0
414480,24.2
414540,23.4
414600,24.2
414660,24.2
414720,24.8
414780,25.2
414840,23.2
414900,23.8
414960,24.2
415020,24.0
415080,23.6
415140,23.8
415200,24.6
415260,25.2
415320,23.6
415380,23.6
415440,25.6
415500,24.0
415560,23.2
415620,24.4
415680,25.4
415740,24.8
415800,25.6
415860,24.6
415920,24.6
415980,25.8
416040,23.0
416100,25.2
416160,24.0
416220,25.2
416280,23.4
416340,25.4
416400,23.8
416460,24.6
416520,23.4
416580,25.8
416640,24.0
416700,24.8
416760,24.4
416820,25.6
416880,25.0
416940,24.8
417000,24.2
417060,24.6
417120,25.2
417180,26.2
417240,24.6
417300,24.6
417360,24.2
417420,25.0
417480,25.4
417540,27.6
417600,25.2
417660,25.6
417720,25.4
417780,24.2
417840,25.0
417900,25.2
417960,26.4
418020,27.2
418080,25.4
418140,26.4
418200,25.6
418260,24.8
418320,26.0
418380,25.6
418440,24.6
418500,26.6
418560,25.0
418620,26.0
418680,26.6
418740,23.4
418800,24.6
418860,23.8
418920,23.8
418980,24.2
419040,24.4
419100,26.2
419160,25.0
419220,24.0
419280,24.6
419340,24.2
419400,23.4
419460,25.8
419520,24.2
419580,23.2
419640,25.6
419700,24.2
419760,25.4
419820,24.2
419880,23.8
419940,25.8
420000,25.4
420060,25.8
420120,23.8
420180,23.4
420240,24.2
420300,25.6
420360,24.0
420420,25.0
420480,25.2
420540,24.8
420600,24.2
420660,25.4
420720,25.6
420780,24.8
420840,24.8
420900,23.8
420960,23.6
421020,25.0
421080,24.2
421140,26.2
421200,25.4
421260,25.0
421320,24.4
421380,27.0
421440,26.6
421500,26.2
421560,25.4
421620,24.2
421680,25.4
421740,24.4
421800,23.6
421860,25.2
421920,24.8
421980,25.0
422040,24.4
422100,23.6
422160,24.8
422220,24.6
422280,26.4
422340,25.4
422400,26.2
422460,25.2
422520,24.8
422580,25.0
422640,25.8
422700,25.8
422760,25.6
422820,25.4
422880,26.0
422940,24.0
423000,24.2
423060,25.4
423120,24.6
423180,23.8
423240,24.2
423300,26.4
423360,24.4
423420,26.4
423480,23.6
423540,25.6
423600,25.4
423660,25.8
423720,25.4
423780,24.8
423840,25.2
423900,25.6
423960,25.0
424020,26.2
424080,24.6
424140,25.8
424200,24.6
424260,26.0
424320,25.4
424380,25.8
424440,25.2
424500,25.4
424560,24.6
424620,25.0
424680,22.8
424740,26.0
424800,24.8
424860,25.6
424920,24.8
424980,24.4
425040,27.6
425100,25.6
425160,24.8
425220,23.6
425280,25.0
425340,24.8
425400,24.6
425460,25.4
425520,25.4
425580,25.0
425640,25.6
425700,25.6
425760,25.8
425820,24.8
425880,25.6
425940,24.6
426000,24.0
426060,24.2
426120,24.4
426180,23.6
426240,26.2
426300,24.6
426360,25.4
426420,24.8
426480,25.2
426540,24.8
426600,26.8
426660,25.0
426720,24.8
426780,25.4
426840,24.8
426900,25.2
426960,23.4
427020,26.2
427080,26.2
427140,25.2
427200,25.6
427260,24.6
427320,24.8
427380,25.4
427440,27.0
427500,25.6
427560,25.6
427620,24.8
427680,25.6
427740,24.6
427800,25.4
427860,24.6
427920,25.0
427980,23.8
428040,25.0
428100,24.6
428160,24.2
428220,26.2
428280,26.0
428340,24.8
428400,24.4
428460,26.0
428520,24.6
428580,24.8
428640,22.8
428700,24.8
428760,24.0
428820,24.6
428880,25.0
428940,26.2
429000,26.0
429060,25.6
429120,24.8
429180,23.8
429240,23.8
429300,26.0
429360,26.4
429420,26.2
429480,25.6
429540,24.4
429600,25.8
429660,25.4
429720,25.0
429780,24.0
429840,26.8
429900,25.4
429960,24.4
430020,25.6
430080,24.6
430140,23.6
430200,26.2
430260,24.6
430320,25.8
430380,25.2
430440,25.4
430500,25.6
430560,26.0
430620,23.2
430680,24.0
430740,26.6
430800,24.6
430860,24.4
430920,23.8
430980,24.2
431040,26.8
431100,27.4
431160,23.6
431220,24.0
431280,25.0
431340,25.4
431400,26.2
431460,24.6
431520,25.6
431580,25.0
431640,25.8
431700,26.2
431760,24.6
431820,24.2
431880,26.6
431940,25.2
432000,23.4
432060,25.4
432120,25.4
432180,25.8
432240,25.4
432300,25.6
432360,25.6
432420,24.8
432480,24.8
432540,25.8
432600,25.0
432660,25.6
432720,25.8
432780,24.8
432840,25.4
432900,25.6
432960,24.8
433020,26.6
433080,26.2
433140,26.4
433200,24.0
433260,24.4
433320,25.8
433380,26.0
433440,25.0
433500,24.4
433560,24.8
433620,26.6
433680,26.2
433740,25.2
433800,23.8
433860,24.2
433920,23.6
433980,25.2
434040,25.0
434100,23.8
434160,25.0
434220,24.8
434280,24.2
434340,25.2
434400,25.8
434460,25.2
434520,23.8
434580,24.2
434640,24.6
434700,26.4
434760,25.4
434820,25.4
434880,24.4
434940,24.8
435000,25.8
435060,27.4
435120,26.8
435180,24.6
435240,25.0
435300,24.8
435360,25.0
435420,24.4
435480,25.8
435540,24.8
435600,23.4
435660,24.6
435720,24.8
435780,26.6
435840,25.4
435900,24.8
435960,24.6
436020,23.6
436080,25.8
436140,23.8
436200,23.8
436260,24.4
436320,24.2
436380,24.6
436440,24.8
436500,24.6
436560,25.4
436620,25.0
436680,24.6
436740,24.4
436800,24.4
436860,26.0
436920,24.4
436980,24.6
437040,24.6
437100,25.8
437160,25.6
437220,24.8
437280,26.4
437340,25.2
437400,23.2
437460,24.8
437520,24.6
437580,24.8
437640,25.0
437700,25.6
437760,24.8
437820,24.0
437880,25.4
437940,27.2
438000,23.8
438060,24.8
438120,25.6
438180,24.4
438240,24.8
438300,25.0
438360,25.2
438420,24.6
438480,25.0
438540,24.4
438600,24.8
438660,26.2
438720,25.6
438780,26.4
438840,24.4
438900,24.6
438960,25.6
439020,25.6
439080,25.0
439140,24.2
439200,25.6
439260,24.4
439320,25.0
439380,23.8
439440,24.0
439500,25.0
439560,25.4
439620,24.4
439680,25.2
439740,23.6
439800,24.2
439860,24.6
439920,24.4
439980,26.4
440040,24.2
440100,25.2
440160,24.4
440220,25.4
440280,23.0
440340,27.4
440400,24.8
440460,25.2
440520,25.0
440580,25.4
440640,25.6
440700,25.2
440760,25.8
440820,24.2
440880,25.8
440940,26.2
441000,26.6
441060,25.6
441120,25.2
441180,25.0
441240,25.6
441300,24.8
441360,25.2
441420,25.4
441480,24.6
441540,26.6
441600,25.4
441660,26.4
441720,25.6
441780,26.2
441840,24.8
441900,26.8
441960,24.0
442020,26.2
442080,26.2
442140,25.2
442200,25.2
442260,25.0
442320,24.2
442380,24.6
442440,26.4
442500,24.6
442560,25.0
442620,25.4
442680,26.4
442740,25.4
442800,26.0
442860,25.8
442920,25.0
442980,23.2
443040,25.0
443100,25.2
443160,24.6
443220,25.6
443280,25.4
443340,25.0
443400,24.2
443460,25.0
443520,25.0
443580,25.4
443640,25.8
443700,24.6
443760,24.0
443820,24.6
443880,24.6
443940,25.0
444000,26.0
444060,26.2
444120,26.0
444180,26.2
444240,24.8
444300,25.2
444360,25.4
444420,24.6
444480,26.4
444540,23.8
444600,26.2
444660,24.2
444720,25.6
444780,25.4
444840,24.4
444900,25.8
444960,24.4
445020,25.6
445080,24.2
445140,25.6
445200,26.2
445260,24.4
445320,24.6
445380,26.4
445440,25.0
445500,28.0
445560,28.0
445620,25.2
445680,25.6
445740,26.2
445800,25.4
445860,23.4
445920,25.0
445980,24.6
446040,23.0
446100,25.4
446160,25.2
446220,26.2
446280,25.2
446340,25.6
446400,25.0
446460,24.2
446520,25.4
446580,24.8
446640,25.2
446700,24.2
446760,24.6
446820,26.6
446880,26.4
446940,26.8
447000,24.0
447060,25.6
447120,25.6
447180,25.4
447240,25.0
447300,25.0
447360,26.0
447420,25.0
447480,26.0
447540,26.0
447600,25.6
447660,23.6
447720,26.2
447780,26.2
447840,25.4
447900,26.4
447960,24.0
448020,24.2
448080,24.6
448140,24.0
448200,24.2
448260,25.4
448320,23.2
448380,25.8
448440,26.2
448500,25.6
448560,23.4
448620,25.8
448680,24.6
448740,24.4
448800,24.4
448860,24.2
448920,26.2
448980,24.8
449040,26.6
449100,25.8
449160,25.0
449220,25.0
449280,25.4
449340,25.6
449400,24.6
449460,24.8
449520,25.2
449580,26.0
449640,25.8
449700,26.6
449760,23.6
449820,25.6
449880,25.0
449940,24.8
450000,25.8
450060,26.0
450120,26.2
450180,25.2
450240,26.8
450300,25.6
450360,25.2
450420,24.6
450480,24.4
450540,24.2
450600,24.4
450660,25.2
450720,25.0
450780,25.6
450840,25.8
450900,26.6
450960,25.6
451020,25.0
451080,27.0
451140,25.8
451200,25.4
451260,25.2
451320,25.8
451380,24.8
451440,25.2
451500,24.6
451560,25.0
451620,25.0
451680,26.2
451740,25.2
451800,24.4
451860,25.4
451920,23.6
451980,25.4
452040,25.4
452100,25.4
452160,25.8
452220,25.0
452280,25.4
452340,25.0
452400,25.6
452460,24.8
452520,25.6
452580,24.0
452640,25.6
452700,27.0
452760,24.8
452820,26.8
452880,25.2
452940,25.4
453000,25.6
453060,25.0
453120,25.4
453180,25.4
453240,26.0
453300,25.8
453360,24.8
453420,24.0
453480,25.2
453540,25.6
453600,26.2
453660,25.0
453720,26.4
453780,24.4
453840,26.0
453900,24.8
453960,24.8
454020,26.4
454080,25.0
454140,26.0
454200,25.4
454260,25.0
454320,26.6
454380,24.2
454440,25.6
454500,26.2
454560,25.6
454620,25.2
454680,25.6
454740,26.2
454800,25.2
454860,26.0
454920,26.6
454980,25.8
455040,26.4
455100,24.6
455160,25.6
455220,26.4
455280,22.6
455340,25.0
455400,25.0
455460,24.6
455520,25.8
455580,24.8
455640,25.4
455700,24.8
455760,24.6
455820,25.2
455880,25.8
455940,26.2
456000,24.0
456060,23.8
456120,24.4
456180,26.4
456240,27.0
456300,26.6
456360,25.2
456420,25.2
456480,25.0
456540,25.8
456600,23.6
456660,24.4
456720,24.6
456780,23.6
456840,24.6
456900,25.4
456960,25.6
457020,24.0
457080,23.8
457140,24.2
457200,26.8
457260,25.2
457320,25.2
457380,24.4
457440,26.0
457500,25.8
457560,25.0
457620,25.6
457680,25.4
457740,24.8
457800,23.6
457860,26.0
457920,25.0
457980,25.8
458040,25.6
458100,24.0
458160,24.8
458220,25.0
458280,24.2
458340,24.2
458400,24.0
458460,23.6
458520,24.0
458580,23.8
458640,22.8
458700,25.4
458760,24.6
458820,25.4
458880,25.0
458940,25.8
459000,24.8
459060,24.0
459120,24.2
459180,25.4
459240,25.2
459300,25.0
459360,24.2
459420,24.6
459480,24.8
459540,25.0
459600,25.0
459660,26.4
459720,25.4
459780,25.8
459840,24.2
459900,25.4
459960,24.8
460020,24.2
460080,23.6
460140,24.8
460200,25.6
460260,24.2
460320,25.0
460380,24.2
460440,25.8
460500,25.6
460560,24.6
460620,25.2
460680,24.0
460740,25.6
460800,25.2
460860,23.2
460920,23.8
460980,22.8
461040,24.2
461100,25.8
461160,24.2
461220,25.4
461280,25.4
461340,24.0
461400,22.8
461460,24.4
461520,23.8
461580,24.8
461640,25.0
461700,23.8
461760,24.6
461820,24.8
461880,25.4
461940,23.8
462000,23.2
462060,24.6
462120,23.8
462180,25.0
462240,22.8
462300,26.2
462360,23.6
462420,24.6
462480,25.6
462540,24.0
462600,25.0
462660,23.2
462720,23.6
462780,25.8
462840,25.8
462900,25.2
462960,23.8
463020,23.8
463080,24.6
463140,24.6
463200,24.8
463260,23.6
463320,24.6
463380,24.4
463440,26.0
463500,25.8
463560,24.8
463620,25.0
463680,26.0
463740,23.4
463800,23.0
463860,24.2
463920,25.2
463980,26.0
464040,25.4
464100,26.2
464160,27.2
464220,24.4
464280,25.0
464340,24.6
464400,24.4
464460,24.8
464520,25.0
464580,24.0
464640,24.6
464700,24.4
464760,23.8
464820,24.4
464880,25.6
464940,25.2
465000,24.4
465060,26.2
465120,25.2
465180,27.2
465240,24.8
465300,25.2
465360,24.8
465420,24.6
465480,26.0
465540,25.2
465600,23.4
465660,26.4
465720,23.6
465780,24.0
465840,24.8
465900,24.8
465960,24.8
466020,24.8
466080,23.8
466140,23.4
466200,25.4
466260,24.4
466320,24.4
466380,25.6
466440,23.4
466500,23.6
466560,23.4
466620,24.8
466680,24.2
466740,23.2
466800,23.8
466860,23.0
466920,24.0
466980,24.8
467040,23.6
467100,24.2
467160,23.2
467220,23.8
467280,22.6
467340,24.0
467400,23.2
467460,23.8
467520,23.6
467580,22.8
467640,24.8
467700,23.6
467760,24.4
467820,22.8
467880,23.8
467940,22.2
468000,24.4
468060,22.4
468120,24.6
468180,22.4
468240,23.4
468300,24.0
468360,24.0
468420,25.0
468480,25.2
468540,22.6
468600,23.2
468660,25.4
468720,24.6
468780,23.4
468840,22.4
468900,23.4
468960,23.2
469020,23.8
469080,25.2
469140,25.4
469200,23.6
469260,23.8
469320,23.8
469380,25.0
469440,26.0
469500,25.0
469560,26.0
469620,22.8
469680,24.4
469740,25.0
469800,25.0
469860,23.2
469920,22.4
469980,24.8
470040,24.8
470100,22.4
470160,24.4
470220,24.4
470280,24.6
470340,25.4
470400,23.2
470460,23.2
470520,23.8
470580,25.0
470640,24.8
470700,23.6
470760,24.4
470820,24.0
470880,23.6
470940,24.2
471000,23.2
471060,23.8
471120,25.8
471180,23.4
471240,22.8
471300,24.2
471360,23.2
471420,23.8
471480,24.4
471540,23.0
471600,24.0
471660,24.4
471720,25.4
471780,24.2
471840,24.0
471900,24.8
471960,24.4
472020,24.0
472080,24.8
472140,25.2
472200,24.0
472260,24.0
472320,25.2
472380,24.4
472440,24.4
472500,24.6
472560,23.8
472620,25.2
472680,24.2
472740,23.2
472800,25.2
472860,24.4
472920,25.0
472980,24.2
473040,23.4
473100,24.6
473160,24.2
473220,23.6
473280,24.0
473340,24.0
473400,24.0
473460,24.4
473520,24.0
473580,23.4
473640,23.6
473700,24.2
473760,24.6
473820,24.6
473880,23.2
473940,23.8
474000,23.8
474060,23.8
474120,24.2
474180,24.6
474240,25.2
474300,24.8
474360,24.6
474420,25.6
474480,23.0
474540,25.4
474600,24.2
474660,24.8
474720,25.0
474780,24.4
474840,24.8
474900,22.6
474960,23.2
475020,24.4
475080,24.0
475140,23.6
475200,25.4
475260,25.0
475320,23.6
475380,24.6
475440,24.0
475500,24.6
475560,23.4
475620,24.8
475680,23.6
475740,25.4
475800,24.6
475860,24.4
475920,25.6
475980,22.8
476040,22.8
476100,25.4
476160,24.2
476220,24.2
476280,24.4
476340,24.6
476400,24.4
476460,23.8
476520,22.6
476580,24.6
476640,23.4
476700,23.8
476760,23.2
476820,24.6
476880,24.8
476940,24.8
477000,25.4
477060,22.8
477120,25.6
477180,24.4
477240,23.8
477300,24.0
477360,24.6
477420,26.4
477480,25.0
477540,25.2
477600,24.4
477660,24.6
477720,24.8
477780,23.8
477840,26.2
477900,24.4
477960,24.6
478020,25.8
478080,24.8
478140,26.0
478200,24.0
478260,25.2
478320,25.6
478380,25.4
478440,23.4
478500,25.0
478560,25.8
478620,24.2
478680,24.2
478740,25.8
478800,25.2
478860,24.6
478920,25.0
478980,25.4
479040,25.4
479100,25.0
479160,23.8
479220,24.0
479280,24.6
479340,24.8
479400,25.0
479460,25.2
479520,23.6
479580,24.4
479640,24.6
479700,24.8
479760,24.4
479820,24.2
479880,24.2
479940,25.2
480000,24.2
480060,25.2
480120,24.0
480180,24.4
480240,24.6
480300,24.6
480360,24.8
480420,26.2
480480,23.2
480540,25.2
480600,25.0
480660,24.4
480720,24.0
480780,23.6
480840,25.2
480900,25.0
480960,23.6
481020,23.0
481080,25.4
481140,26.4
481200,26.0
481260,24.8
481320,23.8
481380,25.4
481440,24.6
481500,23.2
481560,25.0
481620,26.4
481680,24.0
481740,25.0
481800,25.0
481860,24.6
481920,25.6
481980,24.4
482040,25.6
482100,22.6
482160,24.2
482220,24.2
482280,23.8
482340,26.6
482400,24.2
482460,24.8
482520,25.4
482580,25.6
482640,25.0
482700,23.8
482760,25.8
482820,25.8
482880,24.6
482940,25.6
483000,24.2
483060,25.4
483120,24.6
483180,23.6
483240,24.4
483300,26.2
483360,25.4
483420,24.6
483480,25.0
483540,24.8
483600,26.0
483660,24.6
483720,25.0
483780,24.4
483840,25.0
483900,25.2
483960,23.6
484020,25.2
484080,25.4
484140,24.2
484200,26.8
484260,26.6
484320,24.6
484380,25.2
484440,26.2
484500,25.6
484560,24.6
484620,26.0
484680,26.0
484740,24.6
484800,24.8
484860,24.2
484920,23.8
484980,24.6
485040,25.2
485100,24.6
485160,25.8
485220,25.8
485280,23.8
485340,24.0
485400,26.0
485460,24.6
485520,25.4
485580,24.8
485640,26.2
485700,24.4
485760,23.8
485820,23.6
485880,25.4
485940,26.0
486000,25.2
486060,26.0
486120,26.2
486180,24.8
486240,25.6
486300,25.8
486360,25.0
486420,23.8
486480,25.0
486540,25.6
486600,23.6
486660,24.2
486720,25.0
486780,23.8
486840,23.2
486900,25.0
486960,26.2
487020,24.0
487080,25.8
487140,25.4
487200,27.2
487260,25.0
487320,23.6
487380,24.2
487440,25.4
487500,25.6
487560,26.4
487620,24.8
487680,24.2
487740,26.2
487800,25.4
487860,25.2
487920,24.8
487980,25.4
488040,24.0
488100,24.6
488160,25.0
488220,26.2
488280,22.8
488340,24.8
488400,25.6
488460,24.8
488520,25.2
488580,25.6
488640,24.4
488700,24.8
488760,25.8
488820,24.4
488880,24.4
488940,24.4
489000,24.6
489060,26.6
489120,25.8
489180,24.2
489240,24.6
489300,25.2
489360,25.4
489420,24.4
489480,24.2
489540,25.0
489600,22.6
489660,25.2
489720,24.8
489780,24.8
489840,26.2
489900,25.4
489960,24.8
490020,24.6
490080,24.2
490140,24.4
490200,25.4
490260,26.2
490320,25.2
490380,25.4
490440,24.8
490500,25.8
490560,25.2
490620,25.4
490680,24.4
490740,25.4
490800,25.0
490860,27.0
490920,24.6
490980,25.2
491040,24.4
491100,24.0
491160,24.8
491220,24.0
491280,25.8
491340,25.0
491400,25.6
491460,25.6
491520,24.4
491580,25.2
491640,25.6
491700,25.2
491760,25.6
491820,25.2
491880,24.0
491940,25.0
492000,27.0
492060,25.6
492120,24.4
492180,24.8
492240,25.0
492300,24.2
492360,23.2
492420,25.8
492480,25.8
492540,24.2
492600,25.0
492660,23.8
492720,24.0
492780,25.0
492840,25.6
492900,25.0
492960,23.6
493020,24.0
493080,24.8
493140,25.2
493200,24.6
493260,25.0
493320,24.8
493380,25.6
493440,23.6
493500,24.2
493560,23.8
493620,24.6
493680,25.2
493740,26.4
493800,24.4
493860,25.0
493920,25.2
493980,24.6
494040,25.0
494100,26.0
494160,23.8
494220,26.4
494280,24.8
494340,25.2
494400,25.6
494460,24.6
494520,24.6
494580,25.4
494640,24.8
494700,25.0
494760,24.4
494820,24.2
494880,24.8
494940,26.0
495000,24.6
495060,26.2
495120,25.2
495180,25.2
495240,24.4
495300,24.8
495360,24.4
495420,25.0
495480,24.2
495540,25.2
495600,25.4
495660,24.4
495720,23.6
495780,24.8
495840,25.2
495900,25.2
495960,25.8
496020,25.2
496080,24.4
496140,24.4
496200,25.8
496260,24.6
496320,24.2
496380,27.0
496440,23.6
496500,24.2
496560,24.4
496620,24.6
496680,24.2
496740,23.8
496800,24.2
496860,25.2
496920,25.4
496980,24.6
497040,23.0
497100,24.6
497160,25.4
497220,25.2
497280,23.8
497340,25.2
497400,23.8
497460,24.2
497520,24.2
497580,24.6
497640,23.6
497700,24.6
497760,25.0
497820,23.4
497880,23.2
497940,24.2
498000,23.4
498060,24.8
498120,23.6
498180,25.6
498240,25.2
498300,24.0
498360,25.0
498420,23.6
498480,23.6
498540,25.8
498600,23.8
498660,24.6
498720,25.8
498780,24.0
498840,25.6
498900,25.2
498960,25.6
499020,25.4
499080,24.4
499140,23.4
499200,24.6
499260,25.0
499320,24.4
499380,23.8
499440,24.4
499500,24.6
499560,24.8
499620,23.6
499680,25.2
499740,24.6
499800,25.6
499860,25.8
499920,24.6
499980,24.8
500040,25.2
500100,24.8
500160,25.6
500220,25.2
500280,24.0
500340,24.8
500400,25.2
500460,26.2
500520,23.8
500580,26.4
500640,24.4
500700,24.8
500760,24.2
500820,24.4
500880,23.6
500940,25.8
501000,24.0
501060,25.4
501120,24.6
501180,24.4
501240,24.6
501300,25.2
501360,23.6
501420,25.2
501480,25.0
501540,25.2
501600,23.6
501660,25.2
501720,24.6
501780,25.2
501840,24.8
501900,27.0
501960,24.2
502020,24.4
502080,25.8
502140,24.0
502200,25.2
502260,24.6
502320,24.2
502380,26.4
502440,26.2
502500,24.2
502560,24.4
502620,24.4
502680,24.6
502740,23.4
502800,24.8
502860,24.4
502920,26.0
502980,26.0
503040,25.4
503100,24.4
503160,25.0
503220,24.8
503280,24.0
503340,26.0
503400,23.4
503460,23.8
503520,25.2
503580,25.6
503640,26.8
503700,25.4
503760,26.6
503820,24.8
503880,24.8
503940,25.2
504000,25.4
504060,25.8
504120,24.8
504180,25.6
504240,25.0
504300,25.6
504360,23.8
504420,24.8
504480,24.6
504540,24.2
504600,24.4
504660,25.4
504720,25.2
504780,24.4
504840,24.8
504900,23.8
504960,23.6
