#Steps,score
60,1.2
120,1.0
180,0.8
240,1.6
300,1.4
360,0.4
420,1.0
480,1.8
540,1.2
600,1.2
660,0.6
720,0.8
780,1.2
840,1.8
900,0.8
960,0.4
1020,1.0
1080,1.6
1140,0.8
1200,1.0
1260,0.6
1320,1.0
1380,1.4
1440,0.6
1500,1.8
1560,0.8
1620,1.4
1680,1.0
1740,1.0
1800,1.0
1860,0.8
1920,1.4
1980,1.2
2040,0.8
2100,0.4
2160,1.2
2220,1.2
2280,1.2
2340,2.2
2400,1.4
2460,1.2
2520,1.0
2580,1.2
2640,1.0
2700,0.8
2760,2.2
2820,1.0
2880,1.2
2940,0.8
3000,1.4
3060,0.8
3120,1.4
3180,1.2
3240,1.2
3300,1.0
3360,1.4
3420,1.0
3480,1.2
3540,2.6
3600,0.8
3660,1.4
3720,0.8
3780,1.0
3840,1.8
3900,0.6
3960,1.0
4020,1.2
4080,2.0
4140,1.6
4200,1.2
4260,1.0
4320,0.8
4380,0.4
4440,1.0
4500,2.0
4560,1.2
4620,1.4
4680,0.8
4740,0.8
4800,0.8
4860,1.4
4920,1.8
4980,0.6
5040,1.0
5100,0.8
5160,1.2
5220,1.0
5280,0.0
5340,2.0
5400,0.8
5460,1.4
5520,2.2
5580,1.8
5640,1.2
5700,1.0
5760,1.2
5820,0.4
5880,1.2
5940,1.6
6000,0.8
6060,1.2
6120,1.6
6180,1.4
6240,1.0
6300,1.2
6360,1.2
6420,1.4
6480,1.0
6540,1.0
6600,0.4
6660,2.4
6720,1.2
6780,0.8
6840,1.4
6900,0.8
6960,1.2
7020,2.0
7080,1.6
7140,1.0
7200,2.0
7260,1.0
7320,1.8
7380,1.2
7440,1.4
7500,2.0
7560,1.6
7620,1.8
7680,1.2
7740,0.2
7800,0.8
7860,1.2
7920,1.4
7980,1.6
8040,2.2
8100,1.4
8160,1.2
8220,1.2
8280,1.8
8340,2.2
8400,1.0
8460,0.6
8520,1.6
8580,2.4
8640,1.6
8700,0.4
8760,2.2
8820,0.4
8880,0.8
8940,2.2
9000,1.4
9060,1.4
9120,0.6
9180,1.4
9240,1.6
9300,1.2
9360,1.4
9420,1.4
9480,1.2
9540,2.4
9600,1.0
9660,2.0
9720,1.8
9780,1.8
9840,2.6
9900,2.2
9960,1.6
10020,1.2
10080,1.4
10140,1.6
10200,1.2
10260,1.2
10320,1.4
10380,1.2
10440,1.0
10500,2.6
10560,1.6
10620,1.0
10680,1.4
10740,0.6
10800,2.0
10860,1.0
10920,0.8
10980,0.6
11040,1.2
11100,1.2
11160,1.6
11220,0.6
11280,1.0
11340,1.8
11400,1.0
11460,0.8
11520,1.6
11580,1.0
11640,0.8
11700,2.2
11760,1.6
11820,2.2
11880,1.8
11940,1.0
12000,1.4
12060,2.0
12120,1.8
12180,1.2
12240,1.0
12300,1.8
12360,1.2
12420,2.4
12480,2.0
12540,1.4
12600,2.0
12660,0.8
12720,1.0
12780,1.2
12840,1.6
12900,1.6
12960,1.6
13020,1.0
13080,1.0
13140,2.0
13200,1.4
13260,1.6
13320,1.6
13380,1.4
13440,1.6
13500,1.2
13560,1.6
13620,1.4
13680,1.0
13740,1.2
13800,1.2
13860,1.8
13920,2.6
13980,0.6
14040,1.4
14100,2.0
14160,1.2
14220,1.2
14280,1.2
14340,1.2
14400,1.6
14460,2.0
14520,1.8
14580,1.8
14640,1.8
14700,2.2
14760,2.4
14820,1.6
14880,1.0
14940,0.6
15000,2.4
15060,2.8
15120,1.0
15180,2.0
15240,3.2
15300,2.2
15360,2.0
15420,2.0
15480,1.8
15540,2.0
15600,1.0
15660,2.4
15720,1.4
15780,1.8
15840,2.2
15900,2.0
15960,1.6
16020,2.4
16080,1.6
16140,1.6
16200,1.8
16260,2.6
16320,2.2
16380,1.6
16440,2.0
16500,0.8
16560,1.2
16620,2.8
16680,2.6
16740,2.0
16800,2.2
16860,2.2
16920,1.0
16980,1.6
17040,1.8
17100,2.2
17160,2.6
17220,2.4
17280,1.8
17340,2.2
17400,3.2
17460,2.0
17520,2.8
17580,2.4
17640,3.0
17700,3.4
17760,2.4
17820,2.0
17880,2.8
17940,4.4
18000,3.2
18060,2.8
18120,2.6
18180,1.6
18240,2.0
18300,2.2
18360,2.0
18420,1.8
18480,1.6
18540,1.4
18600,0.4
18660,1.4
18720,1.6
18780,0.8
18840,1.2
18900,0.6
18960,1.6
19020,2.4
19080,1.6
19140,1.6
19200,1.8
19260,1.4
19320,2.0
19380,1.4
19440,2.4
19500,2.2
19560,1.6
19620,1.4
19680,2.0
19740,2.0
19800,2.2
19860,1.8
19920,2.2
19980,1.6
20040,2.0
20100,2.2
20160,1.4
20220,1.0
20280,1.6
20340,1.4
20400,2.4
20460,1.4
20520,0.8
20580,2.4
20640,2.6
20700,1.8
20760,2.6
20820,1.6
20880,1.0
20940,2.0
21000,2.2
21060,2.0
21120,2.4
21180,1.6
21240,1.8
21300,1.4
21360,3.0
21420,2.0
21480,1.4
21540,1.2
21600,1.6
21660,2.0
21720,2.2
21780,2.2
21840,2.6
21900,2.0
21960,2.2
22020,1.6
22080,2.4
22140,1.8
22200,1.0
22260,2.6
22320,2.6
22380,1.2
22440,2.4
22500,2.8
22560,3.0
22620,2.8
22680,3.2
22740,2.2
22800,2.0
22860,2.8
22920,3.2
22980,2.8
23040,1.8
23100,3.4
23160,3.0
23220,2.0
23280,4.2
23340,3.8
23400,3.8
23460,5.0
23520,5.2
23580,5.2
23640,6.6
23700,7.2
23760,6.6
23820,8.6
23880,8.2
23940,9.6
24000,10.0
24060,10.6
24120,12.0
24180,12.2
24240,12.0
24300,12.6
24360,13.6
24420,16.0
24480,13.8
24540,17.2
24600,17.4
24660,19.0
24720,19.4
24780,21.0
24840,20.0
24900,19.2
24960,20.4
25020,20.2
25080,20.2
25140,20.4
25200,20.0
25260,21.6
25320,21.2
25380,22.4
25440,22.4
25500,21.4
25560,22.8
25620,21.8
25680,20.8
25740,23.0
25800,24.2
25860,24.4
25920,21.8
25980,21.8
26040,22.2
26100,23.6
26160,23.4
26220,24.4
26280,22.8
26340,21.2
26400,23.6
26460,24.4
26520,23.2
26580,23.8
26640,25.6
26700,23.8
26760,23.2
26820,23.0
26880,24.0
26940,23.4
27000,24.0
27060,22.6
27120,22.2
27180,24.4
27240,24.0
27300,22.8
27360,24.4
27420,22.6
27480,24.0
27540,23.2
27600,23.8
27660,23.8
27720,24.0
27780,23.4
27840,22.8
27900,24.8
27960,24.2
28020,24.4
28080,23.0
28140,22.8
28200,23.4
28260,24.0
28320,22.6
28380,23.8
28440,23.8
28500,24.2
28560,24.6
28620,24.2
28680,24.4
28740,24.4
28800,25.0
28860,25.4
28920,25.2
28980,24.8
29040,24.4
29100,23.2
29160,24.4
29220,23.8
29280,23.6
29340,25.4
29400,23.8
29460,24.4
29520,23.0
29580,24.8
29640,25.6
29700,24.2
29760,25.2
29820,25.0
29880,25.8
29940,24.8
30000,25.0
30060,22.8
30120,25.8
30180,26.2
30240,25.2
30300,25.0
30360,24.8
30420,26.0
30480,24.6
30540,25.4
30600,24.0
30660,25.0
30720,26.2
30780,24.2
30840,24.6
30900,25.0
30960,24.4
31020,23.8
31080,24.0
31140,23.6
31200,24.0
31260,23.8
31320,24.2
31380,23.6
31440,23.6
31500,24.2
31560,24.8
31620,23.6
31680,23.4
31740,23.6
31800,22.6
31860,24.2
31920,22.8
31980,22.6
32040,22.6
32100,22.0
32160,21.4
32220,23.2
32280,25.0
32340,22.6
32400,23.2
32460,23.6
32520,23.2
32580,24.2
32640,24.0
32700,24.2
32760,24.2
32820,25.0
32880,23.4
32940,23.6
33000,23.0
33060,24.4
33120,23.0
33180,26.2
33240,24.2
33300,24.2
33360,24.4
33420,25.6
33480,24.8
33540,23.2
33600,23.8
33660,24.8
33720,24.4
33780,23.8
33840,24.4
33900,25.2
33960,24.4
34020,25.0
34080,23.8
34140,23.0
34200,23.8
34260,25.8
34320,24.2
34380,24.6
34440,24.8
34500,25.0
34560,24.8
34620,24.8
34680,23.0
34740,23.2
34800,25.6
34860,23.8
34920,24.4
34980,25.0
35040,23.4
35100,24.0
35160,25.4
35220,25.8
35280,25.2
35340,23.8
35400,24.6
35460,22.6
35520,24.4
35580,24.6
35640,24.8
35700,24.2
35760,24.8
35820,24.6
35880,24.2
35940,25.6
36000,24.4
36060,24.2
36120,24.4
36180,25.0
36240,25.2
36300,23.4
36360,24.4
36420,23.8
36480,24.6
36540,24.0
36600,24.6
36660,24.6
36720,23.0
36780,25.2
36840,24.6
36900,23.6
36960,23.2
37020,23.6
37080,22.6
37140,22.2
37200,22.2
37260,22.0
37320,23.6
37380,22.6
37440,23.2
37500,23.0
37560,22.2
37620,23.2
37680,22.4
37740,23.2
37800,22.6
37860,22.2
37920,22.8
37980,23.8
38040,23.6
38100,22.8
38160,24.0
38220,23.8
38280,24.4
38340,24.2
38400,23.8
38460,24.8
38520,23.0
38580,23.4
38640,24.4
38700,24.8
38760,24.4
38820,25.4
38880,23.6
38940,23.0
39000,24.8
39060,24.0
39120,24.6
39180,22.6
39240,23.6
39300,26.0
39360,23.6
39420,24.8
39480,24.8
39540,25.6
39600,24.6
39660,23.0
39720,25.6
39780,25.0
39840,24.8
39900,22.8
39960,23.2
40020,23.8
40080,23.4
40140,23.2
40200,22.8
40260,25.0
40320,24.2
40380,23.6
40440,23.4
40500,24.8
40560,23.8
40620,24.2
40680,23.2
40740,23.6
40800,24.2
40860,24.2
40920,22.8
40980,23.2
41040,23.2
41100,22.2
41160,22.2
41220,22.4
41280,23.0
41340,23.8
41400,22.0
41460,22.0
41520,23.2
41580,25.0
41640,22.0
41700,23.6
41760,23.8
41820,22.8
41880,24.2
41940,23.8
42000,23.6
42060,23.2
42120,24.4
42180,23.2
42240,23.8
42300,23.8
42360,24.6
42420,24.2
42480,24.4
42540,22.2
42600,24.6
42660,23.0
42720,25.2
42780,23.0
42840,22.0
42900,22.8
42960,23.0
43020,24.6
43080,21.6
43140,22.2
43200,23.4
43260,22.6
43320,23.2
43380,22.0
43440,23.0
43500,23.6
43560,22.8
43620,22.0
43680,23.0
43740,25.6
43800,23.4
43860,23.6
43920,23.0
43980,24.4
44040,22.8
44100,24.2
44160,25.0
44220,24.8
44280,24.0
44340,23.8
44400,24.8
44460,24.6
44520,26.2
44580,25.2
44640,24.6
44700,25.8
44760,23.2
44820,23.6
44880,23.8
44940,24.6
45000,24.0
45060,23.6
45120,24.2
45180,25.4
45240,23.0
45300,24.2
45360,25.2
45420,24.0
45480,24.2
45540,25.4
45600,24.8
45660,23.8
45720,23.4
45780,24.4
45840,24.2
45900,24.6
45960,24.2
46020,22.8
46080,22.8
46140,23.4
46200,23.6
46260,26.2
46320,25.2
46380,24.8
46440,24.0
46500,23.4
46560,23.8
46620,24.2
46680,25.4
46740,24.8
46800,24.4
46860,24.6
46920,25.2
46980,26.0
47040,24.4
47100,24.4
47160,23.8
47220,24.2
47280,23.4
47340,24.8
47400,23.6
47460,25.6
47520,23.8
47580,24.4
47640,25.6
47700,24.2
47760,24.8
47820,24.8
47880,25.8
47940,25.0
48000,24.0
48060,24.8
48120,26.4
48180,24.0
48240,24.6
48300,24.6
48360,23.2
48420,24.4
48480,23.8
48540,24.2
48600,26.6
48660,24.8
48720,25.0
48780,25.2
48840,24.8
48900,24.8
48960,24.6
49020,24.2
49080,24.8
49140,24.6
49200,24.0
49260,25.2
49320,25.0
49380,26.6
49440,24.8
49500,25.0
49560,24.0
49620,23.2
49680,24.2
49740,24.2
49800,24.2
49860,25.4
49920,24.6
49980,24.8
50040,25.0
50100,23.6
50160,25.2
50220,25.8
50280,23.4
50340,25.8
50400,25.6
50460,24.0
50520,26.0
50580,25.2
50640,24.0
50700,24.0
50760,24.8
50820,23.8
50880,24.8
50940,24.8
51000,26.2
51060,23.8
51120,25.4
51180,23.6
51240,23.8
51300,23.8
51360,23.4
51420,24.8
51480,24.4
51540,24.4
51600,23.8
51660,26.0
51720,23.6
51780,24.0
51840,24.0
51900,22.6
51960,24.8
52020,24.4
52080,23.6
52140,24.2
52200,23.8
52260,24.6
52320,24.2
52380,24.2
52440,22.8
52500,24.0
52560,25.0
52620,24.0
52680,24.6
52740,24.2
52800,24.0
52860,24.2
52920,25.2
52980,23.2
53040,22.4
53100,24.6
53160,23.8
53220,25.8
53280,25.8
53340,24.6
53400,24.2
53460,23.8
53520,24.2
53580,25.4
53640,25.0
53700,24.8
53760,23.4
53820,23.8
53880,25.2
53940,23.2
54000,25.4
54060,25.6
54120,26.0
54180,24.6
54240,23.2
54300,25.2
54360,23.0
54420,24.0
54480,23.4
54540,24.8
54600,24.0
54660,23.4
54720,23.4
54780,24.0
54840,24.0
54900,25.2
54960,23.6
55020,23.2
55080,25.4
55140,24.2
55200,25.2
55260,24.2
55320,24.8
55380,25.0
55440,24.4
55500,23.4
55560,25.8
55620,24.8
55680,23.6
55740,23.2
55800,24.4
55860,24.6
55920,23.2
55980,23.4
56040,24.2
56100,23.2
56160,22.6
56220,24.4
56280,24.6
56340,22.4
56400,23.2
56460,23.4
56520,25.0
56580,22.4
56640,24.0
56700,23.0
56760,25.2
56820,24.6
56880,25.4
56940,24.0
57000,25.0
57060,24.2
57120,25.2
57180,23.6
57240,23.0
57300,25.2
57360,24.6
57420,23.2
57480,25.0
57540,23.6
57600,26.2
57660,23.4
57720,24.0
57780,24.4
57840,24.6
57900,25.2
57960,24.8
58020,25.2
58080,24.8
58140,24.6
58200,25.2
58260,24.6
58320,25.8
58380,24.0
58440,24.8
58500,24.8
58560,23.2
58620,25.6
58680,24.8
58740,24.6
58800,26.8
58860,24.2
58920,25.2
58980,25.8
59040,26.6
59100,25.0
59160,24.2
59220,24.0
59280,23.8
59340,23.6
59400,25.0
59460,23.8
59520,24.8
59580,24.0
59640,24.4
59700,23.0
59760,23.8
59820,24.4
59880,25.2
59940,24.4
60000,22.8
60060,24.8
60120,23.6
60180,23.6
60240,22.6
60300,25.2
60360,22.6
60420,25.2
60480,24.0
60540,24.4
60600,24.4
60660,24.6
60720,24.4
60780,25.4
60840,24.8
60900,25.0
60960,24.0
61020,23.6
61080,24.4
61140,24.0
61200,25.2
61260,23.6
61320,22.8
61380,23.6
61440,24.2
61500,25.0
61560,25.2
61620,24.6
61680,23.4
61740,23.6
61800,24.6
61860,23.8
61920,23.2
61980,22.6
62040,23.4
62100,22.4
62160,24.8
62220,23.0
62280,23.4
62340,24.6
62400,24.2
62460,23.0
62520,23.2
62580,23.2
62640,22.8
62700,25.4
62760,23.8
62820,23.6
62880,25.0
62940,23.8
63000,22.6
63060,24.2
63120,24.4
63180,25.2
63240,26.0
63300,24.6
63360,22.8
63420,25.6
63480,22.2
63540,25.0
63600,23.4
63660,24.2
63720,24.2
63780,24.2
63840,22.8
63900,23.4
63960,23.6
64020,25.8
64080,25.0
64140,24.4
64200,23.2
64260,24.4
64320,24.2
64380,22.4
64440,23.0
64500,22.4
64560,22.8
64620,22.6
64680,24.8
64740,23.2
64800,23.6
64860,22.4
64920,23.8
64980,24.8
65040,23.4
65100,24.2
65160,24.4
65220,24.4
65280,25.4
65340,24.8
65400,25.0
65460,25.2
65520,25.4
65580,24.2
65640,24.6
65700,25.6
65760,25.6
65820,24.2
65880,24.0
65940,24.4
66000,24.2
66060,24.6
66120,27.0
66180,23.8
66240,25.2
66300,24.6
66360,23.6
66420,25.8
66480,24.0
66540,24.2
66600,24.6
66660,24.4
66720,24.8
66780,24.2
66840,25.2
66900,26.0
66960,25.2
67020,24.4
67080,26.2
67140,25.8
67200,25.8
67260,24.4
67320,23.8
67380,25.8
67440,23.8
67500,24.0
67560,23.8
67620,25.4
67680,24.6
67740,24.4
67800,24.8
67860,24.2
67920,24.8
67980,23.4
68040,24.6
68100,23.6
68160,23.8
68220,24.6
68280,24.0
68340,24.8
68400,23.2
68460,23.0
68520,24.2
68580,23.2
68640,23.0
68700,23.2
68760,23.4
68820,22.8
68880,23.6
68940,23.2
69000,23.4
69060,24.4
69120,22.4
69180,22.6
69240,23.6
69300,25.0
69360,23.6
69420,23.6
69480,24.4
69540,25.2
69600,24.6
69660,24.4
69720,24.4
69780,24.4
69840,21.6
69900,24.0
69960,24.4
70020,24.2
70080,24.6
70140,22.8
70200,24.0
70260,25.0
70320,22.0
70380,24.4
70440,23.6
70500,23.2
70560,22.8
70620,23.4
70680,23.0
70740,25.0
70800,23.2
70860,24.0
70920,23.8
70980,23.2
71040,24.2
71100,24.4
71160,25.8
71220,25.8
71280,23.6
71340,24.0
71400,24.6
71460,22.2
71520,23.8
71580,23.6
71640,23.8
71700,24.0
71760,23.6
71820,23.4
71880,22.8
71940,22.8
72000,24.6
72060,25.0
72120,22.6
72180,24.0
72240,22.4
72300,23.6
72360,23.8
72420,23.8
72480,25.4
72540,22.6
72600,23.2
72660,22.2
72720,23.6
72780,24.0
72840,22.8
72900,23.2
72960,23.2
73020,22.6
73080,23.0
73140,25.2
73200,23.8
73260,23.6
73320,24.2
73380,24.2
73440,24.8
73500,21.8
73560,24.6
73620,23.2
73680,23.2
73740,23.6
73800,23.8
73860,23.0
73920,22.8
73980,23.0
74040,24.4
74100,23.6
74160,26.0
74220,24.6
74280,25.0
74340,23.8
74400,23.4
74460,24.8
74520,25.4
74580,24.2
74640,25.0
74700,25.6
74760,25.2
74820,25.0
74880,24.6
74940,25.0
75000,24.8
75060,24.8
75120,25.0
75180,24.2
75240,24.2
75300,25.0
75360,25.2
75420,24.0
75480,25.0
75540,23.0
75600,24.4
75660,22.6
75720,25.4
75780,25.8
75840,24.0
75900,25.2
75960,25.4
76020,24.4
76080,23.8
76140,24.8
76200,25.4
76260,24.8
76320,23.6
76380,24.0
76440,25.0
76500,25.4
76560,26.4
76620,26.0
76680,24.0
76740,22.6
76800,24.4
76860,25.4
76920,25.4
76980,23.0
77040,23.0
77100,23.0
77160,24.2
77220,24.2
77280,23.2
77340,23.4
77400,24.2
77460,23.4
77520,24.0
77580,23.2
77640,22.0
77700,23.8
77760,22.8
77820,24.8
77880,23.0
77940,23.8
78000,22.8
78060,23.8
78120,23.4
78180,24.2
78240,21.6
78300,23.6
78360,23.4
78420,24.2
78480,22.6
78540,23.0
78600,23.2
78660,24.4
78720,24.0
78780,21.2
78840,22.4
78900,23.0
78960,24.2
79020,24.4
79080,23.8
79140,23.8
79200,23.4
79260,24.2
79320,24.4
79380,24.2
79440,24.6
79500,22.8
79560,23.8
79620,26.6
79680,23.4
79740,22.8
79800,24.4
79860,23.6
79920,24.0
79980,23.2
80040,24.4
80100,25.6
80160,25.0
80220,25.4
80280,24.4
80340,25.2
80400,24.2
80460,24.4
80520,24.4
80580,25.0
80640,25.4
80700,24.6
80760,25.6
80820,26.0
80880,24.2
80940,24.4
81000,25.4
81060,24.6
81120,26.2
81180,26.2
81240,24.4
81300,24.0
81360,25.4
81420,25.8
81480,24.0
81540,24.8
81600,24.6
81660,23.2
81720,25.0
81780,24.0
81840,24.2
81900,24.6
81960,23.6
82020,22.8
82080,25.2
82140,24.6
82200,23.8
82260,22.0
82320,23.4
82380,24.2
82440,23.8
82500,23.8
82560,25.4
82620,23.4
82680,24.2
82740,23.8
82800,24.8
82860,25.0
82920,25.2
82980,24.4
83040,24.4
83100,24.8
83160,24.6
83220,24.8
83280,25.0
83340,23.0
83400,23.4
83460,25.0
83520,24.0
83580,25.2
83640,24.6
83700,23.6
83760,24.8
83820,25.0
83880,23.6
83940,23.8
84000,25.8
84060,22.8
84120,24.2
84180,24.6
84240,23.0
84300,26.4
84360,25.0
84420,23.0
84480,23.8
84540,23.4
84600,22.4
84660,22.6
84720,24.6
84780,23.4
84840,23.8
84900,23.2
84960,22.8
85020,22.2
85080,24.8
85140,22.6
85200,24.4
85260,22.8
85320,24.6
85380,23.4
85440,23.2
85500,23.2
85560,23.2
85620,23.2
85680,24.6
85740,24.8
85800,24.6
85860,25.4
85920,23.4
85980,23.6
86040,23.8
86100,24.2
86160,24.4
86220,24.0
86280,24.6
86340,23.6
86400,23.2
86460,24.8
86520,25.0
86580,23.6
86640,24.6
86700,24.2
86760,24.0
86820,25.0
86880,23.6
86940,23.6
87000,25.4
87060,24.4
87120,25.4
87180,24.6
87240,25.0
87300,24.4
87360,24.8
87420,24.0
87480,24.0
87540,24.0
87600,24.4
87660,24.0
87720,24.6
87780,24.0
87840,25.2
87900,24.8
87960,23.8
88020,22.8
88080,25.2
88140,23.8
88200,22.6
88260,25.6
88320,25.2
88380,23.8
88440,25.2
88500,23.4
88560,23.4
88620,24.8
88680,25.2
88740,24.2
88800,24.8
88860,24.8
88920,25.0
88980,22.2
89040,23.6
89100,24.8
89160,24.6
89220,24.2
89280,24.6
89340,24.6
89400,23.0
89460,23.2
89520,24.6
89580,24.8
89640,24.6
89700,23.8
89760,24.6
89820,24.0
89880,23.6
89940,24.4
90000,22.8
90060,24.4
90120,23.8
90180,23.2
90240,22.8
90300,24.4
90360,22.4
90420,23.8
90480,24.8
90540,23.0
90600,23.8
90660,23.8
90720,24.0
90780,23.4
90840,24.4
90900,24.8
90960,24.8
91020,22.6
91080,24.8
91140,24.0
91200,22.8
91260,25.4
91320,25.0
91380,24.2
91440,25.6
91500,23.6
91560,24.4
91620,25.8
91680,26.4
91740,25.6
91800,24.2
91860,24.6
91920,24.2
91980,24.8
92040,24.8
92100,26.0
92160,25.6
92220,24.6
92280,24.6
92340,24.4
92400,23.0
92460,22.6
92520,22.0
92580,24.8
92640,23.6
92700,22.8
92760,24.6
92820,23.4
92880,24.4
92940,24.4
93000,25.0
93060,22.6
93120,23.6
93180,23.0
93240,23.2
93300,24.0
93360,25.4
93420,24.4
93480,24.4
93540,24.6
93600,23.6
93660,23.2
93720,22.2
93780,23.4
93840,23.6
93900,23.8
93960,24.0
94020,21.6
94080,21.8
94140,22.2
94200,21.2
94260,22.4
94320,24.6
94380,22.8
94440,22.0
94500,22.2
94560,22.6
94620,23.4
94680,22.6
94740,24.2
94800,23.6
94860,23.2
94920,23.8
94980,23.4
95040,24.2
95100,23.4
95160,22.6
95220,24.8
95280,22.8
95340,24.8
95400,22.8
95460,23.8
95520,23.8
95580,23.0
95640,24.8
95700,23.2
95760,23.6
95820,25.2
95880,25.6
95940,24.0
96000,24.6
96060,23.6
96120,24.6
96180,23.0
96240,23.6
96300,24.0
96360,25.0
96420,22.6
96480,22.6
96540,25.6
96600,23.4
96660,24.2
96720,24.8
96780,23.2
96840,24.8
96900,23.0
96960,24.4
97020,24.6
97080,24.2
97140,23.2
97200,23.2
97260,23.4
97320,23.0
97380,23.2
97440,22.6
97500,23.0
97560,23.4
97620,24.0
97680,23.2
97740,23.6
97800,23.8
97860,25.8
97920,25.0
97980,23.2
98040,23.6
98100,24.0
98160,23.2
98220,23.8
98280,25.0
98340,25.6
98400,25.4
98460,24.0
98520,25.4
98580,24.0
98640,25.8
98700,24.4
98760,22.8
98820,22.4
98880,23.6
98940,24.0
99000,23.8
99060,23.8
99120,22.8
99180,22.6
99240,24.6
99300,25.0
99360,23.6
99420,23.8
99480,23.2
99540,23.2
99600,24.0
99660,22.6
99720,23.8
99780,23.2
99840,23.2
99900,22.8
99960,24.2
100020,23.2
100080,23.2
100140,23.0
100200,24.8
100260,22.2
100320,25.0
100380,24.0
100440,23.2
100500,24.6
100560,24.8
100620,24.2
100680,23.4
100740,24.8
100800,25.4
100860,23.4
100920,26.2
100980,24.8
101040,24.0
101100,24.0
101160,25.8
101220,25.0
101280,25.8
101340,26.8
101400,25.2
101460,24.4
101520,24.6
101580,26.2
101640,24.6
101700,23.6
101760,25.4
101820,24.0
101880,24.2
101940,26.0
102000,25.6
102060,25.6
102120,25.8
102180,25.2
102240,25.2
102300,24.6
102360,23.8
102420,25.0
102480,25.4
102540,22.8
102600,25.8
102660,25.6
102720,25.6
102780,25.2
102840,24.2
102900,25.8
102960,24.8
103020,26.2
103080,26.0
103140,23.8
103200,24.2
103260,24.4
103320,24.4
103380,24.2
103440,24.8
103500,25.0
103560,25.4
103620,26.2
103680,25.0
103740,26.6
103800,25.0
103860,24.8
103920,24.6
103980,26.4
104040,26.4
104100,24.2
104160,26.6
104220,24.0
104280,22.6
104340,24.8
104400,25.0
104460,25.4
104520,25.2
104580,23.8
104640,25.2
104700,24.2
104760,23.2
104820,24.4
104880,24.8
104940,24.4
105000,25.2
105060,24.8
105120,23.6
105180,23.2
105240,24.2
105300,22.8
105360,22.8
105420,22.6
105480,24.2
105540,22.8
105600,23.2
105660,23.4
105720,23.4
105780,26.0
105840,23.0
105900,23.2
105960,23.8
106020,21.8
106080,22.8
106140,21.6
106200,22.8
106260,22.2
106320,23.2
106380,22.4
106440,23.2
106500,23.0
106560,23.6
106620,25.2
106680,22.4
106740,22.4
106800,22.6
106860,24.4
106920,24.0
106980,24.0
107040,25.6
107100,26.4
107160,24.4
107220,25.6
107280,24.4
107340,24.2
107400,25.6
107460,24.4
107520,24.8
107580,24.6
107640,25.0
107700,24.2
107760,25.0
107820,23.8
107880,24.6
107940,26.2
108000,24.6
108060,23.6
108120,25.2
108180,25.2
108240,24.4
108300,23.0
108360,23.6
108420,23.8
108480,24.2
108540,24.8
108600,25.0
108660,24.2
108720,24.6
108780,23.4
108840,23.4
108900,23.8
108960,24.0
109020,23.8
109080,25.4
109140,23.0
109200,23.8
109260,24.2
109320,22.4
109380,22.6
109440,24.0
109500,22.4
109560,24.2
109620,23.2
109680,23.8
109740,24.6
109800,22.8
109860,24.8
109920,22.6
109980,22.2
110040,24.0
110100,22.8
110160,24.2
110220,24.0
110280,26.0
110340,23.6
110400,24.0
110460,22.8
110520,22.8
110580,24.8
110640,24.4
110700,23.6
110760,23.8
110820,24.2
110880,24.2
110940,25.0
111000,24.2
111060,24.4
111120,25.6
111180,23.6
111240,26.2
111300,25.0
111360,24.8
111420,24.6
111480,23.4
111540,24.8
111600,23.6
111660,23.6
111720,23.4
111780,24.8
111840,24.2
111900,24.8
111960,24.8
112020,23.8
112080,23.8
112140,25.6
112200,23.8
112260,26.6
112320,24.6
112380,24.4
112440,25.8
112500,24.2
112560,24.0
112620,24.2
112680,25.0
112740,25.2
112800,25.6
112860,26.0
112920,23.8
112980,24.2
113040,25.4
113100,24.4
113160,24.4
113220,26.0
113280,25.2
113340,25.2
113400,23.0
113460,24.6
113520,24.2
113580,25.0
113640,25.2
113700,24.6
113760,24.0
113820,23.8
113880,24.2
113940,24.2
114000,24.4
114060,26.4
114120,27.4
114180,25.4
114240,23.8
114300,24.2
114360,24.8
114420,24.0
114480,24.2
114540,23.2
114600,25.0
114660,26.4
114720,25.0
114780,25.8
114840,25.6
114900,24.0
114960,24.0
115020,24.8
115080,24.2
115140,24.8
115200,24.0
115260,25.0
115320,24.4
115380,23.2
115440,24.6
115500,24.6
115560,24.8
115620,23.6
115680,23.6
115740,25.2
115800,25.0
115860,24.2
115920,25.2
115980,23.8
116040,23.6
116100,24.0
116160,22.8
116220,23.2
116280,24.4
116340,22.6
116400,23.6
116460,22.6
116520,24.2
116580,25.4
116640,23.6
116700,23.6
116760,24.6
116820,24.4
116880,24.0
116940,24.2
117000,22.8
117060,23.2
117120,23.8
117180,23.4
117240,24.6
117300,23.0
117360,24.6
117420,23.4
117480,23.4
117540,23.6
117600,24.2
117660,23.4
117720,23.8
117780,24.8
117840,23.2
117900,23.8
117960,24.4
118020,21.6
118080,23.8
118140,22.8
118200,22.8
118260,23.2
118320,23.6
118380,22.0
118440,24.6
118500,22.4
118560,23.4
118620,24.2
118680,23.8
118740,23.8
118800,24.2
118860,22.6
118920,22.8
118980,24.6
119040,24.0
119100,23.6
119160,24.4
119220,23.4
119280,24.8
119340,24.8
119400,25.4
119460,23.4
119520,24.6
119580,24.6
119640,23.8
119700,24.2
119760,25.4
119820,24.4
119880,24.2
119940,24.8
120000,25.0
120060,23.8
120120,23.2
120180,25.0
120240,24.6
120300,24.2
120360,24.4
120420,24.0
120480,23.4
120540,24.8
120600,24.8
120660,24.0
120720,24.6
120780,24.2
120840,23.6
120900,23.4
120960,25.8
121020,24.8
121080,25.0
121140,26.6
121200,23.6
121260,26.4
121320,23.4
121380,26.0
121440,24.6
121500,24.0
121560,23.6
121620,25.2
121680,24.6
121740,23.0
121800,23.2
121860,25.8
121920,23.8
121980,24.8
122040,24.6
122100,25.8
122160,25.0
122220,25.0
122280,24.4
122340,25.0
122400,24.0
122460,22.4
122520,23.8
122580,24.4
122640,24.6
122700,25.0
122760,26.8
122820,25.6
122880,23.2
122940,25.8
123000,25.2
123060,24.4
123120,24.0
123180,25.0
123240,24.6
123300,27.0
123360,25.8
123420,25.0
123480,26.4
123540,24.0
123600,25.6
123660,23.8
123720,24.6
123780,24.0
123840,25.8
123900,24.4
123960,24.4
124020,25.8
124080,25.2
124140,25.4
124200,25.8
124260,25.4
124320,23.8
124380,24.8
124440,25.2
124500,24.8
124560,26.2
124620,25.6
124680,25.4
124740,26.0
124800,25.0
124860,25.0
124920,26.0
124980,25.8
125040,24.4
125100,24.6
125160,24.2
125220,22.2
125280,24.2
125340,23.4
125400,22.6
125460,24.2
125520,25.4
125580,24.0
125640,24.2
125700,23.2
125760,23.6
125820,24.0
125880,25.0
125940,24.4
126000,24.8
126060,22.8
126120,23.0
126180,26.0
126240,24.4
126300,23.4
126360,25.0
126420,23.8
126480,24.0
126540,23.8
126600,25.0
126660,23.4
126720,23.2
126780,23.2
126840,24.2
126900,23.2
126960,23.0
127020,24.4
127080,23.2
127140,24.4
127200,23.8
127260,24.0
127320,25.2
127380,24.4
127440,24.6
127500,23.6
127560,25.2
127620,25.6
127680,24.6
127740,26.0
127800,24.0
127860,24.2
127920,23.2
127980,23.6
128040,23.8
128100,23.8
128160,24.2
128220,23.8
128280,23.6
128340,23.8
128400,23.0
128460,23.8
128520,23.4
128580,23.0
128640,24.2
128700,23.0
128760,24.0
128820,24.6
128880,22.8
128940,22.6
129000,22.8
129060,23.4
129120,23.0
129180,23.6
129240,22.0
129300,23.4
129360,21.4
129420,22.0
129480,21.8
129540,24.2
129600,22.0
129660,22.4
129720,24.0
129780,23.8
129840,23.2
129900,22.0
129960,22.8
130020,22.8
130080,23.0
130140,22.0
130200,23.2
130260,23.2
130320,24.4
130380,23.4
130440,21.8
130500,25.2
130560,22.4
130620,23.0
130680,23.8
130740,24.0
130800,23.0
130860,24.0
130920,23.8
130980,23.4
131040,24.4
131100,24.0
131160,23.4
131220,22.6
131280,23.0
131340,24.0
131400,24.8
131460,24.0
131520,23.0
131580,22.8
131640,22.0
131700,22.6
131760,23.0
131820,22.6
131880,22.6
131940,22.2
132000,22.8
132060,23.4
132120,22.0
132180,22.6
132240,21.2
132300,22.2
132360,23.2
132420,20.8
132480,22.8
132540,22.8
132600,25.0
132660,24.0
132720,23.0
132780,24.8
132840,22.0
132900,23.8
132960,23.0
133020,23.0
133080,22.0
133140,22.2
133200,23.8
133260,23.0
133320,23.0
133380,22.2
133440,22.8
133500,23.6
133560,21.8
133620,22.4
133680,24.4
133740,23.2
133800,23.0
133860,21.4
133920,24.2
133980,23.4
134040,23.0
134100,24.4
134160,22.6
134220,21.8
134280,24.8
134340,24.4
134400,24.4
134460,24.6
134520,25.2
134580,25.0
134640,24.4
134700,23.0
134760,23.6
134820,24.2
134880,24.4
134940,22.8
135000,24.6
135060,25.2
135120,22.8
135180,24.8
135240,23.2
135300,23.6
135360,24.4
135420,23.8
135480,24.0
135540,23.2
135600,24.0
135660,24.6
135720,23.6
135780,24.0
135840,23.0
135900,23.2
135960,24.4
136020,25.4
136080,23.6
136140,23.2
136200,23.4
136260,23.8
136320,24.2
136380,23.4
136440,23.6
136500,24.8
136560,24.2
136620,25.0
136680,25.4
136740,24.2
136800,24.2
136860,24.4
136920,24.2
136980,24.4
137040,26.4
137100,25.4
137160,25.0
137220,24.0
137280,24.6
137340,25.0
137400,25.2
137460,23.4
137520,23.6
137580,23.6
137640,24.0
137700,23.0
137760,23.8
137820,24.2
137880,23.6
137940,23.0
138000,23.0
138060,24.0
138120,22.6
138180,22.8
138240,23.0
138300,23.4
138360,23.4
138420,24.2
138480,23.4
138540,22.4
138600,23.0
138660,23.2
138720,23.8
138780,23.0
138840,23.8
138900,25.0
138960,24.6
139020,23.4
139080,23.4
139140,23.6
139200,22.6
139260,24.0
139320,22.8
139380,21.4
139440,24.0
139500,22.6
139560,23.2
139620,22.0
139680,21.6
139740,22.8
139800,22.2
139860,23.6
139920,23.6
139980,22.6
140040,22.8
140100,23.0
140160,23.2
140220,23.4
140280,22.6
140340,23.6
140400,23.6
140460,23.6
140520,23.4
140580,23.6
140640,22.0
140700,22.4
140760,21.2
140820,23.0
140880,23.8
140940,23.4
141000,23.2
141060,24.0
141120,23.2
141180,23.0
141240,23.6
141300,23.0
141360,24.4
141420,25.6
141480,24.6
141540,23.2
141600,24.4
141660,23.8
141720,24.4
141780,24.8
141840,24.6
141900,24.2
141960,23.6
142020,24.0
142080,26.0
142140,25.2
142200,23.0
142260,24.8
142320,25.4
142380,26.2
142440,24.6
142500,23.6
142560,24.6
142620,24.6
142680,24.6
142740,24.8
142800,24.0
142860,24.0
142920,23.6
142980,25.0
143040,24.8
143100,25.0
143160,25.0
143220,23.0
143280,23.6
143340,24.0
143400,23.8
143460,24.2
143520,24.8
143580,25.4
143640,24.0
143700,22.8
143760,23.6
143820,22.6
143880,23.8
143940,24.4
144000,25.0
144060,24.2
144120,25.0
144180,24.0
144240,24.0
144300,24.8
144360,24.2
144420,23.4
144480,21.2
144540,24.8
144600,24.0
144660,24.6
144720,22.8
144780,25.0
144840,23.0
144900,21.8
144960,22.8
145020,24.4
145080,23.6
145140,25.0
145200,23.0
145260,23.4
145320,23.4
145380,24.4
145440,24.0
145500,24.2
145560,24.6
145620,25.0
145680,23.2
145740,23.4
145800,24.2
145860,25.0
145920,24.0
145980,24.2
146040,23.6
146100,24.8
146160,24.2
146220,25.0
146280,24.8
146340,24.8
146400,24.2
146460,25.4
146520,24.4
146580,26.0
146640,24.0
146700,25.0
146760,22.8
146820,24.2
146880,22.8
146940,24.2
147000,25.4
147060,23.2
147120,24.0
147180,24.2
147240,24.0
147300,23.2
147360,26.2
147420,25.0
147480,24.0
147540,25.2
147600,25.6
147660,26.0
147720,24.6
147780,25.4
147840,24.6
147900,23.8
147960,24.4
148020,24.8
148080,25.0
148140,24.0
148200,22.6
148260,23.6
148320,24.6
148380,23.6
148440,24.8
148500,25.0
148560,22.4
148620,25.0
148680,24.4
148740,25.0
148800,24.6
148860,23.8
148920,24.4
148980,24.4
149040,23.0
149100,24.2
149160,26.2
149220,24.4
149280,23.0
149340,24.4
149400,22.8
149460,25.0
149520,24.6
149580,23.6
149640,24.8
149700,23.6
149760,24.0
149820,22.6
149880,23.6
149940,23.0
150000,24.6
150060,23.6
150120,25.0
150180,26.0
150240,24.2
150300,24.6
150360,25.8
150420,24.6
150480,25.4
150540,23.4
150600,24.4
150660,25.4
150720,23.8
150780,25.0
150840,24.8
150900,23.8
150960,26.0
151020,24.2
151080,25.0
151140,25.2
151200,23.6
151260,24.4
151320,23.6
151380,24.8
151440,24.4
151500,25.2
151560,25.0
151620,24.2
151680,25.0
151740,25.2
151800,24.2
151860,24.6
151920,23.8
151980,25.6
152040,23.4
152100,23.6
152160,25.8
152220,24.4
152280,25.6
152340,24.4
152400,24.4
152460,24.6
152520,24.8
152580,26.2
152640,25.4
152700,24.4
152760,27.0
152820,23.6
152880,26.0
152940,24.4
153000,24.6
153060,25.2
153120,24.0
153180,23.8
153240,23.2
153300,24.2
153360,22.8
153420,24.2
153480,25.4
153540,25.0
153600,24.8
153660,22.8
153720,23.6
153780,23.6
153840,24.4
153900,24.4
153960,23.4
154020,24.4
154080,24.0
154140,23.2
154200,24.0
154260,24.0
154320,24.2
154380,22.2
154440,23.8
154500,22.8
154560,23.2
154620,23.8
154680,25.0
154740,24.2
154800,23.6
154860,23.8
154920,24.8
154980,23.6
155040,23.4
155100,23.4
155160,23.8
155220,24.4
155280,23.6
155340,24.2
155400,22.6
155460,24.0
155520,23.8
155580,22.4
155640,25.2
155700,24.8
155760,22.8
155820,25.2
155880,23.6
155940,25.0
156000,23.2
156060,25.0
156120,25.2
156180,26.4
156240,24.2
156300,23.2
156360,26.2
156420,24.0
156480,25.4
156540,24.6
156600,24.6
156660,24.4
156720,24.4
156780,23.8
156840,26.0
156900,24.0
156960,23.6
157020,24.6
157080,24.4
157140,23.8
157200,24.2
157260,24.8
157320,24.6
157380,23.8
157440,25.6
157500,24.2
157560,25.6
157620,24.0
157680,24.8
157740,24.4
157800,24.4
157860,26.0
157920,24.0
157980,23.6
158040,24.6
158100,24.6
158160,23.2
158220,24.0
158280,23.4
158340,24.6
158400,24.4
158460,24.0
158520,23.0
158580,23.6
158640,24.4
158700,23.0
158760,25.0
158820,24.2
158880,22.8
158940,23.2
159000,24.6
159060,23.4
159120,24.2
159180,24.4
159240,25.0
159300,24.4
159360,24.2
159420,22.8
159480,23.6
159540,25.0
159600,23.6
159660,23.6
159720,25.2
159780,24.2
159840,24.0
159900,24.8
159960,23.4
160020,23.4
160080,24.8
160140,24.4
160200,23.0
160260,24.4
160320,22.6
160380,23.4
160440,24.2
160500,25.0
160560,23.2
160620,23.0
160680,24.4
160740,22.2
160800,24.8
160860,25.0
160920,23.2
160980,22.4
161040,26.2
161100,24.4
161160,24.6
161220,23.2
161280,24.6
161340,25.6
161400,23.4
161460,25.2
161520,23.4
161580,25.4
161640,24.0
161700,24.2
161760,26.8
161820,25.2
161880,25.8
161940,25.6
162000,24.2
162060,24.4
162120,25.0
162180,25.2
162240,24.0
162300,24.0
162360,25.4
162420,24.0
162480,24.4
162540,24.2
162600,23.8
162660,24.8
162720,23.2
162780,25.8
162840,23.6
162900,23.4
162960,25.0
163020,24.2
163080,24.0
163140,24.2
163200,24.4
163260,24.0
163320,24.4
163380,25.0
163440,24.0
163500,24.4
163560,24.4
163620,24.6
163680,25.8
163740,26.2
163800,24.8
163860,24.4
163920,26.4
163980,25.2
164040,23.8
164100,24.4
164160,23.8
164220,23.2
164280,23.8
164340,25.2
164400,22.6
164460,25.0
164520,25.0
164580,24.0
164640,24.8
164700,24.6
164760,24.2
164820,23.4
164880,24.4
164940,23.6
165000,24.6
165060,24.0
165120,24.2
165180,26.4
165240,24.2
165300,26.0
165360,24.8
165420,24.2
165480,24.0
165540,23.0
165600,24.8
165660,24.6
165720,22.8
165780,25.2
165840,25.0
165900,24.4
165960,25.2
166020,25.6
166080,23.4
166140,24.2
166200,24.8
166260,25.6
166320,24.4
166380,23.0
166440,24.0
166500,24.6
166560,24.6
166620,23.2
166680,22.8
166740,24.0
166800,25.4
166860,24.8
166920,24.8
166980,23.4
167040,25.0
167100,23.6
167160,23.4
167220,24.4
167280,25.2
167340,24.6
167400,25.0
167460,23.2
167520,24.0
167580,22.6
167640,23.6
167700,23.8
167760,22.4
167820,23.8
167880,24.6
167940,25.0
168000,23.8
168060,23.6
168120,24.0
168180,25.0
168240,25.4
168300,24.6
168360,23.6
168420,24.6
168480,24.6
168540,25.4
168600,24.4
168660,24.8
168720,24.4
168780,22.6
168840,22.6
168900,24.8
168960,23.6
169020,24.6
169080,23.8
169140,23.2
169200,24.0
169260,21.6
169320,20.8
169380,23.2
169440,22.6
169500,22.0
169560,21.8
169620,21.6
169680,23.4
169740,23.6
169800,24.0
169860,23.8
169920,23.4
169980,24.4
170040,23.8
170100,23.6
170160,23.4
170220,24.4
170280,25.2
170340,24.2
170400,23.8
170460,24.2
170520,26.6
170580,24.2
170640,24.2
170700,22.4
170760,24.4
170820,24.0
170880,23.6
170940,24.8
171000,23.0
171060,23.6
171120,24.0
171180,24.4
171240,24.0
171300,24.8
171360,22.4
171420,23.6
171480,23.6
171540,23.8
171600,25.2
171660,24.8
171720,23.4
171780,23.6
171840,24.0
171900,25.0
171960,25.4
172020,24.0
172080,25.0
172140,23.4
172200,23.4
172260,26.0
172320,24.4
172380,25.0
172440,25.6
172500,22.8
172560,22.6
172620,23.8
172680,25.0
172740,21.8
172800,26.4
172860,25.6
172920,25.4
172980,25.2
173040,24.2
173100,25.4
173160,23.8
173220,23.6
173280,24.2
173340,22.6
173400,23.4
173460,24.4
173520,24.0
173580,24.2
173640,24.4
173700,23.2
173760,24.4
173820,23.6
173880,23.0
173940,24.4
174000,24.0
174060,25.0
174120,23.2
174180,23.6
174240,23.6
174300,23.0
174360,25.2
174420,23.6
174480,24.2
174540,24.4
174600,23.8
174660,23.2
174720,22.8
174780,23.2
174840,23.8
174900,25.2
174960,22.4
175020,24.6
175080,22.8
175140,23.2
175200,23.4
175260,24.4
175320,22.6
175380,21.6
175440,22.8
175500,23.2
175560,21.8
175620,23.6
175680,22.0
175740,23.2
175800,23.2
175860,21.6
175920,22.8
175980,22.8
176040,24.0
176100,23.2
176160,24.8
176220,23.8
176280,23.4
176340,24.4
176400,24.2
176460,23.8
176520,23.2
176580,23.8
176640,23.6
176700,21.8
176760,24.2
176820,22.8
176880,23.6
176940,23.4
177000,24.4
177060,24.6
177120,22.6
177180,24.2
177240,24.8
177300,23.0
177360,23.8
177420,23.6
177480,25.8
177540,23.2
177600,23.8
177660,25.4
177720,24.2
177780,23.6
177840,24.8
177900,25.2
177960,24.4
178020,24.0
178080,24.4
178140,25.0
178200,24.8
178260,24.6
178320,24.4
178380,25.4
178440,24.0
178500,23.0
178560,26.0
178620,24.2
178680,25.2
178740,26.0
178800,24.4
178860,25.6
178920,25.2
178980,25.6
179040,25.2
179100,23.8
179160,26.6
179220,26.4
179280,25.0
179340,25.4
179400,25.0
179460,24.8
179520,24.8
179580,23.4
179640,23.4
179700,24.4
179760,24.8
179820,23.4
179880,23.8
179940,24.8
180000,24.8
