#Steps,score
60,0.4
120,1.6
180,0.8
240,1.4
300,1.2
360,1.0
420,1.2
480,1.2
540,1.0
600,0.6
660,1.2
720,1.6
780,1.6
840,0.8
900,1.0
960,2.0
1020,1.2
1080,0.8
1140,1.2
1200,1.2
1260,1.0
1320,1.0
1380,1.4
1440,1.6
1500,0.8
1560,1.4
1620,1.2
1680,0.6
1740,1.4
1800,1.2
1860,0.2
1920,1.0
1980,1.4
2040,1.4
2100,1.0
2160,0.8
2220,0.6
2280,0.6
2340,2.0
2400,1.4
2460,1.6
2520,1.2
2580,1.2
2640,0.2
2700,0.2
2760,0.8
2820,0.4
2880,1.4
2940,1.4
3000,0.8
3060,1.0
3120,1.0
3180,0.6
3240,1.4
3300,1.2
3360,1.2
3420,1.4
3480,2.2
3540,1.2
3600,1.2
3660,2.0
3720,1.4
3780,1.2
3840,0.8
3900,1.2
3960,0.4
4020,1.2
4080,1.6
4140,1.6
4200,1.0
4260,0.8
4320,0.8
4380,1.6
4440,1.4
4500,1.2
4560,1.8
4620,1.8
4680,0.8
4740,1.6
4800,1.2
4860,1.0
4920,1.2
4980,1.2
5040,0.6
5100,1.2
5160,0.8
5220,0.6
5280,1.2
5340,1.4
5400,0.6
5460,0.4
5520,3.0
5580,1.6
5640,1.4
5700,2.4
5760,0.6
5820,1.2
5880,0.8
5940,1.2
6000,1.2
6060,0.6
6120,1.0
6180,2.2
6240,1.0
6300,1.6
6360,1.0
6420,1.2
6480,0.6
6540,1.2
6600,1.0
6660,1.0
6720,1.0
6780,1.0
6840,1.4
6900,1.2
6960,1.4
7020,1.6
7080,0.8
7140,2.2
7200,1.4
7260,1.0
7320,1.0
7380,1.2
7440,0.4
7500,1.4
7560,0.8
7620,1.4
7680,2.2
7740,1.8
7800,1.4
7860,1.6
7920,0.8
7980,0.4
8040,0.8
8100,0.8
8160,1.4
8220,1.6
8280,0.6
8340,1.0
8400,1.2
8460,1.2
8520,2.0
8580,1.8
8640,1.0
8700,1.0
8760,0.8
8820,1.2
8880,1.2
8940,1.4
9000,0.8
9060,0.6
9120,3.4
9180,1.0
9240,0.8
9300,1.8
9360,0.8
9420,2.0
9480,2.4
9540,0.4
9600,0.8
9660,2.0
9720,2.0
9780,1.0
9840,1.8
9900,1.2
9960,1.4
10020,2.2
10080,1.4
10140,3.0
10200,2.2
10260,0.8
10320,0.4
10380,0.8
10440,0.4
10500,1.8
10560,1.4
10620,2.8
10680,2.2
10740,1.0
10800,1.2
10860,1.0
10920,2.0
10980,1.0
11040,0.6
11100,1.6
11160,0.8
11220,1.4
11280,1.6
11340,1.0
11400,2.0
11460,2.0
11520,1.2
11580,2.0
11640,0.8
11700,2.4
11760,1.2
11820,1.6
11880,1.0
11940,1.2
12000,1.2
12060,1.4
12120,2.0
12180,1.8
12240,2.6
12300,2.4
12360,2.8
12420,2.8
12480,1.6
12540,1.0
12600,1.4
12660,2.0
12720,1.0
12780,1.6
12840,2.2
12900,1.2
12960,0.8
13020,1.4
13080,1.0
13140,1.2
13200,1.2
13260,1.2
13320,1.8
13380,1.0
13440,1.6
13500,0.8
13560,2.4
13620,1.2
13680,1.0
13740,1.0
13800,1.6
13860,1.4
13920,1.4
13980,1.4
14040,1.4
14100,1.0
14160,1.8
14220,1.4
14280,1.4
14340,2.4
14400,1.2
14460,1.2
14520,2.2
14580,1.6
14640,1.6
14700,1.2
14760,2.0
14820,1.2
14880,1.4
14940,1.8
15000,1.2
15060,3.0
15120,1.4
15180,2.2
15240,1.6
15300,2.2
15360,0.8
15420,1.8
15480,1.4
15540,1.0
15600,1.0
15660,1.0
15720,1.6
15780,1.2
15840,2.0
15900,2.2
15960,2.4
16020,1.4
16080,1.2
16140,0.8
16200,1.6
16260,1.8
16320,2.0
16380,1.2
16440,2.0
16500,1.2
16560,1.4
16620,1.6
16680,1.4
16740,1.2
16800,0.8
16860,1.0
16920,1.4
16980,1.8
17040,2.0
17100,1.8
17160,1.4
17220,1.6
17280,2.2
17340,1.6
17400,1.4
17460,2.0
17520,2.0
17580,1.8
17640,1.8
17700,2.2
17760,3.0
17820,1.4
17880,2.6
17940,1.0
18000,2.0
18060,1.6
18120,1.8
18180,1.8
18240,2.8
18300,1.8
18360,1.6
18420,1.6
18480,2.4
18540,1.8
18600,1.8
18660,0.4
18720,1.8
18780,1.6
18840,2.2
18900,1.6
18960,2.6
19020,2.4
19080,2.0
19140,1.8
19200,2.4
19260,2.8
19320,1.0
19380,2.2
19440,1.2
19500,2.8
19560,1.6
19620,2.0
19680,2.4
19740,3.0
19800,2.0
19860,2.8
19920,2.2
19980,1.6
20040,2.4
20100,1.4
20160,1.4
20220,2.2
20280,2.8
20340,1.8
20400,2.0
20460,2.0
20520,1.4
20580,2.2
20640,1.6
20700,3.0
20760,2.8
20820,2.4
20880,3.6
20940,3.4
21000,2.8
21060,2.2
21120,2.2
21180,2.6
21240,1.6
21300,1.8
21360,1.8
21420,1.6
21480,2.2
21540,2.0
21600,0.6
21660,1.8
21720,2.0
21780,1.4
21840,2.0
21900,2.2
21960,1.8
22020,2.2
22080,2.2
22140,2.0
22200,1.8
22260,2.4
22320,3.2
22380,2.2
22440,2.6
22500,3.0
22560,2.2
22620,2.6
22680,2.8
22740,2.0
22800,3.4
22860,2.4
22920,4.0
22980,3.6
23040,3.0
23100,3.0
23160,4.0
23220,3.8
23280,4.4
23340,5.4
23400,5.2
23460,5.0
23520,7.6
23580,7.2
23640,8.4
23700,8.2
23760,10.4
23820,9.2
23880,13.0
23940,15.8
24000,18.6
24060,19.8
24120,21.0
24180,23.0
24240,21.4
24300,22.8
24360,23.4
24420,21.0
24480,23.0
24540,23.6
24600,24.4
24660,24.8
24720,24.2
24780,24.2
24840,24.0
24900,22.8
24960,22.4
25020,24.4
25080,24.0
25140,24.8
25200,23.4
25260,23.8
25320,24.6
25380,24.8
25440,23.4
25500,22.8
25560,24.6
25620,25.0
25680,25.0
25740,24.2
25800,24.0
25860,23.2
25920,25.0
25980,24.4
26040,23.8
26100,24.2
26160,24.8
26220,25.0
26280,25.0
26340,24.6
26400,23.4
26460,25.2
26520,24.2
26580,24.2
26640,24.4
26700,24.4
26760,24.4
26820,24.2
26880,23.6
26940,22.8
27000,24.2
27060,24.8
27120,24.4
27180,24.6
27240,25.2
27300,24.4
27360,23.4
27420,24.6
27480,24.4
27540,23.8
27600,24.0
27660,23.0
27720,24.0
27780,24.0
27840,24.4
27900,23.8
27960,23.8
28020,24.4
28080,24.8
28140,24.2
28200,25.8
28260,24.4
28320,23.6
28380,23.8
28440,24.0
28500,24.6
28560,23.2
28620,25.0
28680,23.6
28740,24.0
28800,24.6
28860,26.2
28920,24.4
28980,24.0
29040,23.4
29100,24.4
29160,24.2
29220,24.8
29280,24.2
29340,23.6
29400,23.6
29460,24.0
29520,23.6
29580,24.8
29640,24.0
29700,23.8
29760,26.0
29820,24.2
29880,23.4
29940,26.0
30000,24.2
30060,24.2
30120,24.4
30180,24.8
30240,24.6
30300,25.0
30360,24.6
30420,24.2
30480,24.2
30540,24.0
30600,24.2
30660,23.6
30720,23.8
30780,23.6
30840,23.8
30900,23.8
30960,25.8
31020,25.8
31080,23.6
31140,26.8
31200,25.4
31260,24.4
31320,23.2
31380,24.0
31440,25.0
31500,24.6
31560,24.6
31620,23.8
31680,25.8
31740,24.6
31800,23.6
31860,24.8
31920,25.0
31980,24.4
32040,24.0
32100,24.4
32160,25.2
32220,23.6
32280,25.6
32340,25.4
32400,24.0
32460,26.4
32520,25.6
32580,25.4
32640,25.0
32700,23.4
32760,24.6
32820,25.2
32880,23.4
32940,25.2
33000,23.8
33060,26.0
33120,23.4
33180,24.8
33240,25.8
33300,23.6
33360,26.0
33420,24.2
33480,23.4
33540,23.6
33600,23.6
33660,24.4
33720,23.0
33780,25.2
33840,25.6
33900,24.0
33960,24.0
34020,25.0
34080,25.8
34140,24.6
34200,25.4
34260,24.2
34320,23.8
34380,24.2
34440,23.8
34500,24.6
34560,23.4
34620,24.4
34680,24.2
34740,24.8
34800,24.0
34860,24.4
34920,25.4
34980,22.4
35040,23.6
35100,24.8
35160,25.4
35220,22.2
35280,23.0
35340,27.2
35400,24.8
35460,22.8
35520,24.0
35580,23.0
35640,25.4
35700,23.8
35760,24.4
35820,23.8
35880,24.4
35940,24.0
36000,24.2
36060,24.2
36120,24.4
36180,23.8
36240,23.8
36300,24.8
36360,22.4
36420,25.2
36480,23.6
36540,23.4
36600,23.4
36660,23.4
36720,24.4
36780,24.8
36840,22.8
36900,22.8
36960,24.6
37020,24.4
37080,23.6
37140,23.6
37200,24.6
37260,24.4
37320,24.0
37380,24.6
37440,24.2
37500,23.8
37560,23.0
37620,24.6
37680,22.6
37740,24.2
37800,23.8
37860,24.2
37920,24.0
37980,24.4
38040,23.6
38100,23.8
38160,25.4
38220,24.6
38280,24.2
38340,23.4
38400,25.6
38460,24.2
38520,23.8
38580,25.2
38640,22.8
38700,23.8
38760,23.2
38820,23.4
38880,24.0
38940,23.0
39000,24.2
39060,24.0
39120,23.6
39180,23.8
39240,22.4
39300,22.6
39360,21.8
39420,20.2
39480,21.8
39540,21.8
39600,20.8
39660,21.8
39720,22.8
39780,22.0
39840,22.0
39900,21.8
39960,23.0
40020,23.0
40080,23.2
40140,24.6
40200,21.6
40260,23.0
40320,23.6
40380,24.4
40440,24.4
40500,23.4
40560,24.8
40620,22.4
40680,22.8
40740,24.4
40800,24.0
40860,22.4
40920,22.0
40980,22.8
41040,23.8
41100,22.4
41160,22.2
41220,22.8
41280,22.2
41340,22.2
41400,19.8
41460,23.0
41520,21.0
41580,20.6
41640,19.6
41700,19.2
41760,21.0
41820,21.4
41880,22.4
41940,20.2
42000,23.8
42060,22.8
42120,22.0
42180,22.4
42240,22.6
42300,22.8
42360,24.2
42420,22.8
42480,24.2
42540,22.8
42600,24.2
42660,23.2
42720,24.8
42780,22.8
42840,23.2
42900,22.4
42960,23.2
43020,23.4
43080,23.8
43140,24.8
43200,24.4
43260,24.4
43320,23.4
43380,24.8
43440,23.6
43500,25.2
43560,24.0
43620,23.8
43680,25.0
43740,23.6
43800,23.6
43860,23.2
43920,23.6
43980,24.8
44040,23.8
44100,24.8
44160,25.6
44220,25.6
44280,24.6
44340,24.6
44400,24.6
44460,23.8
44520,24.0
44580,26.2
44640,23.6
44700,23.6
44760,24.2
44820,24.8
44880,24.2
44940,24.4
45000,25.8
45060,24.2
45120,23.6
45180,25.4
45240,25.6
45300,24.2
45360,22.8
45420,25.0
45480,25.4
45540,23.2
45600,23.0
45660,24.6
45720,24.8
45780,24.0
45840,24.2
45900,25.2
45960,25.0
46020,24.6
46080,22.6
46140,24.4
46200,25.2
46260,26.0
46320,24.0
46380,24.4
46440,24.6
46500,25.6
46560,23.6
46620,23.0
46680,25.6
46740,24.8
46800,25.6
46860,25.8
46920,25.0
46980,25.6
47040,24.8
47100,24.0
47160,23.8
47220,23.2
47280,24.4
47340,25.4
47400,22.8
47460,21.8
47520,24.2
47580,23.6
47640,20.8
47700,22.6
47760,22.8
47820,23.0
47880,23.4
47940,22.0
48000,24.0
48060,23.0
48120,23.2
48180,23.8
48240,23.8
48300,22.8
48360,22.8
48420,22.8
48480,23.0
48540,21.8
48600,23.0
48660,24.4
48720,24.6
48780,24.6
48840,24.4
48900,23.6
48960,23.0
49020,22.4
49080,23.8
49140,23.4
49200,22.8
49260,22.8
49320,23.4
49380,23.0
49440,22.2
49500,22.8
49560,24.0
49620,23.2
49680,22.6
49740,24.6
49800,23.0
49860,22.8
49920,22.4
49980,22.8
50040,22.0
50100,23.2
50160,23.4
50220,23.6
50280,23.4
50340,20.8
50400,21.4
50460,22.6
50520,21.0
50580,22.0
50640,21.0
50700,21.0
50760,21.0
50820,22.4
50880,23.2
50940,23.6
51000,23.6
51060,21.8
51120,22.4
51180,23.8
51240,25.2
51300,22.2
51360,26.2
51420,22.4
51480,24.6
51540,24.0
51600,23.6
51660,24.8
51720,23.8
51780,23.6
51840,23.4
51900,25.4
51960,25.0
52020,24.4
52080,23.4
52140,24.6
52200,24.6
52260,24.4
52320,24.4
52380,24.6
52440,23.4
52500,24.0
52560,23.2
52620,24.0
52680,23.6
52740,24.4
52800,23.2
52860,24.2
52920,23.0
52980,21.4
53040,22.2
53100,22.8
53160,22.4
53220,23.2
53280,22.0
53340,21.0
53400,22.4
53460,23.0
53520,20.2
53580,20.6
53640,21.2
53700,20.8
53760,20.8
53820,19.6
53880,21.2
53940,21.8
54000,20.4
54060,21.4
54120,22.8
54180,23.2
54240,22.6
54300,23.6
54360,22.2
54420,23.0
54480,24.8
54540,23.4
54600,22.0
54660,24.0
54720,22.8
54780,24.6
54840,23.6
54900,22.4
54960,22.6
55020,22.8
55080,23.0
55140,22.0
55200,23.2
55260,22.8
55320,23.8
55380,25.4
55440,23.8
55500,24.6
55560,24.4
55620,24.4
55680,24.6
55740,24.4
55800,24.2
55860,24.4
55920,24.8
55980,24.6
56040,23.0
56100,25.6
56160,24.0
56220,23.8
56280,24.8
56340,24.0
56400,25.2
56460,24.4
56520,25.0
56580,25.8
56640,25.4
56700,25.8
56760,24.4
56820,25.4
56880,26.2
56940,26.6
57000,24.6
57060,24.6
57120,24.0
57180,23.2
57240,23.8
57300,25.0
57360,24.6
57420,26.0
57480,23.4
57540,25.4
57600,24.8
57660,25.4
57720,24.4
57780,25.0
57840,25.0
57900,24.8
57960,24.4
58020,26.2
58080,24.2
58140,24.2
58200,26.0
58260,24.8
58320,25.0
58380,24.0
58440,24.6
58500,24.2
58560,25.8
58620,23.8
58680,25.2
58740,26.0
58800,25.0
58860,23.4
58920,25.0
58980,25.0
59040,24.0
59100,25.0
59160,24.6
59220,23.8
59280,25.0
59340,22.6
59400,24.2
59460,22.6
59520,24.8
59580,24.0
59640,23.4
59700,23.4
59760,23.8
59820,23.8
59880,25.0
59940,25.2
60000,25.2
60060,25.0
60120,25.2
60180,23.8
60240,26.2
60300,25.8
60360,23.0
60420,24.4
60480,25.6
60540,23.8
60600,24.2
60660,25.0
60720,24.0
60780,24.4
60840,24.4
60900,24.2
60960,25.6
61020,23.0
61080,25.6
61140,24.2
61200,23.4
61260,24.2
61320,24.0
61380,25.0
61440,22.4
61500,27.0
61560,24.6
61620,24.2
61680,25.4
61740,24.6
61800,24.8
61860,23.4
61920,24.4
61980,23.0
62040,22.6
62100,23.0
62160,24.2
62220,24.2
62280,24.0
62340,24.2
62400,24.6
62460,25.6
62520,24.4
62580,24.8
62640,23.0
62700,23.2
62760,24.6
62820,24.6
62880,23.6
62940,24.6
63000,26.2
63060,24.4
63120,23.8
63180,25.0
63240,24.6
63300,24.6
63360,23.2
63420,24.6
63480,25.6
63540,24.0
63600,24.0
63660,23.4
63720,25.0
63780,26.0
63840,22.4
63900,23.0
63960,24.2
64020,22.6
64080,23.6
64140,23.0
64200,25.2
64260,22.8
64320,25.6
64380,24.4
64440,23.0
64500,24.6
64560,25.2
64620,22.8
64680,22.6
64740,23.6
64800,23.2
64860,24.8
64920,23.8
64980,23.2
65040,23.4
65100,22.2
65160,21.6
65220,22.6
65280,22.8
65340,22.2
65400,20.8
65460,22.8
65520,23.2
65580,22.2
65640,24.8
65700,23.8
65760,22.8
65820,22.0
65880,22.6
65940,23.6
66000,22.8
66060,23.8
66120,25.0
66180,22.0
66240,22.2
66300,23.2
66360,22.8
66420,24.2
66480,22.8
66540,23.8
66600,25.2
66660,23.2
66720,25.0
66780,24.0
66840,24.0
66900,23.0
66960,24.6
67020,24.2
67080,23.0
67140,24.4
67200,25.6
67260,23.2
67320,24.2
67380,24.4
67440,23.2
67500,25.8
67560,24.2
67620,23.6
67680,25.0
67740,23.8
67800,24.8
67860,24.6
67920,24.2
67980,24.2
68040,25.2
68100,25.4
68160,25.2
68220,23.8
68280,24.0
68340,23.4
68400,24.2
68460,23.6
68520,23.4
68580,24.8
68640,25.2
68700,25.4
68760,24.4
68820,24.2
68880,25.0
68940,24.0
69000,24.2
69060,25.8
69120,24.6
69180,24.6
69240,24.4
69300,24.0
69360,24.2
69420,24.8
69480,25.8
69540,25.2
69600,24.6
69660,23.6
69720,24.0
69780,24.2
69840,24.4
69900,24.2
69960,24.2
70020,23.0
70080,24.4
70140,24.2
70200,24.8
70260,24.4
70320,23.6
70380,23.8
70440,24.6
70500,24.2
70560,23.6
70620,24.8
70680,25.6
70740,24.4
70800,22.8
70860,24.8
70920,24.8
70980,23.8
71040,23.0
71100,24.8
71160,25.8
71220,23.8
71280,24.2
71340,24.4
71400,25.2
71460,24.4
71520,24.2
71580,22.8
71640,24.4
71700,26.0
71760,24.6
71820,24.2
71880,24.2
71940,24.8
72000,24.4
72060,23.4
72120,25.4
72180,23.0
72240,23.4
72300,24.2
72360,23.6
72420,22.0
72480,25.0
72540,23.4
72600,23.0
72660,24.0
72720,23.2
72780,24.0
72840,23.6
72900,25.2
72960,26.2
73020,24.2
73080,23.6
73140,22.6
73200,25.0
73260,24.4
73320,24.0
73380,23.6
73440,21.2
73500,22.4
73560,21.4
73620,22.4
73680,21.8
73740,22.2
73800,22.6
73860,20.8
73920,20.4
73980,21.0
74040,20.6
74100,21.6
74160,20.4
74220,21.4
74280,20.2
74340,20.4
74400,23.6
74460,22.8
74520,22.2
74580,22.8
74640,21.6
74700,24.4
74760,23.2
74820,23.6
74880,24.4
74940,25.2
75000,25.2
75060,25.0
75120,24.4
75180,24.2
75240,24.8
75300,25.4
75360,24.6
75420,24.4
75480,24.6
75540,23.0
75600,23.8
75660,24.6
75720,24.4
75780,22.2
75840,24.4
75900,25.0
75960,24.6
76020,25.0
76080,24.4
76140,25.4
76200,24.2
76260,24.0
76320,23.0
76380,24.4
76440,24.8
76500,24.4
76560,25.4
76620,24.8
76680,25.0
76740,26.2
76800,24.0
76860,24.0
76920,24.4
76980,22.8
77040,24.6
77100,23.6
77160,23.8
77220,23.2
77280,24.0
77340,23.8
77400,22.8
77460,22.2
77520,21.4
77580,21.4
77640,22.2
77700,22.0
77760,23.0
77820,24.2
77880,23.6
77940,25.0
78000,22.8
78060,24.2
78120,22.2
78180,23.4
78240,23.6
78300,23.8
78360,25.4
78420,24.4
78480,24.2
78540,24.4
78600,22.6
78660,23.8
78720,22.6
78780,24.6
78840,25.6
78900,25.0
78960,24.0
79020,25.2
79080,24.8
79140,22.6
79200,24.0
79260,22.8
79320,25.6
79380,25.4
79440,24.4
79500,22.8
79560,23.8
79620,25.2
79680,24.8
79740,23.6
79800,25.8
79860,24.8
79920,24.2
79980,24.6
80040,23.0
80100,23.8
80160,25.8
80220,23.8
80280,23.8
80340,23.6
80400,24.4
80460,24.4
80520,24.4
80580,24.4
80640,25.2
80700,26.8
80760,23.4
80820,23.8
80880,25.4
80940,23.6
81000,23.4
81060,24.8
81120,24.0
81180,23.0
81240,24.4
81300,23.2
81360,25.6
81420,23.6
81480,25.6
81540,24.0
81600,23.6
81660,24.6
81720,23.4
81780,24.0
81840,22.6
81900,23.2
81960,23.0
82020,22.8
82080,23.2
82140,25.8
82200,24.0
82260,24.0
82320,23.8
82380,24.8
82440,23.6
82500,24.0
82560,23.0
82620,24.4
82680,24.6
82740,24.8
82800,23.8
82860,24.0
82920,24.6
82980,24.2
83040,23.2
83100,22.6
83160,26.4
83220,22.6
83280,22.6
83340,23.6
83400,23.4
83460,22.4
83520,24.0
83580,23.4
83640,24.0
83700,25.0
83760,24.6
83820,24.4
83880,23.6
83940,24.6
84000,23.0
84060,23.8
84120,23.6
84180,23.4
84240,25.4
84300,23.6
84360,24.2
84420,23.4
84480,23.4
84540,23.2
84600,21.6
84660,24.2
84720,23.8
84780,23.2
84840,23.8
84900,23.2
84960,24.4
85020,25.0
85080,23.8
85140,24.0
85200,21.4
85260,23.4
85320,25.2
85380,25.4
85440,23.8
85500,24.2
85560,23.4
85620,26.6
85680,23.8
85740,23.4
85800,24.6
85860,25.2
85920,22.8
85980,24.8
86040,24.0
86100,24.4
86160,24.2
86220,24.6
86280,23.2
86340,24.4
86400,23.2
86460,24.0
86520,24.6
86580,24.0
86640,24.2
86700,23.6
86760,23.4
86820,23.8
86880,23.8
86940,24.6
87000,23.0
87060,24.6
87120,25.2
87180,24.0
87240,23.8
87300,24.6
87360,23.4
87420,24.0
87480,24.2
87540,23.2
87600,24.4
87660,23.6
87720,24.2
87780,23.4
87840,24.2
87900,23.0
87960,24.4
88020,24.4
88080,23.6
88140,23.4
88200,24.2
88260,24.4
88320,24.2
88380,24.2
88440,22.8
88500,23.2
88560,23.8
88620,25.8
88680,24.8
88740,23.2
88800,23.0
88860,25.2
88920,25.8
88980,24.4
89040,24.6
89100,23.4
89160,23.8
89220,25.0
89280,25.6
89340,24.6
89400,22.6
89460,25.0
89520,23.4
89580,23.6
89640,26.0
89700,24.6
89760,23.8
89820,23.4
89880,24.8
89940,24.2
90000,24.0
90060,24.6
90120,24.0
90180,24.2
90240,24.2
90300,25.8
90360,23.6
90420,23.4
90480,24.6
90540,24.6
90600,22.6
90660,23.6
90720,24.0
90780,26.0
90840,26.0
90900,23.4
90960,24.0
91020,23.2
91080,24.6
91140,24.6
91200,24.8
91260,25.6
91320,23.6
91380,24.0
91440,23.6
91500,24.4
91560,25.0
91620,25.0
91680,24.2
91740,24.4
91800,25.0
91860,23.4
91920,24.4
91980,23.2
92040,23.6
92100,24.8
92160,23.2
92220,24.6
92280,25.6
92340,24.0
92400,23.4
92460,23.4
92520,23.6
92580,22.2
92640,23.2
92700,23.6
92760,23.4
92820,23.2
92880,23.8
92940,24.4
93000,22.8
93060,24.0
93120,23.8
93180,23.0
93240,24.2
93300,23.4
93360,24.6
93420,23.4
93480,25.2
93540,22.8
93600,23.6
93660,24.2
93720,25.8
93780,23.6
93840,24.4
93900,23.8
93960,24.6
94020,24.6
94080,25.8
94140,23.8
94200,25.2
94260,24.6
94320,23.6
94380,24.0
94440,24.6
94500,24.2
94560,24.6
94620,24.4
94680,24.6
94740,24.0
94800,24.0
94860,24.0
94920,24.4
94980,25.2
95040,24.4
95100,25.2
95160,23.0
95220,23.8
95280,25.0
95340,23.4
95400,23.8
95460,24.4
95520,23.4
95580,25.2
95640,23.0
95700,22.8
95760,24.4
95820,25.4
95880,24.0
95940,23.6
96000,23.4
96060,24.0
96120,23.8
96180,23.2
96240,23.6
96300,25.8
96360,25.0
96420,23.0
96480,23.6
96540,23.6
96600,23.4
96660,23.8
96720,24.2
96780,25.6
96840,24.0
96900,24.6
96960,25.0
97020,24.2
97080,24.0
97140,25.2
97200,26.2
97260,23.0
97320,25.6
97380,24.6
97440,24.2
97500,25.8
97560,23.4
97620,23.0
97680,25.8
97740,23.4
97800,25.0
97860,23.4
97920,25.8
97980,24.4
98040,24.4
98100,24.0
98160,26.0
98220,24.2
98280,23.8
98340,25.0
98400,25.0
98460,25.0
98520,25.4
98580,24.2
98640,25.0
98700,25.8
98760,25.4
98820,23.4
98880,24.2
98940,25.8
99000,25.0
99060,25.4
99120,24.6
99180,24.4
99240,25.2
99300,24.2
99360,24.0
99420,25.2
99480,23.4
99540,25.0
99600,25.4
99660,24.4
99720,24.0
99780,23.8
99840,25.4
99900,23.8
99960,24.2
100020,24.6
100080,25.4
100140,23.8
100200,25.6
100260,23.6
100320,26.2
100380,25.2
100440,24.4
100500,25.0
100560,24.8
100620,24.6
100680,23.6
100740,24.6
100800,24.6
100860,22.8
100920,25.8
100980,24.4
101040,23.4
101100,24.0
101160,22.6
101220,22.8
101280,23.8
101340,25.0
101400,25.0
101460,23.6
101520,22.4
101580,25.6
101640,24.8
101700,25.8
101760,23.0
101820,23.0
101880,23.4
101940,23.4
102000,23.0
102060,23.2
102120,24.2
102180,23.4
102240,23.0
102300,24.0
102360,22.4
102420,24.6
102480,24.2
102540,25.0
102600,26.0
102660,24.4
102720,24.8
102780,23.8
102840,24.6
102900,24.8
102960,23.4
103020,23.0
103080,24.6
103140,24.4
103200,23.4
103260,22.8
103320,25.0
103380,23.4
103440,24.2
103500,23.0
103560,23.8
103620,25.4
103680,23.0
103740,23.0
103800,24.0
103860,23.6
103920,21.8
103980,23.6
104040,23.8
104100,24.4
104160,24.4
104220,24.0
104280,23.4
104340,22.0
104400,22.4
104460,21.0
104520,23.0
104580,23.2
104640,22.6
104700,22.2
104760,23.0
104820,22.0
104880,22.0
104940,22.8
105000,22.8
105060,23.2
105120,21.8
105180,21.6
105240,23.6
105300,22.4
105360,23.0
105420,22.0
105480,21.2
105540,22.6
105600,22.4
105660,22.0
105720,22.2
105780,21.4
105840,20.6
105900,22.4
105960,20.6
106020,22.6
106080,21.6
106140,23.0
106200,24.0
106260,21.4
106320,22.0
106380,22.6
106440,23.2
106500,22.6
106560,22.8
106620,23.4
106680,23.0
106740,23.6
106800,24.4
106860,25.4
106920,23.6
106980,22.2
107040,24.4
107100,24.2
107160,24.4
107220,25.2
107280,24.2
107340,24.6
107400,24.2
107460,24.0
107520,24.4
107580,25.4
107640,26.0
107700,23.6
107760,24.2
107820,25.0
107880,23.6
107940,24.6
108000,23.6
108060,24.2
108120,23.6
108180,24.8
108240,24.8
108300,23.8
108360,24.0
108420,23.8
108480,25.2
108540,24.4
108600,25.2
108660,23.6
108720,22.8
108780,23.6
108840,24.2
108900,25.8
108960,24.2
109020,24.0
109080,24.0
109140,24.6
109200,24.6
109260,23.2
109320,22.6
109380,22.8
109440,23.4
109500,24.6
109560,23.8
109620,24.2
109680,22.8
109740,24.0
109800,23.4
109860,22.8
109920,23.0
109980,24.6
110040,23.8
110100,24.0
110160,23.4
110220,25.2
110280,24.4
110340,24.2
110400,25.0
110460,25.4
110520,24.8
110580,26.2
110640,24.4
110700,23.8
110760,25.4
110820,25.0
110880,23.4
110940,24.4
111000,24.6
111060,25.6
111120,26.2
111180,25.6
111240,24.4
111300,24.8
111360,25.2
111420,24.6
111480,24.0
111540,24.2
111600,25.0
111660,22.6
111720,24.6
111780,25.4
111840,26.2
111900,25.4
111960,26.0
112020,25.0
112080,25.4
112140,25.4
112200,24.2
112260,25.6
112320,24.2
112380,24.8
112440,23.2
112500,23.4
112560,26.0
112620,24.2
112680,25.8
112740,22.8
112800,23.2
112860,24.8
112920,24.4
112980,23.6
113040,24.2
113100,24.6
113160,23.4
113220,23.8
113280,25.0
113340,24.0
113400,24.2
113460,23.8
113520,24.6
113580,24.4
113640,23.6
113700,24.2
113760,23.6
113820,25.0
113880,25.0
113940,24.8
114000,24.4
114060,26.8
114120,23.8
114180,24.4
114240,24.0
114300,24.0
114360,25.4
114420,25.0
114480,25.0
114540,23.2
114600,23.8
114660,24.2
114720,23.8
114780,24.8
114840,24.8
114900,24.8
114960,23.8
115020,24.4
115080,23.6
115140,22.4
115200,24.6
115260,24.8
115320,25.6
115380,25.4
115440,23.2
115500,23.0
115560,25.2
115620,23.6
115680,23.4
115740,23.8
115800,23.8
115860,23.8
115920,23.2
115980,24.8
116040,24.4
116100,23.4
116160,23.4
116220,25.2
116280,22.6
116340,25.4
116400,24.6
116460,24.2
116520,24.6
116580,22.4
116640,24.2
116700,23.6
116760,25.0
116820,22.8
116880,24.0
116940,22.6
117000,24.4
117060,22.2
117120,23.4
117180,23.6
117240,23.6
117300,24.0
117360,24.0
117420,23.0
117480,24.4
117540,25.6
117600,24.6
117660,23.0
117720,24.4
117780,24.0
117840,25.0
117900,24.4
117960,24.6
118020,24.4
118080,24.0
118140,22.6
118200,23.4
118260,24.2
118320,24.0
118380,24.2
118440,23.8
118500,24.6
118560,24.4
118620,24.2
118680,23.0
118740,23.0
118800,24.6
118860,21.0
118920,24.2
118980,24.2
119040,23.2
119100,22.2
119160,23.0
119220,22.6
119280,23.6
119340,22.6
119400,22.8
119460,23.0
119520,23.8
119580,24.2
119640,22.4
119700,24.6
119760,23.8
119820,23.6
119880,23.4
119940,23.8
120000,22.2
120060,22.4
120120,22.8
120180,23.2
120240,24.4
120300,23.0
120360,22.8
120420,23.6
120480,24.2
120540,25.0
120600,22.8
120660,23.0
120720,23.8
120780,24.8
120840,24.4
120900,24.0
120960,24.6
121020,24.6
121080,23.8
121140,23.4
121200,24.6
121260,22.2
121320,24.2
121380,25.8
121440,26.0
121500,24.0
121560,23.4
121620,25.6
121680,23.4
121740,25.0
121800,24.8
121860,25.6
121920,24.8
121980,25.2
122040,26.8
122100,25.2
122160,24.6
122220,25.0
122280,25.2
122340,24.4
122400,26.2
122460,25.6
122520,25.6
122580,24.2
122640,24.8
122700,26.4
122760,23.6
122820,24.6
122880,24.8
122940,26.0
123000,24.6
123060,25.8
123120,23.8
123180,24.8
123240,24.0
123300,25.0
123360,25.8
123420,24.0
123480,26.6
123540,24.8
123600,23.8
123660,24.2
123720,24.0
123780,25.4
123840,25.0
123900,24.8
123960,24.8
124020,23.2
124080,24.0
124140,25.0
124200,22.4
124260,23.8
124320,24.0
124380,23.4
124440,22.4
124500,23.2
124560,24.0
124620,24.2
124680,24.2
124740,24.4
124800,24.0
124860,23.8
124920,23.2
124980,24.8
125040,23.8
125100,24.4
125160,24.6
125220,24.2
125280,25.4
125340,25.0
125400,25.8
125460,25.0
125520,25.2
125580,23.8
125640,23.8
125700,24.2
125760,22.4
125820,25.2
125880,24.0
125940,23.2
126000,24.4
126060,24.4
126120,25.0
126180,23.4
126240,22.6
126300,25.0
126360,23.8
126420,23.8
126480,24.4
126540,23.8
126600,23.2
126660,22.6
126720,24.0
126780,23.0
126840,21.6
126900,24.4
126960,24.2
127020,21.0
127080,23.6
127140,22.0
127200,22.6
127260,21.8
127320,22.8
127380,20.8
127440,23.0
127500,22.6
127560,22.8
127620,22.4
127680,21.2
127740,22.0
127800,22.4
127860,19.6
127920,24.0
127980,22.4
128040,22.6
128100,23.4
128160,22.0
128220,23.4
128280,23.4
128340,22.2
128400,23.2
128460,23.6
128520,25.6
128580,23.8
128640,24.4
128700,23.2
128760,23.8
128820,23.8
128880,24.4
128940,21.8
129000,21.4
129060,24.0
129120,25.2
129180,24.0
129240,25.2
129300,22.4
129360,23.6
129420,24.6
129480,24.6
129540,24.6
129600,24.8
129660,23.0
129720,26.4
129780,25.0
129840,23.4
129900,24.4
129960,25.6
130020,25.8
130080,25.6
130140,23.8
130200,23.6
130260,24.0
130320,23.0
130380,23.6
130440,24.2
130500,23.4
130560,24.2
130620,23.2
130680,23.6
130740,23.6
130800,25.6
130860,24.8
130920,23.4
130980,23.2
131040,25.2
131100,24.0
131160,23.6
131220,23.2
131280,22.8
131340,24.0
131400,22.6
131460,23.6
131520,25.0
131580,24.8
131640,23.2
131700,25.8
131760,25.2
131820,25.6
131880,24.8
131940,25.6
132000,25.2
132060,25.4
132120,25.8
132180,26.0
132240,26.0
132300,22.6
132360,24.6
132420,23.6
132480,23.6
132540,26.0
132600,24.2
132660,25.2
132720,25.0
132780,25.0
132840,26.0
132900,23.4
132960,24.6
133020,24.8
133080,25.2
133140,24.2
133200,24.2
133260,26.2
133320,23.4
133380,25.0
133440,25.8
133500,25.2
133560,25.2
133620,26.0
133680,24.6
133740,24.2
133800,23.2
133860,24.4
133920,24.2
133980,24.6
134040,23.0
134100,23.8
134160,24.6
134220,23.4
134280,25.2
134340,24.8
134400,24.8
134460,25.4
134520,23.4
134580,25.8
134640,23.0
134700,24.6
134760,25.0
134820,23.6
134880,24.2
134940,24.4
135000,25.0
135060,24.0
135120,25.2
135180,24.6
135240,24.4
135300,24.6
135360,24.8
135420,25.8
135480,23.6
135540,24.0
135600,25.2
135660,23.8
135720,24.4
135780,23.2
135840,24.0
135900,23.2
135960,24.2
136020,24.6
136080,23.0
136140,24.0
136200,23.2
136260,24.2
136320,23.6
136380,23.4
136440,24.2
136500,23.4
136560,24.6
136620,24.4
136680,23.0
136740,23.0
136800,23.4
136860,23.6
136920,22.6
136980,23.6
137040,23.8
137100,24.6
137160,23.4
137220,24.6
137280,25.6
137340,26.0
137400,23.6
137460,23.4
137520,22.6
137580,23.8
137640,24.4
137700,23.8
137760,24.8
137820,23.8
137880,23.6
137940,23.8
138000,24.2
138060,22.6
138120,24.4
138180,25.6
138240,24.0
138300,24.2
138360,23.8
138420,22.6
138480,22.4
138540,23.4
138600,24.0
138660,23.8
138720,23.8
138780,26.0
138840,23.2
138900,22.8
138960,22.8
139020,24.4
139080,23.4
139140,23.6
139200,23.8
139260,23.2
139320,23.2
139380,23.0
139440,23.2
139500,22.0
139560,23.6
139620,23.6
139680,23.8
139740,22.4
139800,22.4
139860,22.0
139920,22.4
139980,22.8
140040,23.0
140100,23.4
140160,22.6
140220,21.8
140280,23.6
140340,22.2
140400,22.4
140460,23.8
140520,21.6
140580,22.2
140640,22.0
140700,23.4
140760,23.6
140820,23.4
140880,23.6
140940,22.6
141000,23.2
141060,23.2
141120,24.2
141180,24.4
141240,24.0
141300,24.0
141360,23.2
141420,23.8
141480,23.6
141540,23.8
141600,23.4
141660,25.0
141720,22.4
141780,23.4
141840,22.6
141900,22.4
141960,23.4
142020,22.2
142080,21.4
142140,23.6
142200,23.2
142260,22.4
142320,21.8
142380,21.2
142440,22.0
142500,23.0
142560,22.4
142620,21.6
142680,21.8
142740,21.2
142800,22.4
142860,22.6
142920,22.2
142980,21.6
143040,21.2
143100,23.6
143160,23.0
143220,21.8
143280,21.8
143340,22.6
143400,21.8
143460,24.0
143520,23.2
143580,22.0
143640,21.6
143700,23.4
143760,23.6
143820,21.2
143880,22.2
143940,21.8
144000,22.2
144060,21.8
144120,23.8
144180,20.0
144240,23.0
144300,22.6
144360,21.4
144420,22.6
144480,22.0
144540,21.0
144600,23.4
144660,23.0
144720,23.6
144780,23.0
144840,22.2
144900,22.8
144960,23.0
145020,23.0
145080,23.8
145140,22.4
145200,23.2
145260,24.0
145320,23.6
145380,22.6
145440,24.2
145500,23.6
145560,23.0
145620,24.2
145680,24.2
145740,24.8
145800,24.0
145860,24.4
145920,23.6
145980,24.6
146040,24.2
146100,24.0
146160,23.6
146220,23.4
146280,23.4
146340,23.8
146400,24.2
146460,24.2
146520,24.2
146580,22.8
146640,23.2
146700,24.0
146760,25.8
146820,24.2
146880,24.6
146940,24.8
147000,25.2
147060,24.4
147120,24.8
147180,24.8
147240,25.2
147300,25.0
147360,23.2
147420,24.6
147480,26.2
147540,25.4
147600,24.6
147660,24.8
147720,22.6
147780,23.4
147840,23.2
147900,26.0
147960,22.2
148020,25.0
148080,23.6
148140,23.4
148200,24.0
148260,23.4
148320,23.4
148380,23.2
148440,23.0
148500,23.4
148560,24.0
148620,22.6
148680,23.4
148740,22.2
148800,23.6
148860,23.2
148920,22.8
148980,22.8
149040,25.0
149100,24.4
149160,22.8
149220,22.8
149280,22.4
149340,22.4
149400,24.0
149460,22.0
149520,23.0
149580,22.4
149640,24.2
149700,21.4
149760,24.2
149820,22.2
149880,24.0
149940,22.4
150000,23.8
150060,22.6
150120,23.2
150180,23.4
150240,24.0
150300,22.4
150360,23.0
150420,22.6
150480,23.0
150540,24.0
150600,24.8
150660,25.0
150720,24.4
150780,24.8
150840,25.2
150900,25.6
150960,23.2
151020,25.4
151080,24.4
151140,24.6
151200,25.0
151260,25.0
151320,25.0
151380,24.0
151440,24.6
151500,23.6
151560,25.2
151620,23.2
151680,23.0
151740,24.4
151800,24.0
151860,23.4
151920,25.2
151980,24.6
152040,24.2
152100,25.0
152160,25.2
152220,25.4
152280,24.2
152340,24.8
152400,26.2
152460,24.2
152520,23.2
152580,23.6
152640,23.2
152700,24.4
152760,23.4
152820,23.4
152880,23.4
152940,23.6
153000,22.8
153060,22.0
153120,24.8
153180,23.2
153240,23.6
153300,23.0
153360,22.8
153420,22.6
153480,22.0
153540,25.0
153600,23.6
153660,23.6
153720,23.8
153780,23.2
153840,22.6
153900,24.6
153960,24.0
154020,24.4
154080,24.2
154140,24.8
154200,23.4
154260,22.8
154320,23.8
154380,24.8
154440,23.8
154500,23.2
154560,22.4
154620,24.2
154680,24.8
154740,24.4
154800,23.6
154860,23.8
154920,25.0
154980,25.0
155040,25.2
155100,23.2
155160,26.6
155220,24.0
155280,25.8
155340,24.0
155400,22.4
155460,24.0
155520,25.4
155580,23.6
155640,24.0
155700,24.0
155760,24.2
155820,24.6
155880,26.2
155940,24.0
156000,24.0
156060,25.2
156120,22.8
156180,24.0
156240,24.2
156300,25.6
156360,23.6
156420,24.8
156480,25.2
156540,26.6
156600,23.4
156660,25.8
156720,26.2
156780,25.6
156840,25.6
156900,23.0
156960,26.4
157020,23.6
157080,25.4
157140,24.4
157200,25.2
157260,25.4
157320,23.6
157380,25.4
157440,24.4
157500,24.6
157560,24.6
157620,24.6
157680,24.8
157740,24.6
157800,25.2
157860,24.4
157920,23.6
157980,23.8
158040,23.8
158100,25.2
158160,25.4
158220,25.6
158280,24.4
158340,26.2
158400,25.6
158460,25.0
158520,25.4
158580,25.8
158640,24.8
158700,25.0
158760,24.2
158820,23.6
158880,23.8
158940,24.0
159000,25.6
159060,24.4
159120,25.0
159180,25.0
159240,24.8
159300,25.2
159360,23.8
159420,23.8
159480,24.0
159540,24.6
159600,24.6
159660,24.4
159720,24.8
159780,25.6
159840,23.8
159900,23.6
159960,23.4
160020,24.4
160080,25.2
160140,25.0
160200,24.4
160260,24.8
160320,23.0
160380,23.4
160440,24.8
160500,25.4
160560,24.6
160620,23.4
160680,24.4
160740,22.2
160800,25.2
160860,23.8
160920,25.0
160980,23.4
161040,23.6
161100,24.4
161160,23.8
161220,23.0
161280,23.0
161340,23.8
161400,24.6
161460,24.0
161520,23.2
161580,23.0
161640,23.2
161700,21.6
161760,24.4
161820,23.6
161880,23.0
161940,24.6
162000,23.4
162060,22.4
162120,23.8
162180,24.0
162240,23.6
162300,22.6
162360,23.2
162420,25.8
162480,24.2
162540,24.8
162600,22.2
162660,23.6
162720,24.2
162780,26.0
162840,24.2
162900,25.4
162960,24.8
163020,25.0
163080,24.4
163140,24.0
163200,26.2
163260,23.4
163320,27.0
163380,24.4
163440,25.2
163500,24.6
163560,24.4
163620,23.6
163680,25.6
163740,24.6
163800,24.4
163860,23.0
163920,25.4
163980,25.0
164040,24.2
164100,24.8
164160,23.6
164220,23.0
164280,23.2
164340,24.6
164400,25.2
164460,24.4
164520,23.0
164580,23.0
164640,23.2
164700,24.0
164760,25.4
164820,22.2
164880,23.8
164940,21.6
165000,24.0
165060,24.6
165120,23.8
165180,22.6
165240,23.6
165300,23.0
165360,22.6
165420,24.4
165480,23.6
165540,21.8
165600,24.2
165660,22.8
165720,23.2
165780,22.8
165840,23.8
165900,23.6
165960,26.2
166020,25.2
166080,25.4
166140,25.4
166200,25.2
166260,25.2
166320,23.0
166380,24.6
166440,24.2
166500,23.4
166560,23.4
166620,24.0
166680,23.6
166740,25.2
166800,24.2
166860,23.4
166920,24.4
166980,25.0
167040,25.4
167100,25.0
167160,23.8
167220,25.0
167280,23.4
167340,24.0
167400,25.4
167460,24.0
167520,25.0
167580,25.2
167640,24.8
167700,26.0
167760,25.8
167820,25.0
167880,24.4
167940,24.0
168000,23.2
168060,25.0
168120,24.2
168180,24.4
168240,24.2
168300,24.6
168360,24.8
168420,23.8
168480,25.0
168540,23.2
168600,24.2
168660,25.4
168720,23.6
168780,23.8
168840,24.4
168900,24.6
168960,25.4
169020,23.8
169080,23.8
169140,24.4
169200,24.4
169260,24.0
169320,24.8
169380,23.2
169440,22.2
169500,24.8
169560,22.4
169620,22.8
169680,26.2
169740,25.2
169800,25.0
169860,24.2
169920,23.8
169980,24.0
170040,23.2
170100,23.6
170160,22.8
170220,24.0
170280,23.6
170340,25.2
170400,24.4
170460,23.4
170520,22.2
170580,23.6
170640,22.8
170700,23.2
170760,24.6
170820,24.2
170880,24.4
170940,23.8
171000,24.6
171060,25.0
171120,24.2
171180,25.2
171240,25.2
171300,24.0
171360,24.8
171420,24.4
171480,24.6
171540,24.0
171600,23.2
171660,24.0
171720,24.4
171780,23.8
171840,25.6
171900,24.2
171960,24.4
172020,23.6
172080,23.8
172140,24.8
172200,24.4
172260,23.8
172320,23.4
172380,24.2
172440,24.8
172500,23.6
172560,22.6
172620,23.8
172680,24.0
172740,22.2
172800,24.2
172860,22.0
172920,23.8
172980,23.0
173040,23.0
173100,22.8
173160,23.0
173220,22.0
173280,22.8
173340,21.4
173400,23.0
173460,23.2
173520,23.0
173580,23.2
173640,22.0
173700,23.0
173760,22.2
173820,22.6
173880,22.4
173940,23.4
174000,23.8
174060,24.2
174120,23.4
174180,24.6
174240,22.4
174300,24.2
174360,23.4
174420,23.8
174480,24.8
174540,22.4
174600,24.6
174660,24.6
174720,24.4
174780,23.6
174840,23.4
174900,22.8
174960,26.4
175020,23.8
175080,23.0
175140,25.0
175200,24.0
175260,25.2
175320,23.2
175380,24.4
175440,23.8
175500,24.2
175560,25.8
175620,25.2
175680,22.2
175740,25.2
175800,25.6
175860,25.4
175920,24.6
175980,24.6
176040,25.6
176100,25.4
176160,25.8
176220,25.0
176280,24.4
176340,24.4
176400,24.8
176460,25.4
176520,23.6
176580,24.4
176640,24.2
176700,24.0
176760,25.6
176820,24.4
176880,24.0
176940,24.6
177000,25.2
177060,24.4
177120,25.6
177180,25.6
177240,24.6
177300,24.6
177360,23.4
177420,26.8
177480,25.4
177540,24.8
177600,25.0
177660,25.0
177720,26.4
177780,26.4
177840,25.0
177900,24.6
177960,24.8
178020,24.8
178080,26.2
178140,25.6
178200,25.6
178260,25.2
178320,25.0
178380,25.4
178440,24.2
178500,24.0
178560,24.4
178620,25.4
178680,26.2
178740,23.6
178800,24.6
178860,22.8
178920,25.4
178980,25.6
179040,25.8
179100,23.0
179160,25.0
179220,25.2
179280,25.4
179340,24.6
179400,24.4
179460,25.4
179520,24.0
179580,24.6
179640,25.6
179700,26.0
179760,25.4
179820,25.0
179880,25.8
179940,24.2
180000,26.4
