#Steps,score
60,0.6
120,2.6
180,0.6
240,1.2
300,1.6
360,1.6
420,1.0
480,1.0
540,2.0
600,1.0
660,1.4
720,0.8
780,1.2
840,0.4
900,0.8
960,1.0
1020,1.4
1080,1.6
1140,2.0
1200,0.8
1260,1.2
1320,0.4
1380,1.4
1440,1.4
1500,2.0
1560,1.8
1620,2.0
1680,0.2
1740,1.8
1800,1.0
1860,1.4
1920,0.2
1980,0.8
2040,0.6
2100,0.6
2160,1.2
2220,1.4
2280,0.2
2340,0.6
2400,2.8
2460,1.0
2520,0.6
2580,1.6
2640,1.2
2700,2.0
2760,1.0
2820,1.4
2880,1.8
2940,0.8
3000,0.6
3060,1.2
3120,1.2
3180,1.6
3240,2.0
3300,1.0
3360,1.0
3420,0.2
3480,1.8
3540,0.6
3600,0.8
3660,1.0
3720,1.2
3780,0.4
3840,1.4
3900,0.8
3960,0.8
4020,1.2
4080,0.8
4140,1.6
4200,1.0
4260,2.2
4320,0.4
4380,0.8
4440,1.0
4500,1.2
4560,1.4
4620,0.8
4680,0.6
4740,0.8
4800,1.4
4860,1.0
4920,1.4
4980,0.8
5040,1.0
5100,1.0
5160,1.6
5220,0.8
5280,1.0
5340,1.6
5400,1.6
5460,0.8
5520,0.8
5580,1.0
5640,1.8
5700,1.0
5760,0.8
5820,1.0
5880,1.4
5940,1.6
6000,0.8
6060,1.2
6120,1.2
6180,2.4
6240,1.0
6300,2.0
6360,1.2
6420,1.6
6480,1.0
6540,1.0
6600,1.4
6660,1.0
6720,1.4
6780,1.0
6840,1.2
6900,1.6
6960,0.6
7020,1.6
7080,1.0
7140,1.6
7200,1.2
7260,1.2
7320,1.4
7380,0.8
7440,1.2
7500,1.4
7560,2.6
7620,1.2
7680,0.8
7740,1.0
7800,1.2
7860,1.2
7920,0.8
7980,1.2
8040,1.2
8100,1.0
8160,1.0
8220,0.4
8280,1.2
8340,2.2
8400,0.8
8460,0.6
8520,1.8
8580,1.8
8640,0.8
8700,0.8
8760,1.6
8820,1.4
8880,1.8
8940,1.8
9000,1.4
9060,1.2
9120,1.0
9180,2.2
9240,1.8
9300,1.8
9360,1.4
9420,1.8
9480,1.8
9540,0.8
9600,2.0
9660,1.2
9720,1.4
9780,2.6
9840,1.4
9900,1.2
9960,1.4
10020,1.0
10080,1.2
10140,1.0
10200,1.4
10260,0.6
10320,1.4
10380,0.8
10440,2.6
10500,1.0
10560,1.0
10620,1.4
10680,1.2
10740,0.6
10800,1.0
10860,1.6
10920,1.2
10980,1.4
11040,1.6
11100,2.8
11160,0.8
11220,1.8
11280,1.4
11340,1.4
11400,1.2
11460,1.2
11520,2.2
11580,1.2
11640,1.4
11700,0.8
11760,0.8
11820,1.2
11880,2.0
11940,2.0
12000,1.8
12060,2.0
12120,2.4
12180,1.8
12240,2.4
12300,2.4
12360,0.8
12420,2.2
12480,2.0
12540,1.6
12600,1.8
12660,1.0
12720,2.2
12780,3.0
12840,2.6
12900,2.2
12960,3.2
13020,2.4
13080,3.0
13140,2.0
13200,3.0
13260,3.2
13320,2.4
13380,2.6
13440,2.4
13500,3.6
13560,4.0
13620,2.2
13680,3.8
13740,3.4
13800,3.6
13860,5.2
13920,4.6
13980,4.8
14040,5.2
14100,5.4
14160,7.0
14220,10.0
14280,11.2
14340,11.2
14400,13.2
14460,11.8
14520,10.4
14580,11.8
14640,12.4
14700,13.8
14760,14.2
14820,14.8
14880,16.2
14940,15.0
15000,15.8
15060,17.4
15120,17.0
15180,20.4
15240,21.6
15300,20.2
15360,21.2
15420,21.0
15480,22.8
15540,22.6
15600,22.4
15660,21.4
15720,21.8
15780,24.0
15840,23.8
15900,23.8
15960,24.6
16020,23.8
16080,22.8
16140,21.8
16200,24.0
16260,23.8
16320,23.2
16380,23.8
16440,22.6
16500,23.6
16560,25.0
16620,24.4
16680,23.4
16740,23.4
16800,22.6
16860,23.2
16920,22.8
16980,23.0
17040,24.4
17100,23.4
17160,24.4
17220,24.8
17280,23.6
17340,23.6
17400,23.6
17460,23.0
17520,26.0
17580,25.0
17640,25.2
17700,21.4
17760,22.8
17820,24.2
17880,24.2
17940,25.8
18000,24.2
18060,24.6
18120,23.4
18180,25.2
18240,23.8
18300,24.6
18360,25.0
18420,24.2
18480,24.2
18540,23.6
18600,25.0
18660,25.0
18720,26.8
18780,24.4
18840,26.0
18900,24.6
18960,22.8
19020,25.0
19080,25.0
19140,24.8
19200,24.8
19260,23.8
19320,25.0
19380,24.0
19440,23.6
19500,24.8
19560,26.0
19620,25.4
19680,25.8
19740,24.0
19800,25.4
19860,26.8
19920,25.8
19980,23.2
20040,24.6
20100,24.8
20160,23.4
20220,24.8
20280,24.8
20340,26.0
20400,23.4
20460,23.8
20520,22.8
20580,24.8
20640,25.2
20700,24.2
20760,22.8
20820,22.2
20880,23.0
20940,23.8
21000,22.4
21060,23.2
21120,22.4
21180,22.8
21240,25.4
21300,24.8
21360,23.8
21420,24.0
21480,23.4
21540,26.0
21600,24.2
21660,24.2
21720,23.6
21780,24.8
21840,25.6
21900,24.6
21960,23.6
22020,24.2
22080,23.4
22140,24.4
22200,24.2
22260,21.4
22320,24.0
22380,23.8
22440,25.4
22500,22.8
22560,24.2
22620,25.8
22680,24.2
22740,25.0
22800,23.4
22860,24.2
22920,24.2
22980,23.2
23040,23.4
23100,23.0
23160,23.0
23220,24.8
23280,23.2
23340,22.8
23400,22.8
23460,23.0
23520,24.6
23580,23.0
23640,25.8
23700,23.2
23760,22.6
23820,21.8
23880,23.8
23940,23.2
24000,23.6
24060,23.4
24120,24.8
24180,24.4
24240,24.2
24300,23.8
24360,24.2
24420,24.0
24480,24.8
24540,26.2
24600,24.6
24660,25.0
24720,23.4
24780,23.8
24840,23.8
24900,24.2
24960,22.4
25020,24.4
25080,23.4
25140,25.4
25200,23.8
25260,24.2
25320,22.2
25380,23.4
25440,23.8
25500,23.0
25560,20.8
25620,23.0
25680,22.8
25740,24.4
25800,23.6
25860,22.2
25920,23.6
25980,24.4
26040,25.2
26100,23.8
26160,24.0
26220,23.0
26280,23.0
26340,25.2
26400,23.6
26460,23.6
26520,23.4
26580,23.6
26640,24.4
26700,24.6
26760,23.2
26820,25.0
26880,24.4
26940,25.4
27000,23.6
27060,23.6
27120,24.4
27180,23.6
27240,23.4
27300,22.8
27360,25.4
27420,24.2
27480,24.0
27540,24.4
27600,23.6
27660,23.8
27720,24.4
27780,24.8
27840,23.0
27900,23.2
27960,23.6
28020,23.2
28080,25.4
28140,23.4
28200,23.8
28260,24.6
28320,24.2
28380,24.2
28440,25.2
28500,23.2
28560,24.8
28620,24.4
28680,24.0
28740,22.4
28800,23.8
28860,22.6
28920,25.2
28980,24.6
29040,24.6
29100,23.6
29160,24.0
29220,24.4
29280,23.0
29340,24.8
29400,24.2
29460,23.8
29520,24.4
29580,25.0
29640,24.4
29700,23.6
29760,25.0
29820,25.0
29880,24.2
29940,25.8
30000,24.2
30060,24.8
30120,24.8
30180,23.4
30240,24.6
30300,25.8
30360,25.6
30420,23.8
30480,25.4
30540,25.0
30600,23.4
30660,24.0
30720,24.0
30780,25.0
30840,24.4
30900,25.6
30960,23.8
31020,24.2
31080,24.2
31140,24.2
31200,24.8
31260,24.6
31320,24.6
31380,22.8
31440,25.0
31500,25.4
31560,25.2
31620,24.2
31680,25.8
31740,26.2
31800,25.4
31860,24.4
31920,25.0
31980,24.8
32040,25.4
32100,25.0
32160,24.0
32220,24.2
32280,26.2
32340,25.0
32400,24.8
32460,24.0
32520,26.6
32580,26.4
32640,26.6
32700,25.0
32760,24.4
32820,24.4
32880,24.0
32940,26.6
33000,25.6
33060,24.6
33120,24.6
33180,25.6
33240,25.0
33300,24.8
33360,24.4
33420,24.0
33480,24.2
33540,23.4
33600,24.6
33660,25.0
33720,25.8
33780,25.0
33840,24.6
33900,26.4
33960,24.2
34020,23.6
34080,24.4
34140,25.2
34200,24.6
34260,25.0
34320,25.2
34380,25.2
34440,23.0
34500,23.0
34560,24.0
34620,23.6
34680,23.6
34740,24.2
34800,25.2
34860,24.6
34920,25.2
34980,24.4
35040,25.0
35100,25.2
35160,25.6
35220,23.2
35280,26.0
35340,24.4
35400,25.4
35460,24.6
35520,25.6
35580,23.6
35640,23.8
35700,25.6
35760,25.2
35820,25.0
35880,23.4
35940,25.6
36000,23.4
36060,26.2
36120,23.8
36180,25.2
36240,25.8
36300,24.0
36360,24.2
36420,25.8
36480,25.6
36540,24.6
36600,24.4
36660,24.8
36720,24.0
36780,23.2
36840,25.2
36900,24.6
36960,24.6
37020,23.8
37080,24.2
37140,24.2
37200,24.2
37260,25.2
37320,25.2
37380,25.6
37440,26.8
37500,26.6
37560,24.6
37620,24.8
37680,25.4
37740,23.8
37800,25.6
37860,24.4
37920,23.6
37980,23.0
38040,25.2
38100,24.6
38160,24.8
38220,23.6
38280,22.8
38340,24.2
38400,24.2
38460,23.2
38520,24.8
38580,22.6
38640,24.6
38700,24.4
38760,25.8
38820,26.8
38880,25.6
38940,25.0
39000,25.8
39060,25.6
39120,25.4
39180,24.2
39240,26.0
39300,24.6
39360,25.0
39420,23.0
39480,25.2
39540,25.6
39600,25.0
39660,23.8
39720,24.0
39780,24.8
39840,25.0
39900,25.4
39960,25.0
40020,25.8
40080,24.8
40140,25.8
40200,23.6
40260,24.8
40320,23.6
40380,26.6
40440,25.6
40500,25.4
40560,23.6
40620,23.8
40680,24.4
40740,25.4
40800,25.4
40860,23.8
40920,25.6
40980,24.4
41040,25.0
41100,26.0
41160,25.6
41220,25.4
41280,25.0
41340,25.0
41400,23.2
41460,25.4
41520,24.4
41580,25.2
41640,24.2
41700,24.8
41760,23.2
41820,24.4
41880,25.0
41940,24.2
42000,25.6
42060,25.6
42120,26.0
42180,24.4
42240,26.0
42300,23.8
42360,23.8
42420,24.4
42480,24.4
42540,25.4
42600,24.6
42660,24.2
42720,24.4
42780,23.6
42840,26.2
42900,25.8
42960,24.2
43020,26.0
43080,25.6
43140,25.6
43200,24.4
43260,24.6
43320,23.2
43380,24.4
43440,23.2
43500,23.2
43560,24.6
43620,25.8
43680,24.2
43740,25.0
43800,25.0
43860,25.6
43920,25.8
43980,26.2
44040,24.8
44100,25.4
44160,25.4
44220,24.2
44280,23.8
44340,24.6
44400,25.2
44460,25.2
44520,23.6
44580,25.6
44640,23.2
44700,26.2
44760,25.2
44820,24.0
44880,24.8
44940,25.2
45000,25.6
45060,25.0
45120,25.0
45180,24.6
45240,26.0
45300,23.6
45360,22.6
45420,25.2
45480,23.4
45540,24.0
45600,24.2
45660,24.4
45720,23.6
45780,23.2
45840,24.4
45900,23.4
45960,23.6
46020,23.8
46080,23.6
46140,24.2
46200,23.0
46260,24.4
46320,23.6
46380,23.8
46440,23.6
46500,23.6
46560,24.2
46620,22.0
46680,25.0
46740,24.4
46800,23.8
46860,23.4
46920,23.8
46980,24.0
47040,23.4
47100,24.8
47160,23.8
47220,24.6
47280,24.4
47340,23.6
47400,23.6
47460,25.6
47520,25.0
47580,23.2
47640,24.2
47700,24.8
47760,25.2
47820,24.8
47880,24.0
47940,26.0
48000,23.8
48060,24.4
48120,23.8
48180,24.8
48240,25.6
48300,25.4
48360,23.8
48420,27.0
48480,24.0
48540,25.2
48600,24.4
48660,26.0
48720,23.8
48780,26.2
48840,24.2
48900,24.8
48960,24.2
49020,24.8
49080,27.4
49140,23.8
49200,25.4
49260,26.4
49320,24.8
49380,24.8
49440,25.6
49500,26.0
49560,26.2
49620,25.0
49680,24.2
49740,25.6
49800,24.8
49860,24.2
49920,24.2
49980,24.0
50040,24.8
50100,24.8
50160,24.8
50220,24.0
50280,23.6
50340,24.8
50400,24.0
50460,24.2
50520,24.8
50580,26.2
50640,25.8
50700,24.2
50760,23.8
50820,25.0
50880,25.2
50940,25.4
51000,27.0
51060,25.0
51120,24.4
51180,23.4
51240,24.4
51300,25.2
51360,25.6
51420,25.8
51480,23.0
51540,25.8
51600,23.8
51660,23.8
51720,24.8
51780,26.8
51840,25.6
51900,24.2
51960,23.4
52020,24.8
52080,26.0
52140,26.8
52200,26.8
52260,24.6
52320,25.8
52380,24.4
52440,25.4
52500,24.8
52560,24.4
52620,26.2
52680,25.4
52740,24.8
52800,25.4
52860,26.0
52920,24.6
52980,26.0
53040,24.6
53100,25.2
53160,23.8
53220,25.6
53280,25.8
53340,24.6
53400,25.0
53460,24.8
53520,23.4
53580,23.6
53640,26.0
53700,24.6
53760,23.4
53820,23.6
53880,25.4
53940,24.4
54000,26.2
54060,23.8
54120,23.8
54180,24.4
54240,25.4
54300,24.2
54360,25.0
54420,23.6
54480,24.4
54540,26.2
54600,25.0
54660,25.8
54720,25.2
54780,23.2
54840,23.6
54900,23.6
54960,24.6
55020,26.4
55080,24.2
55140,24.4
55200,23.4
55260,24.6
55320,24.0
55380,23.4
55440,24.6
55500,23.2
55560,24.8
55620,24.2
55680,24.4
55740,23.8
55800,23.0
55860,24.8
55920,23.8
55980,23.0
56040,23.6
56100,24.0
56160,23.8
56220,24.4
56280,23.8
56340,23.0
56400,23.8
56460,24.6
56520,24.0
56580,24.2
56640,23.2
56700,24.6
56760,24.0
56820,23.6
56880,21.4
56940,22.6
57000,23.4
57060,24.0
57120,22.6
57180,22.4
57240,23.0
57300,23.6
57360,23.6
57420,24.4
57480,23.6
57540,23.4
57600,25.2
57660,24.6
57720,25.2
57780,23.8
57840,26.2
57900,24.2
57960,24.6
58020,25.6
58080,24.8
58140,23.8
58200,24.4
58260,24.6
58320,23.8
58380,25.2
58440,24.6
58500,24.0
58560,24.0
58620,24.6
58680,24.6
58740,25.8
58800,24.8
58860,25.6
58920,24.6
58980,25.8
59040,23.8
59100,23.6
59160,24.8
59220,24.6
59280,25.4
59340,24.4
59400,25.6
59460,25.0
59520,25.4
59580,24.8
59640,24.4
59700,25.2
59760,25.0
59820,24.8
59880,23.8
59940,24.8
60000,25.8
60060,25.0
60120,25.0
60180,24.2
60240,24.2
60300,26.2
60360,24.6
60420,23.8
60480,24.8
60540,24.6
60600,22.8
60660,25.6
60720,24.4
60780,23.8
60840,23.8
60900,26.2
60960,23.2
61020,25.6
61080,25.2
61140,26.0
61200,24.8
61260,22.4
61320,25.0
61380,23.8
61440,23.6
61500,24.8
61560,23.6
61620,22.6
61680,26.0
61740,24.6
61800,23.8
61860,23.8
61920,25.8
61980,23.8
62040,25.6
62100,24.0
62160,23.8
62220,23.8
62280,24.2
62340,25.0
62400,24.0
62460,25.6
62520,24.8
62580,24.6
62640,25.4
62700,24.6
62760,23.8
62820,24.6
62880,26.0
62940,23.8
63000,25.0
63060,25.0
63120,23.8
63180,26.0
63240,25.4
63300,24.2
63360,24.0
63420,24.0
63480,25.8
63540,24.2
63600,22.0
63660,25.0
63720,24.6
63780,24.2
63840,24.6
63900,24.0
63960,23.4
64020,24.2
64080,25.4
64140,24.0
64200,24.2
64260,25.6
64320,25.0
64380,22.8
64440,23.6
64500,25.4
64560,24.2
64620,24.0
64680,22.6
64740,24.8
64800,24.0
64860,24.4
64920,23.4
64980,24.0
65040,24.0
65100,23.6
65160,25.4
65220,24.6
65280,23.6
65340,24.0
65400,25.6
65460,26.0
65520,23.6
65580,24.2
65640,25.6
65700,24.4
65760,24.4
65820,25.0
65880,25.4
65940,23.8
66000,23.6
66060,23.6
66120,22.6
66180,22.8
66240,24.4
66300,24.6
66360,23.6
66420,23.6
66480,24.0
66540,23.6
66600,24.2
66660,24.0
66720,25.0
66780,25.2
66840,23.8
66900,26.0
66960,25.2
67020,26.4
67080,24.0
67140,23.6
67200,25.6
67260,24.6
67320,23.0
67380,25.2
67440,25.2
67500,24.8
67560,25.8
67620,24.8
67680,26.0
67740,25.2
67800,24.0
67860,24.4
67920,24.6
67980,23.8
68040,24.0
68100,24.6
68160,25.2
68220,24.4
68280,24.8
68340,23.4
68400,24.0
68460,26.0
68520,24.6
68580,23.6
68640,25.0
68700,25.0
68760,24.2
68820,25.2
68880,25.0
68940,23.8
69000,24.8
69060,24.0
69120,23.6
69180,25.2
69240,25.2
69300,22.8
69360,23.8
69420,23.0
69480,23.6
69540,23.0
69600,25.0
69660,24.2
69720,22.8
69780,24.2
69840,24.8
69900,23.6
69960,24.6
70020,23.8
70080,25.2
70140,23.0
70200,24.4
70260,23.4
70320,25.0
70380,24.4
70440,24.0
70500,23.2
70560,25.6
70620,23.8
70680,24.2
70740,24.2
70800,23.8
70860,23.2
70920,24.6
70980,22.6
71040,23.6
71100,22.2
71160,23.8
71220,25.6
71280,22.8
71340,22.6
71400,25.0
71460,25.4
71520,24.8
71580,22.0
71640,24.2
71700,24.4
71760,25.2
71820,24.8
71880,25.0
71940,25.0
72000,25.2
72060,24.2
72120,24.2
72180,23.4
72240,25.0
72300,23.8
72360,24.0
72420,23.8
72480,23.6
72540,22.6
72600,26.4
72660,23.6
72720,25.0
72780,24.0
72840,23.8
72900,24.4
72960,24.0
73020,23.2
73080,22.6
73140,23.6
73200,24.0
73260,23.6
73320,24.2
73380,24.8
73440,22.6
73500,24.8
73560,24.0
73620,23.8
73680,23.8
73740,25.2
73800,26.0
73860,25.0
73920,25.4
73980,25.6
74040,24.8
74100,25.0
74160,24.4
74220,26.2
74280,25.0
74340,26.8
74400,24.6
74460,25.0
74520,25.4
74580,24.8
74640,24.4
74700,25.0
74760,24.6
74820,24.4
74880,25.0
74940,25.6
75000,24.8
75060,25.2
75120,24.2
75180,24.4
75240,24.2
75300,24.8
75360,24.4
75420,24.6
75480,23.8
75540,23.0
75600,24.2
75660,24.4
75720,23.6
75780,24.0
75840,26.4
75900,24.4
75960,23.6
76020,25.8
76080,25.0
76140,24.0
76200,24.2
76260,25.6
76320,25.4
76380,25.0
76440,25.4
76500,24.4
76560,25.6
76620,24.8
76680,24.4
76740,24.8
76800,26.8
76860,25.4
76920,24.2
76980,25.6
77040,25.0
77100,24.6
77160,25.4
77220,24.8
77280,24.8
77340,25.8
77400,24.6
77460,23.4
77520,25.2
77580,25.0
77640,24.8
77700,24.8
77760,25.6
77820,23.2
77880,24.8
77940,24.2
78000,24.2
78060,24.4
78120,24.8
78180,26.2
78240,25.0
78300,24.8
78360,24.8
78420,24.2
78480,27.4
78540,24.6
78600,24.4
78660,25.8
78720,25.8
78780,25.2
78840,25.2
78900,24.0
78960,25.6
79020,25.4
79080,24.2
79140,24.8
79200,25.0
79260,23.0
79320,24.8
79380,22.8
79440,24.6
79500,25.8
79560,23.0
79620,26.0
79680,25.2
79740,25.8
79800,23.4
79860,26.4
79920,23.0
79980,24.2
80040,24.8
80100,24.6
80160,24.4
80220,25.6
80280,24.6
80340,25.4
80400,24.6
80460,26.0
80520,25.2
80580,24.8
80640,24.2
80700,24.8
80760,24.6
80820,25.0
80880,24.0
80940,25.6
81000,25.2
81060,24.0
81120,24.6
81180,24.6
81240,25.2
81300,24.6
81360,24.0
81420,23.6
81480,23.4
81540,26.2
81600,24.0
81660,24.6
81720,25.2
81780,24.0
81840,26.2
81900,24.6
81960,25.6
82020,25.8
82080,25.2
82140,24.8
82200,24.6
82260,25.8
82320,26.0
82380,25.6
82440,25.2
82500,25.4
82560,25.6
82620,24.8
82680,25.2
82740,25.2
82800,24.8
82860,24.0
82920,25.4
82980,23.8
83040,24.2
83100,25.2
83160,24.8
83220,26.0
83280,25.4
83340,25.4
83400,25.4
83460,24.6
83520,26.0
83580,26.4
83640,26.2
83700,24.6
83760,25.0
83820,24.8
83880,23.0
83940,25.8
84000,25.8
84060,25.2
84120,26.2
84180,27.4
84240,25.0
84300,24.6
84360,25.0
84420,23.4
84480,25.6
84540,24.6
84600,24.0
84660,24.8
84720,24.8
84780,25.2
84840,25.2
84900,25.8
84960,25.8
85020,25.8
85080,24.8
85140,25.4
85200,25.4
85260,25.4
85320,27.4
85380,25.2
85440,25.0
85500,24.8
85560,25.8
85620,23.2
85680,24.6
85740,26.0
85800,25.6
85860,25.0
85920,26.0
85980,24.4
86040,25.0
86100,25.0
86160,24.0
86220,26.4
86280,24.6
86340,25.2
86400,26.0
86460,24.8
86520,26.8
86580,26.2
86640,25.2
86700,26.4
86760,27.0
86820,25.2
86880,24.6
86940,25.8
87000,24.8
87060,26.4
87120,24.4
87180,24.8
87240,26.0
87300,24.0
87360,25.4
87420,24.4
87480,24.4
87540,24.6
87600,23.8
87660,23.6
87720,25.8
87780,26.2
87840,24.6
87900,23.8
87960,25.8
88020,24.8
88080,25.2
88140,26.8
88200,26.8
88260,26.4
88320,23.6
88380,24.2
88440,25.4
88500,23.2
88560,25.2
88620,24.0
88680,25.2
88740,25.0
88800,23.8
88860,25.4
88920,27.2
88980,24.6
89040,26.6
89100,24.8
89160,25.4
89220,23.6
89280,23.6
89340,22.8
89400,25.4
89460,25.4
89520,26.2
89580,25.6
89640,25.6
89700,23.6
89760,23.8
89820,23.6
89880,24.6
89940,25.4
90000,24.4
