#Steps,score
60,2.0
120,1.4
180,0.6
240,0.8
300,1.2
360,1.4
420,1.4
480,1.4
540,1.4
600,0.6
660,1.0
720,0.8
780,1.0
840,1.2
900,1.4
960,0.8
1020,1.0
1080,0.8
1140,0.8
1200,1.2
1260,0.8
1320,1.4
1380,1.4
1440,0.8
1500,0.8
1560,1.6
1620,2.2
1680,1.0
1740,0.0
1800,0.8
1860,1.2
1920,1.2
1980,0.8
2040,1.2
2100,0.6
2160,1.2
2220,0.8
2280,0.8
2340,1.0
2400,0.8
2460,1.0
2520,2.0
2580,1.0
2640,1.0
2700,0.8
2760,0.6
2820,1.0
2880,1.2
2940,0.6
3000,1.6
3060,2.0
3120,1.6
3180,2.0
3240,0.8
3300,1.4
3360,0.4
3420,1.4
3480,1.0
3540,1.6
3600,1.0
3660,1.2
3720,1.4
3780,0.8
3840,0.6
3900,1.6
3960,1.6
4020,0.8
4080,1.8
4140,2.0
4200,0.2
4260,1.2
4320,0.8
4380,1.0
4440,0.8
4500,1.2
4560,0.6
4620,0.6
4680,2.0
4740,0.4
4800,1.4
4860,2.0
4920,1.2
4980,0.6
5040,0.8
5100,1.2
5160,1.8
5220,2.2
5280,1.4
5340,1.2
5400,0.8
5460,2.2
5520,1.2
5580,1.0
5640,1.6
5700,1.8
5760,1.6
5820,1.4
5880,2.2
5940,1.0
6000,1.0
6060,1.0
6120,2.0
6180,1.4
6240,1.2
6300,0.8
6360,1.8
6420,2.0
6480,1.4
6540,1.0
6600,1.2
6660,1.2
6720,0.8
6780,1.0
6840,1.6
6900,1.2
6960,1.0
7020,1.2
7080,1.8
7140,1.2
7200,1.2
7260,1.8
7320,0.6
7380,1.0
7440,1.2
7500,1.8
7560,1.2
7620,1.2
7680,1.0
7740,1.6
7800,0.8
7860,1.4
7920,2.2
7980,1.4
8040,1.2
8100,1.4
8160,1.4
8220,1.0
8280,0.8
8340,2.0
8400,1.6
8460,1.0
8520,2.4
8580,2.8
8640,0.4
8700,2.4
8760,0.8
8820,1.6
8880,2.0
8940,0.6
9000,1.2
9060,1.2
9120,1.0
9180,1.4
9240,1.8
9300,1.4
9360,0.6
9420,1.0
9480,1.6
9540,1.0
9600,0.8
9660,0.8
9720,1.2
9780,2.0
9840,0.6
9900,1.8
9960,1.4
10020,1.6
10080,1.8
10140,1.8
10200,0.8
10260,1.2
10320,0.8
10380,0.2
10440,1.0
10500,1.6
10560,2.0
10620,0.8
10680,1.4
10740,1.4
10800,1.2
10860,0.6
10920,1.0
10980,1.2
11040,1.2
11100,1.8
11160,1.4
11220,2.0
11280,0.8
11340,1.0
11400,1.4
11460,1.4
11520,1.4
11580,1.4
11640,2.2
11700,1.4
11760,1.0
11820,1.0
11880,1.6
11940,0.8
12000,1.8
12060,0.4
12120,2.0
12180,1.0
12240,0.8
12300,1.8
12360,1.2
12420,1.0
12480,1.2
12540,1.0
12600,1.6
12660,1.0
12720,1.8
12780,0.6
12840,0.8
12900,1.8
12960,1.8
13020,1.2
13080,2.0
13140,1.0
13200,1.2
13260,1.6
13320,1.4
13380,1.6
13440,1.6
13500,2.4
13560,1.0
13620,1.6
13680,1.4
13740,1.2
13800,1.8
13860,1.4
13920,1.8
13980,1.6
14040,1.2
14100,1.8
14160,1.6
14220,0.6
14280,1.4
14340,1.2
14400,1.6
14460,1.8
14520,1.0
14580,1.8
14640,1.4
14700,1.0
14760,1.0
14820,0.8
14880,0.8
14940,2.2
15000,0.6
15060,0.8
15120,2.0
15180,2.6
15240,0.6
15300,1.0
15360,1.6
15420,1.2
15480,2.2
15540,2.2
15600,1.2
15660,1.4
15720,1.2
15780,1.6
15840,1.4
15900,0.6
15960,2.0
16020,1.8
16080,2.0
16140,1.2
16200,1.4
16260,1.0
16320,1.6
16380,1.2
16440,2.2
16500,0.6
16560,1.0
16620,1.4
16680,1.4
16740,0.6
16800,2.0
16860,2.4
16920,1.0
16980,0.4
17040,1.2
17100,2.0
17160,1.0
17220,1.4
17280,1.2
17340,1.4
17400,1.8
17460,1.4
17520,1.2
17580,1.4
17640,1.0
17700,1.2
17760,1.0
17820,1.0
17880,1.2
17940,2.6
18000,1.4
18060,1.2
18120,2.4
18180,1.0
18240,1.4
18300,1.8
18360,1.4
18420,2.0
18480,1.0
18540,2.0
18600,1.6
18660,0.2
18720,1.4
18780,1.8
18840,1.2
18900,1.6
18960,1.4
19020,1.2
19080,0.4
19140,1.6
19200,2.4
19260,1.0
19320,1.6
19380,1.8
19440,1.4
19500,1.2
19560,1.6
19620,1.4
19680,1.6
19740,0.4
19800,0.8
19860,0.6
19920,1.4
19980,1.4
20040,1.0
20100,1.6
20160,1.0
20220,0.8
20280,1.6
20340,2.0
20400,1.8
20460,2.2
20520,1.6
20580,2.4
20640,1.6
20700,2.0
20760,1.0
20820,1.2
20880,2.8
20940,1.2
21000,1.2
21060,0.8
21120,2.2
21180,1.6
21240,1.8
21300,2.6
21360,1.4
21420,1.0
21480,1.6
21540,1.2
21600,1.0
21660,1.0
21720,0.8
21780,1.4
21840,1.4
21900,0.6
21960,0.8
22020,1.8
22080,1.2
22140,1.4
22200,1.2
22260,0.8
22320,2.2
22380,1.4
22440,2.8
22500,1.0
22560,2.2
22620,1.2
22680,1.4
22740,3.0
22800,1.6
22860,2.2
22920,1.4
22980,1.6
23040,2.0
23100,0.8
23160,1.6
23220,0.8
23280,1.0
23340,1.0
23400,0.8
23460,1.4
23520,1.4
23580,1.8
23640,1.6
23700,2.0
23760,1.8
23820,2.8
23880,1.4
23940,1.4
24000,2.2
24060,1.8
24120,1.4
24180,1.6
24240,1.0
24300,2.0
24360,2.2
24420,0.8
24480,2.2
24540,2.0
24600,2.4
24660,1.2
24720,0.8
24780,1.6
24840,2.0
24900,1.6
24960,1.6
25020,1.4
25080,0.8
25140,1.4
25200,1.0
25260,0.8
25320,1.8
25380,1.0
25440,2.2
25500,1.0
25560,2.2
25620,1.0
25680,1.8
25740,1.4
25800,2.2
25860,2.0
25920,1.2
25980,0.4
26040,1.6
26100,1.4
26160,1.8
26220,1.0
26280,1.4
26340,1.8
26400,1.8
26460,2.2
26520,1.0
26580,1.2
26640,0.8
26700,1.2
26760,2.6
26820,1.2
26880,1.6
26940,0.6
27000,1.4
27060,1.8
27120,0.6
27180,1.2
27240,1.6
27300,1.8
27360,1.0
27420,0.6
27480,1.0
27540,0.6
27600,1.0
27660,2.8
27720,2.4
27780,1.8
27840,1.6
27900,2.0
27960,2.0
28020,1.6
28080,1.4
28140,1.2
28200,1.4
28260,3.6
28320,2.6
28380,1.6
28440,2.0
28500,1.8
28560,1.6
28620,0.6
28680,2.0
28740,1.4
28800,2.4
28860,1.4
28920,1.6
28980,1.0
29040,1.8
29100,1.4
29160,2.2
29220,2.2
29280,0.4
29340,1.4
29400,0.8
29460,0.8
29520,1.6
29580,2.2
29640,2.2
29700,1.6
29760,1.6
29820,2.6
29880,1.6
29940,1.4
30000,1.2
30060,2.2
30120,2.8
30180,1.8
30240,1.4
30300,1.4
30360,0.6
30420,1.4
30480,1.4
30540,1.6
30600,1.0
30660,0.8
30720,1.8
30780,1.4
30840,2.4
30900,1.6
30960,2.0
31020,1.8
31080,1.4
31140,1.6
31200,1.2
31260,2.0
31320,2.0
31380,0.8
31440,0.8
31500,1.4
31560,1.0
31620,0.8
31680,1.2
31740,1.0
31800,2.0
31860,1.2
31920,1.0
31980,1.8
32040,2.2
32100,1.0
32160,1.0
32220,1.0
32280,0.8
32340,1.8
32400,0.8
32460,2.6
32520,2.0
32580,1.4
32640,1.8
32700,1.0
32760,2.0
32820,3.4
32880,2.0
32940,0.8
33000,2.0
33060,2.0
33120,1.6
33180,1.6
33240,1.2
33300,1.8
33360,1.6
33420,1.2
33480,0.8
33540,1.6
33600,2.2
33660,1.8
33720,1.8
33780,1.8
33840,1.0
33900,1.6
33960,1.6
34020,2.4
34080,2.8
34140,2.0
34200,1.8
34260,1.6
34320,2.0
34380,1.6
34440,1.2
34500,0.6
34560,1.6
34620,1.6
34680,1.6
34740,2.8
34800,3.0
34860,3.2
34920,2.0
34980,2.8
35040,1.8
35100,1.8
35160,2.0
35220,0.8
35280,2.2
35340,2.8
35400,2.8
35460,2.4
35520,2.8
35580,1.2
35640,1.8
35700,1.2
35760,2.2
35820,2.2
35880,2.0
35940,2.4
36000,1.2
36060,2.4
36120,2.0
36180,2.4
36240,1.8
36300,1.6
36360,0.6
36420,3.6
36480,3.4
36540,2.2
36600,3.4
36660,3.2
36720,3.2
36780,1.6
36840,2.0
36900,2.0
36960,2.8
37020,1.8
37080,1.6
37140,2.8
37200,0.8
37260,3.0
37320,3.2
37380,3.0
37440,1.6
37500,2.6
37560,1.2
37620,2.2
37680,3.8
37740,2.2
37800,3.8
37860,3.4
37920,2.4
37980,2.6
38040,2.2
38100,2.2
38160,2.8
38220,3.8
38280,3.6
38340,3.6
38400,3.8
38460,5.6
38520,5.6
38580,6.2
38640,6.2
38700,6.6
38760,8.2
38820,7.8
38880,10.4
38940,8.8
39000,10.6
39060,12.2
39120,11.0
39180,11.2
39240,10.0
39300,13.4
39360,13.0
39420,15.0
39480,12.8
39540,13.6
39600,13.4
39660,9.0
39720,9.8
39780,9.6
39840,9.8
39900,10.2
39960,9.2
40020,8.8
40080,8.0
40140,8.8
40200,9.2
40260,8.6
40320,7.6
40380,9.8
40440,9.8
40500,10.0
40560,10.4
40620,9.2
40680,10.0
40740,9.2
40800,7.2
40860,9.4
40920,9.4
40980,10.2
41040,8.8
41100,8.8
41160,9.0
41220,10.0
41280,8.8
41340,10.8
41400,10.2
41460,11.8
41520,12.4
41580,12.4
41640,14.4
41700,14.6
41760,17.0
41820,14.8
41880,16.4
41940,17.8
42000,20.0
42060,19.4
42120,20.2
42180,20.2
42240,21.2
42300,21.0
42360,22.0
42420,20.6
42480,22.6
42540,20.8
42600,20.0
42660,20.0
42720,19.6
42780,20.4
42840,22.0
42900,20.4
42960,21.0
43020,22.2
43080,21.6
43140,22.8
43200,22.4
43260,23.4
43320,23.2
43380,24.4
43440,22.4
43500,24.2
43560,22.8
43620,23.6
43680,24.4
43740,23.4
43800,25.0
43860,23.4
43920,25.2
43980,24.8
44040,25.8
44100,24.8
44160,25.4
44220,24.0
44280,23.4
44340,25.2
44400,23.6
44460,25.4
44520,25.4
44580,24.6
44640,24.0
44700,24.4
44760,24.2
44820,24.8
44880,22.8
44940,26.0
45000,24.6
45060,25.0
45120,24.0
45180,23.0
45240,23.8
45300,22.4
45360,24.2
45420,22.2
45480,23.2
45540,24.2
45600,24.2
45660,23.6
45720,23.6
45780,23.0
45840,24.8
45900,23.6
45960,23.0
46020,22.2
46080,23.6
46140,23.4
46200,24.0
46260,24.0
46320,23.6
46380,25.2
46440,24.0
46500,23.4
46560,23.0
46620,24.2
46680,23.6
46740,23.2
46800,24.4
46860,24.8
46920,24.2
46980,23.8
47040,24.0
47100,26.0
47160,23.8
47220,23.6
47280,23.6
47340,25.4
47400,24.4
47460,24.6
47520,24.2
47580,25.0
47640,24.8
47700,25.4
47760,25.4
47820,23.8
47880,23.8
47940,23.6
48000,24.2
48060,26.4
48120,24.6
48180,25.4
48240,25.6
48300,23.0
48360,24.8
48420,24.8
48480,25.2
48540,25.8
48600,25.0
48660,24.4
48720,24.8
48780,23.8
48840,24.8
48900,24.2
48960,25.8
49020,24.8
49080,25.2
49140,25.4
49200,24.8
49260,25.4
49320,25.2
49380,24.2
49440,26.0
49500,24.4
49560,24.0
49620,24.6
49680,25.0
49740,24.6
49800,25.0
49860,25.6
49920,26.2
49980,26.0
50040,25.4
50100,26.2
50160,24.6
50220,25.2
50280,23.2
50340,24.4
50400,26.0
50460,24.8
50520,25.4
50580,24.0
50640,25.4
50700,24.8
50760,24.4
50820,24.4
50880,24.4
50940,25.0
51000,23.6
51060,24.2
51120,24.2
51180,24.0
51240,23.6
51300,23.8
51360,25.2
51420,24.8
51480,23.8
51540,23.0
51600,24.2
51660,25.6
51720,26.2
51780,24.2
51840,24.2
51900,24.6
51960,23.4
52020,24.8
52080,23.0
52140,23.6
52200,23.2
52260,23.0
52320,23.0
52380,21.6
52440,22.6
52500,22.6
52560,22.0
52620,22.8
52680,20.0
52740,22.2
52800,21.8
52860,19.4
52920,20.4
52980,21.8
53040,22.0
53100,22.2
53160,21.4
53220,21.4
53280,22.6
53340,21.4
53400,24.2
53460,23.2
53520,23.2
53580,24.0
53640,25.4
53700,23.4
53760,24.0
53820,23.6
53880,24.6
53940,26.0
54000,24.6
54060,26.0
54120,25.6
54180,25.4
54240,25.6
54300,24.2
54360,26.2
54420,25.0
54480,24.4
54540,22.8
54600,25.0
54660,24.0
54720,23.6
54780,25.6
54840,25.0
54900,23.0
54960,23.4
55020,25.0
55080,23.6
55140,24.8
55200,24.8
55260,24.8
55320,24.6
55380,23.2
55440,23.0
55500,25.0
55560,23.4
55620,25.2
55680,24.6
55740,25.4
55800,24.4
55860,24.2
55920,25.8
55980,24.4
56040,24.8
56100,24.2
56160,26.6
56220,25.6
56280,24.0
56340,25.6
56400,25.4
56460,24.8
56520,25.8
56580,24.2
56640,25.6
56700,23.8
56760,22.6
56820,24.6
56880,26.2
56940,25.0
57000,23.2
57060,24.2
57120,25.4
57180,25.6
57240,25.6
57300,25.0
57360,26.0
57420,25.6
57480,25.4
57540,25.0
57600,24.4
57660,24.8
57720,25.4
57780,25.2
57840,25.6
57900,25.4
57960,24.6
58020,25.2
58080,24.2
58140,25.2
58200,23.8
58260,25.8
58320,24.4
58380,22.4
58440,24.0
58500,26.0
58560,25.2
58620,25.0
58680,23.6
58740,24.6
58800,24.8
58860,24.6
58920,23.2
58980,24.4
59040,24.6
59100,22.8
59160,23.8
59220,23.8
59280,25.2
59340,24.4
59400,26.0
59460,24.8
59520,25.8
59580,25.0
59640,24.6
59700,24.4
59760,23.4
59820,24.2
59880,24.6
59940,23.8
60000,23.6
60060,24.0
60120,23.8
60180,22.6
60240,23.8
60300,24.0
60360,24.4
60420,22.6
60480,23.0
60540,24.4
60600,23.6
60660,24.6
60720,25.0
60780,24.2
60840,24.2
60900,24.4
60960,22.8
61020,23.8
61080,23.8
61140,23.6
61200,22.0
61260,25.4
61320,23.2
61380,23.8
61440,24.4
61500,23.0
61560,23.8
61620,23.6
61680,23.8
61740,23.4
61800,23.6
61860,24.6
61920,24.8
61980,23.4
62040,23.6
62100,24.2
62160,23.6
62220,25.4
62280,23.2
62340,23.0
62400,24.2
62460,24.4
62520,24.6
62580,25.4
62640,25.0
62700,25.0
62760,23.4
62820,24.0
62880,23.0
62940,23.0
63000,24.2
63060,23.2
63120,24.4
63180,23.4
63240,23.2
63300,23.6
63360,22.4
63420,24.6
63480,25.6
63540,24.6
63600,23.6
63660,25.4
63720,24.2
63780,24.6
63840,24.6
63900,25.0
63960,23.0
64020,24.4
64080,23.8
64140,24.2
64200,24.2
64260,23.8
64320,23.0
64380,24.4
64440,23.8
64500,25.0
64560,24.6
64620,23.2
64680,23.4
64740,22.4
64800,24.8
64860,24.8
64920,23.6
64980,23.0
65040,22.4
65100,23.8
65160,23.4
65220,23.2
65280,23.2
65340,24.0
65400,22.6
65460,23.0
65520,21.6
65580,21.8
65640,24.0
65700,23.4
65760,22.4
65820,23.4
65880,22.4
65940,21.4
66000,21.4
66060,22.4
66120,22.8
66180,21.8
66240,21.2
66300,19.2
66360,20.2
66420,22.4
66480,22.2
66540,20.4
66600,21.2
66660,21.0
66720,21.2
66780,21.2
66840,21.2
66900,21.2
66960,20.8
67020,23.0
67080,22.8
67140,21.2
67200,21.8
67260,22.0
67320,24.0
67380,22.4
67440,22.2
67500,23.0
67560,23.4
67620,23.4
67680,23.2
67740,24.4
67800,22.2
67860,22.8
67920,25.2
67980,23.4
68040,23.4
68100,24.4
68160,24.6
68220,24.2
68280,23.6
68340,24.0
68400,23.4
68460,24.0
68520,24.0
68580,23.4
68640,24.8
68700,24.4
68760,22.8
68820,24.0
68880,22.6
68940,24.0
69000,24.2
69060,24.6
69120,24.0
69180,24.2
69240,25.2
69300,25.0
69360,23.4
69420,25.4
69480,21.6
69540,22.8
69600,23.8
69660,24.0
69720,23.0
69780,24.2
69840,23.2
69900,23.6
69960,24.6
70020,24.6
70080,25.2
70140,24.0
70200,23.8
70260,25.4
70320,24.8
70380,24.6
70440,24.0
70500,24.6
70560,24.6
70620,24.8
70680,23.4
70740,24.4
70800,25.0
70860,24.8
70920,24.0
70980,24.0
71040,23.8
71100,24.2
71160,24.8
71220,25.0
71280,25.2
71340,26.0
71400,23.8
71460,24.0
71520,24.8
71580,24.6
71640,24.6
71700,24.2
71760,23.8
71820,25.6
71880,25.6
71940,24.8
72000,25.4
72060,24.2
72120,23.4
72180,23.4
72240,24.4
72300,24.6
72360,23.8
72420,25.2
72480,25.2
72540,23.8
72600,25.0
72660,25.4
72720,25.6
72780,24.8
72840,25.0
72900,23.8
72960,23.4
73020,24.8
73080,23.2
73140,24.6
73200,23.2
73260,23.6
73320,23.4
73380,23.8
73440,24.2
73500,23.6
73560,24.2
73620,22.8
73680,24.4
73740,23.6
73800,22.2
73860,23.0
73920,23.8
73980,22.8
74040,24.2
74100,22.2
74160,23.6
74220,24.4
74280,24.4
74340,23.4
74400,24.4
74460,23.8
74520,23.2
74580,23.6
74640,23.2
74700,24.8
74760,24.6
74820,23.2
74880,24.0
74940,24.0
75000,22.6
75060,22.2
75120,23.2
75180,22.8
75240,22.4
75300,22.6
75360,23.8
75420,25.0
75480,23.6
75540,22.8
75600,23.0
75660,24.6
75720,24.0
75780,24.2
75840,23.2
75900,25.0
75960,24.2
76020,24.6
76080,23.8
76140,24.4
76200,25.2
76260,22.8
76320,23.6
76380,24.4
76440,23.6
76500,24.0
76560,25.0
76620,22.8
76680,24.2
76740,22.6
76800,23.2
76860,22.6
76920,24.8
76980,22.6
77040,23.2
77100,23.4
77160,22.8
77220,22.4
77280,21.8
77340,22.2
77400,23.6
77460,22.0
77520,24.8
77580,23.8
77640,24.4
77700,21.8
77760,22.8
77820,23.2
77880,23.8
77940,22.0
78000,22.0
78060,23.8
78120,24.2
78180,22.4
78240,24.2
78300,23.6
78360,24.6
78420,23.2
78480,24.0
78540,24.0
78600,24.2
78660,24.4
78720,22.8
78780,22.4
78840,23.6
78900,25.4
78960,24.4
79020,23.8
79080,23.4
79140,23.2
79200,24.6
79260,25.0
79320,24.8
79380,23.8
79440,23.8
79500,23.2
79560,24.2
79620,24.6
79680,23.0
79740,23.6
79800,23.8
79860,24.6
79920,24.0
79980,23.0
80040,24.0
80100,23.8
80160,24.2
80220,22.6
80280,24.6
80340,24.2
80400,23.0
80460,25.4
80520,25.0
80580,24.6
80640,23.6
80700,22.8
80760,23.2
80820,23.8
80880,23.0
80940,24.4
81000,22.4
81060,24.6
81120,24.2
81180,25.2
81240,23.4
81300,25.8
81360,23.6
81420,23.0
81480,24.0
81540,23.0
81600,23.2
81660,23.8
81720,24.4
81780,23.2
81840,24.6
81900,23.2
81960,23.4
82020,23.2
82080,23.2
82140,23.4
82200,22.8
82260,23.6
82320,23.0
82380,22.4
82440,21.6
82500,23.8
82560,21.2
82620,23.2
82680,22.8
82740,22.0
82800,22.0
82860,22.4
82920,24.2
82980,21.6
83040,22.2
83100,23.0
83160,22.0
83220,23.2
83280,22.8
83340,22.4
83400,22.4
83460,22.8
83520,23.2
83580,23.2
83640,24.4
83700,23.0
83760,23.2
83820,23.4
83880,23.0
83940,24.4
84000,23.6
84060,23.0
84120,22.8
84180,24.0
84240,23.2
84300,23.4
84360,23.2
84420,23.8
84480,23.4
84540,22.4
84600,24.4
84660,25.4
84720,23.6
84780,22.4
84840,21.6
84900,22.0
84960,21.8
85020,22.0
85080,22.2
85140,23.6
85200,22.6
85260,21.6
85320,22.4
85380,21.0
85440,21.2
85500,21.2
85560,22.0
85620,20.4
85680,21.8
85740,23.0
85800,22.4
85860,22.4
85920,24.2
85980,21.6
86040,22.0
86100,22.8
86160,22.0
86220,23.4
86280,24.0
86340,23.6
86400,23.4
86460,23.8
86520,24.2
86580,23.2
86640,24.4
86700,22.2
86760,25.6
86820,22.8
86880,24.8
86940,24.2
87000,23.2
87060,24.6
87120,24.8
87180,23.8
87240,23.8
87300,23.8
87360,22.8
87420,23.6
87480,23.0
87540,24.2
87600,23.6
87660,22.6
87720,23.2
87780,24.2
87840,23.4
87900,24.0
87960,25.2
88020,23.8
88080,23.6
88140,25.4
88200,24.6
88260,23.2
88320,23.0
88380,23.8
88440,22.6
88500,25.4
88560,25.0
88620,24.4
88680,24.4
88740,23.6
88800,24.6
88860,24.0
88920,24.6
88980,23.6
89040,25.4
89100,24.8
89160,23.0
89220,23.2
89280,23.8
89340,25.0
89400,24.8
89460,24.8
89520,23.8
89580,24.4
89640,24.6
89700,24.4
89760,24.6
89820,25.6
89880,23.8
89940,23.4
90000,24.2
90060,24.6
90120,23.2
90180,24.2
90240,24.6
90300,24.8
90360,24.2
90420,23.6
90480,23.8
90540,23.8
90600,24.2
90660,26.4
90720,24.6
90780,25.2
90840,24.8
90900,24.6
90960,24.4
91020,25.4
91080,25.4
91140,25.6
91200,25.6
91260,25.2
91320,26.6
91380,24.0
91440,25.8
91500,25.6
91560,25.2
91620,23.4
91680,24.6
91740,24.6
91800,25.0
91860,24.0
91920,23.4
91980,25.8
92040,26.0
92100,25.2
92160,24.0
92220,25.0
92280,23.8
92340,24.2
92400,25.8
92460,26.4
92520,23.8
92580,24.0
92640,25.8
92700,24.0
92760,24.2
92820,26.0
92880,24.4
92940,25.0
93000,24.4
93060,25.2
93120,23.8
93180,25.4
93240,24.6
93300,24.8
93360,24.4
93420,25.2
93480,25.0
93540,23.4
93600,25.4
93660,23.6
93720,25.4
93780,25.4
93840,24.0
93900,24.0
93960,24.4
94020,24.2
94080,23.6
94140,25.4
94200,25.2
94260,25.4
94320,25.6
94380,24.8
94440,24.4
94500,23.8
94560,24.4
94620,23.6
94680,24.4
94740,25.2
94800,24.2
94860,23.6
94920,25.6
94980,23.2
95040,24.6
95100,23.4
95160,24.2
95220,24.8
95280,23.4
95340,25.2
95400,25.4
95460,24.4
95520,26.0
95580,24.4
95640,26.6
95700,23.6
95760,24.4
95820,24.8
95880,24.0
95940,25.4
96000,24.8
96060,24.4
96120,26.6
96180,25.4
96240,23.4
96300,23.8
96360,23.6
96420,24.8
96480,24.4
96540,24.4
96600,26.2
96660,25.2
96720,24.2
96780,25.2
96840,23.2
96900,23.4
96960,24.0
97020,23.6
97080,23.8
97140,24.0
97200,25.0
97260,23.6
97320,25.6
97380,25.6
97440,22.4
97500,22.8
97560,24.6
97620,23.8
97680,24.4
97740,24.8
97800,24.0
97860,24.8
97920,22.2
97980,25.8
98040,24.2
98100,25.0
98160,25.8
98220,25.6
98280,23.2
98340,24.8
98400,23.2
98460,24.4
98520,24.4
98580,24.6
98640,24.6
98700,24.2
98760,24.4
98820,25.2
98880,24.0
98940,24.2
99000,23.2
99060,25.8
99120,24.0
99180,24.4
99240,24.0
99300,25.2
99360,23.8
99420,24.6
99480,22.8
99540,24.8
99600,24.0
99660,24.8
99720,24.4
99780,25.2
99840,25.2
99900,24.6
99960,24.6
100020,25.2
100080,23.4
100140,23.2
100200,25.6
100260,24.6
100320,22.8
100380,25.2
100440,22.6
100500,23.8
100560,24.4
100620,24.4
100680,24.2
100740,23.6
100800,24.8
100860,24.2
100920,23.8
100980,24.6
101040,23.4
101100,23.6
101160,24.6
101220,24.0
101280,25.8
101340,25.6
101400,24.4
101460,25.8
101520,25.8
101580,24.4
101640,24.4
101700,23.4
101760,24.0
101820,24.8
101880,25.8
101940,24.8
102000,24.4
102060,23.6
102120,24.0
102180,24.0
102240,24.4
102300,24.6
102360,23.0
102420,25.0
102480,23.4
102540,25.2
102600,25.0
102660,24.2
102720,24.0
102780,24.6
102840,25.0
102900,24.6
102960,25.8
103020,25.2
103080,24.2
103140,25.4
103200,25.0
103260,25.2
103320,24.4
103380,25.8
103440,24.6
103500,25.4
103560,25.0
103620,25.8
103680,24.4
103740,24.2
103800,25.8
103860,25.4
103920,25.0
103980,25.6
104040,23.6
104100,24.4
104160,24.8
104220,23.6
104280,23.6
104340,24.6
104400,25.4
104460,24.0
104520,25.0
104580,23.6
104640,23.6
104700,24.0
104760,26.4
104820,25.4
104880,24.2
104940,26.6
105000,25.0
105060,24.4
105120,25.4
105180,27.2
105240,23.8
105300,24.0
105360,25.8
105420,24.6
105480,25.8
105540,25.8
105600,25.6
105660,25.4
105720,25.6
105780,24.6
105840,24.6
105900,25.2
105960,25.2
106020,26.0
106080,25.2
106140,25.6
106200,25.6
106260,23.8
106320,25.6
106380,24.8
106440,25.4
106500,25.0
106560,24.6
106620,24.0
106680,23.6
106740,25.2
106800,25.4
106860,25.2
106920,25.4
106980,24.2
107040,25.2
107100,23.8
107160,23.8
107220,26.8
107280,24.2
107340,23.6
107400,24.0
107460,24.2
107520,24.6
107580,24.6
107640,24.8
107700,23.2
107760,23.6
107820,24.8
107880,25.6
107940,24.2
108000,25.8
108060,23.6
108120,25.2
108180,25.2
108240,24.0
108300,24.8
108360,24.4
108420,26.0
108480,24.8
108540,26.0
108600,25.4
108660,24.6
108720,24.0
108780,24.4
108840,24.4
108900,24.2
108960,23.4
109020,23.2
109080,24.2
109140,25.4
109200,24.2
109260,25.4
109320,25.6
109380,24.4
109440,24.8
109500,23.8
109560,24.6
109620,23.4
109680,25.0
109740,24.0
109800,25.8
109860,25.2
109920,24.4
109980,25.8
110040,24.6
110100,26.0
110160,24.2
110220,25.2
110280,24.8
110340,24.2
110400,24.4
110460,23.8
110520,23.8
110580,25.4
110640,24.0
110700,25.0
110760,25.4
110820,23.4
110880,24.6
110940,23.8
111000,26.0
111060,24.4
111120,24.4
111180,23.6
111240,23.8
111300,22.8
111360,22.6
111420,25.6
111480,24.0
111540,24.2
111600,24.0
111660,24.8
111720,25.4
111780,23.0
111840,25.2
111900,23.8
111960,24.2
112020,21.8
112080,24.4
112140,23.2
112200,22.6
112260,23.8
112320,25.4
112380,24.2
112440,23.8
112500,24.6
112560,25.8
112620,24.0
112680,24.8
112740,23.8
112800,24.4
112860,25.2
112920,22.6
112980,24.0
113040,23.2
113100,25.6
113160,25.0
113220,24.6
113280,23.6
113340,25.0
113400,23.8
113460,24.2
113520,22.8
113580,24.8
113640,23.0
113700,24.4
113760,24.0
113820,22.4
113880,23.8
113940,25.6
114000,24.0
114060,24.4
114120,22.8
114180,24.4
114240,23.4
114300,22.8
114360,23.2
114420,24.0
114480,23.0
114540,23.0
114600,23.2
114660,20.6
114720,22.6
114780,20.0
114840,23.6
114900,22.0
114960,22.8
115020,23.0
115080,23.4
115140,24.0
115200,22.0
115260,22.4
115320,21.4
115380,22.4
115440,22.8
115500,24.4
115560,24.4
115620,25.0
115680,24.8
115740,25.4
115800,24.0
115860,25.4
115920,23.4
115980,24.0
116040,24.0
116100,24.2
116160,24.4
116220,25.8
116280,23.8
116340,24.8
116400,24.6
116460,23.8
116520,25.0
116580,24.2
116640,26.2
116700,24.2
116760,24.0
116820,25.4
116880,25.4
116940,23.8
117000,24.2
117060,24.6
117120,25.0
117180,24.8
117240,25.6
117300,24.6
117360,24.4
117420,24.2
117480,24.2
117540,24.8
117600,25.4
117660,26.0
117720,25.0
117780,25.4
117840,26.2
117900,24.8
117960,25.4
118020,24.4
118080,26.2
118140,25.0
118200,25.4
118260,24.6
118320,24.8
118380,26.0
118440,24.8
118500,26.0
118560,24.6
118620,26.2
118680,25.6
118740,23.2
118800,25.6
118860,26.0
118920,24.6
118980,25.6
119040,23.4
119100,25.2
119160,24.6
119220,25.4
119280,25.2
119340,24.4
119400,23.2
119460,25.8
119520,25.6
119580,23.8
119640,24.4
119700,24.2
119760,25.2
119820,24.4
119880,24.8
119940,24.6
120000,23.4
120060,24.6
120120,25.8
120180,23.0
120240,24.4
120300,23.2
120360,24.0
120420,24.0
120480,24.4
120540,23.8
120600,22.4
120660,24.0
120720,25.8
120780,22.4
120840,24.0
120900,25.2
120960,24.0
121020,23.8
121080,24.2
121140,23.6
121200,24.6
121260,23.6
121320,25.0
121380,23.4
121440,23.4
121500,23.4
121560,23.8
121620,22.8
121680,24.4
121740,24.4
121800,23.6
121860,23.0
121920,23.0
121980,23.6
122040,22.8
122100,23.6
122160,23.6
122220,22.8
122280,23.0
122340,22.8
122400,21.8
122460,22.6
122520,23.8
122580,23.8
122640,21.2
122700,22.0
122760,22.0
122820,23.6
122880,23.0
122940,22.6
123000,22.0
123060,23.4
123120,21.8
123180,21.6
123240,22.0
123300,24.0
123360,23.2
123420,23.8
123480,24.0
123540,22.8
123600,21.6
123660,23.0
123720,23.4
123780,22.6
123840,23.6
123900,22.6
123960,22.4
124020,22.6
124080,23.6
124140,23.0
124200,24.2
124260,24.4
124320,24.8
124380,23.6
124440,24.2
124500,22.8
124560,22.2
124620,23.2
124680,25.0
124740,24.2
124800,23.0
124860,23.8
124920,25.4
124980,23.2
125040,25.4
125100,23.0
125160,23.4
125220,25.0
125280,23.4
125340,23.0
125400,23.2
125460,24.6
125520,22.6
125580,23.8
125640,24.8
125700,23.4
125760,24.0
125820,25.0
125880,24.0
125940,23.2
126000,25.2
126060,24.4
126120,25.8
126180,24.4
126240,24.2
126300,25.0
126360,23.2
126420,24.6
126480,23.0
126540,23.4
126600,24.8
126660,23.4
126720,24.0
126780,25.0
126840,23.4
126900,23.4
126960,23.4
127020,23.8
127080,26.2
127140,23.8
127200,24.8
127260,23.8
127320,24.4
127380,22.8
127440,24.0
127500,24.6
127560,25.2
127620,23.4
127680,23.8
127740,25.4
127800,23.2
127860,24.0
127920,24.6
127980,25.8
128040,24.4
128100,24.6
128160,25.2
128220,23.0
128280,24.6
128340,24.4
128400,23.4
128460,24.2
128520,25.4
128580,25.2
128640,24.4
128700,22.8
128760,24.4
128820,23.2
128880,23.6
128940,23.4
129000,23.2
129060,23.8
129120,22.6
129180,24.6
129240,23.6
129300,23.8
129360,22.4
129420,23.0
129480,23.8
129540,23.2
129600,22.6
129660,22.6
129720,21.8
129780,23.8
129840,24.4
129900,23.6
129960,24.8
130020,24.4
130080,23.8
130140,23.4
130200,24.8
130260,23.8
130320,23.6
130380,25.4
130440,24.0
130500,25.0
130560,24.4
130620,24.8
130680,25.0
130740,23.8
130800,24.2
130860,24.8
130920,25.4
130980,24.6
131040,25.2
131100,25.0
131160,24.2
131220,24.8
131280,26.2
131340,23.8
131400,25.6
131460,23.2
131520,23.6
131580,25.2
131640,26.6
131700,24.2
131760,24.0
131820,24.6
131880,25.0
131940,24.6
132000,24.8
132060,24.6
132120,24.0
132180,23.8
132240,23.8
132300,23.8
132360,25.0
132420,24.2
132480,25.6
132540,24.2
132600,23.2
132660,22.2
132720,23.4
132780,23.6
132840,23.2
132900,26.2
132960,23.6
133020,23.0
133080,22.0
133140,23.2
133200,23.2
133260,22.0
133320,24.0
133380,23.2
133440,24.6
133500,24.0
133560,23.6
133620,25.8
133680,24.6
133740,23.2
133800,24.6
133860,25.4
133920,24.0
133980,24.4
134040,24.2
134100,24.4
134160,23.0
134220,23.2
134280,24.4
134340,24.8
134400,24.0
134460,25.4
134520,23.4
134580,25.8
134640,23.6
134700,23.6
134760,24.4
134820,24.2
134880,24.6
134940,22.4
135000,24.0
135060,23.4
135120,23.6
135180,21.6
135240,21.8
135300,23.6
135360,23.2
135420,22.6
135480,23.6
135540,25.2
135600,25.2
135660,22.8
135720,24.0
135780,25.4
135840,23.4
135900,24.2
135960,24.6
136020,24.0
136080,25.0
136140,26.2
136200,25.2
136260,22.8
136320,25.4
136380,24.6
136440,24.2
136500,23.2
136560,23.6
136620,25.6
136680,23.8
136740,24.6
136800,25.6
136860,22.8
136920,24.0
136980,23.4
137040,23.0
137100,23.8
137160,25.2
137220,24.4
137280,25.0
137340,23.6
137400,21.4
137460,23.6
137520,23.8
137580,25.0
137640,24.4
137700,24.6
137760,23.4
137820,24.4
137880,23.6
137940,24.8
138000,24.8
138060,24.2
138120,23.2
138180,24.6
138240,23.0
138300,24.0
138360,23.2
138420,23.6
138480,23.4
138540,23.6
138600,23.2
138660,23.4
138720,24.8
138780,22.6
138840,23.2
138900,23.0
138960,23.4
139020,22.0
139080,22.4
139140,22.4
139200,22.2
139260,21.8
139320,23.8
139380,21.2
139440,20.0
139500,21.6
139560,22.8
139620,22.0
139680,23.0
139740,22.8
139800,22.0
139860,21.8
139920,23.2
139980,23.0
140040,21.8
140100,22.2
140160,24.2
140220,23.8
140280,23.6
140340,25.8
140400,23.4
140460,22.4
140520,23.6
140580,23.8
140640,23.4
140700,24.2
140760,25.0
140820,22.8
140880,23.2
140940,22.6
141000,23.6
141060,25.0
141120,25.8
141180,24.6
141240,24.4
141300,27.4
141360,23.6
141420,25.2
141480,24.6
141540,26.8
141600,25.4
141660,24.8
141720,24.8
141780,25.0
141840,24.6
141900,23.6
141960,24.2
142020,23.8
142080,25.0
142140,21.8
142200,23.2
142260,25.0
142320,26.0
142380,24.0
142440,23.0
142500,22.6
142560,24.4
142620,24.0
142680,23.0
142740,23.8
142800,23.4
142860,24.0
142920,24.0
142980,23.2
143040,23.2
143100,26.2
143160,23.2
143220,23.0
143280,24.4
143340,22.8
143400,25.2
143460,23.2
143520,23.6
143580,25.8
143640,24.0
143700,23.6
143760,24.4
143820,23.8
143880,24.8
143940,24.0
144000,24.8
144060,24.4
144120,24.0
144180,23.6
144240,23.4
144300,24.6
144360,23.8
144420,24.2
144480,24.0
144540,22.0
144600,23.8
144660,24.4
144720,21.6
144780,22.4
144840,22.4
144900,23.6
144960,22.2
145020,22.6
145080,23.0
145140,25.0
145200,21.6
145260,23.8
145320,23.8
145380,23.2
145440,24.0
145500,22.4
145560,22.8
145620,22.4
145680,23.2
145740,22.8
145800,23.4
145860,23.4
145920,24.0
145980,23.0
146040,23.4
146100,22.4
146160,23.4
146220,23.2
146280,23.0
146340,23.2
146400,21.8
146460,22.2
146520,23.4
146580,23.4
146640,21.8
146700,21.6
146760,23.2
146820,24.0
146880,22.0
146940,22.6
147000,22.4
147060,21.6
147120,21.8
147180,22.8
147240,23.6
147300,23.8
147360,23.4
147420,24.0
147480,22.4
147540,23.4
147600,23.6
147660,24.4
147720,25.0
147780,24.6
147840,24.2
147900,24.2
147960,24.4
148020,23.4
148080,23.2
148140,23.8
148200,24.2
148260,25.0
148320,24.4
148380,26.0
148440,23.8
148500,24.2
148560,23.8
148620,24.4
148680,24.8
148740,24.6
148800,25.4
148860,24.8
148920,25.0
148980,24.0
149040,25.8
149100,27.0
149160,24.8
149220,24.2
149280,25.4
149340,24.2
149400,25.6
149460,25.2
149520,25.2
149580,24.2
149640,23.8
149700,24.8
149760,25.8
149820,25.2
149880,23.6
149940,24.4
150000,24.4
150060,24.8
150120,23.4
150180,23.8
150240,26.6
150300,23.6
150360,24.4
150420,24.8
150480,23.8
150540,24.0
150600,21.4
150660,24.8
150720,23.8
150780,22.8
150840,24.6
150900,24.4
150960,23.8
151020,23.4
151080,24.6
151140,23.4
151200,23.6
151260,24.0
151320,23.6
151380,23.6
151440,22.2
151500,22.6
151560,22.0
151620,23.2
151680,24.0
151740,23.0
151800,23.0
151860,24.6
151920,23.8
151980,23.4
152040,24.4
152100,24.4
152160,26.0
152220,24.4
152280,25.2
152340,24.0
152400,24.0
152460,24.6
152520,24.2
152580,25.0
152640,25.2
152700,25.2
152760,23.0
152820,24.4
152880,24.6
152940,24.8
153000,24.2
153060,23.6
153120,23.4
153180,25.0
153240,23.4
153300,23.8
153360,24.6
153420,24.4
153480,24.2
153540,23.6
153600,23.8
153660,25.6
153720,23.6
153780,23.2
153840,24.6
153900,25.8
153960,24.6
154020,24.0
154080,23.2
154140,23.6
154200,25.4
154260,23.6
154320,23.8
154380,23.6
154440,22.6
154500,23.6
154560,24.0
154620,22.0
154680,23.6
154740,22.4
154800,24.8
154860,23.4
154920,23.8
154980,23.8
155040,23.0
155100,22.4
155160,23.4
155220,24.4
155280,24.6
155340,23.0
155400,24.6
155460,23.8
155520,23.8
155580,23.2
155640,25.2
155700,22.8
155760,23.4
155820,22.6
155880,22.0
155940,23.8
156000,24.0
156060,23.8
156120,23.2
156180,23.6
156240,23.0
156300,22.2
156360,24.2
156420,24.6
156480,24.4
156540,24.2
156600,23.6
156660,24.8
156720,22.8
156780,23.8
156840,24.4
156900,23.4
156960,23.8
157020,23.8
157080,24.4
157140,23.8
157200,24.6
157260,24.6
157320,24.4
157380,24.0
157440,24.0
157500,24.0
157560,24.2
157620,25.0
157680,25.6
157740,25.2
157800,23.6
157860,24.0
157920,25.4
157980,23.8
158040,25.8
158100,24.4
158160,25.6
158220,24.0
158280,24.4
158340,23.0
158400,24.0
158460,23.4
158520,23.6
158580,25.2
158640,23.6
158700,24.0
158760,23.4
158820,23.4
158880,23.6
158940,24.2
159000,23.8
159060,24.4
159120,24.8
159180,24.4
159240,24.0
159300,25.0
159360,24.8
159420,23.8
159480,23.8
159540,24.6
159600,23.4
159660,24.0
159720,25.0
159780,25.6
159840,25.0
159900,25.4
159960,26.6
160020,24.4
160080,23.6
160140,22.8
160200,25.4
160260,24.0
160320,24.6
160380,24.0
160440,24.8
160500,24.2
160560,23.2
160620,23.4
160680,24.4
160740,24.0
160800,22.6
160860,24.6
160920,22.4
160980,22.8
161040,24.2
161100,23.6
161160,23.8
161220,22.4
161280,22.8
161340,21.2
161400,22.2
161460,22.6
161520,22.6
161580,23.0
161640,22.0
161700,22.8
161760,23.6
161820,24.4
161880,23.6
161940,24.4
162000,25.0
162060,22.2
162120,23.8
162180,23.6
162240,24.0
162300,23.0
162360,23.2
162420,24.0
162480,24.4
162540,24.0
162600,24.2
162660,22.8
162720,22.8
162780,23.6
162840,24.2
162900,23.8
162960,23.8
163020,24.8
163080,24.2
163140,23.4
163200,24.4
163260,23.8
163320,24.4
163380,25.2
163440,23.0
163500,27.2
163560,25.0
163620,24.0
163680,24.2
163740,23.6
163800,23.4
163860,23.0
163920,24.8
163980,22.2
164040,24.2
164100,22.8
164160,23.4
164220,23.6
164280,24.2
164340,23.0
164400,23.8
164460,22.8
164520,22.0
164580,23.4
164640,21.2
164700,23.0
164760,23.8
164820,23.4
164880,22.4
164940,23.0
165000,23.0
165060,22.8
165120,24.8
165180,22.0
165240,22.2
165300,22.0
165360,23.8
165420,23.0
165480,22.6
165540,24.4
165600,24.4
165660,23.2
165720,24.6
165780,23.0
165840,23.0
165900,23.0
165960,23.4
166020,23.4
166080,24.6
166140,24.0
166200,23.4
166260,25.4
166320,23.2
166380,22.8
166440,22.4
166500,23.2
166560,23.8
166620,23.2
166680,23.6
166740,26.0
166800,24.8
166860,24.4
166920,23.4
166980,22.6
167040,23.4
167100,24.6
167160,22.4
167220,24.4
167280,24.6
167340,24.8
167400,26.2
167460,23.2
167520,25.2
167580,24.4
167640,22.6
167700,25.0
167760,24.8
167820,25.8
167880,26.0
167940,24.0
168000,24.4
168060,23.0
168120,25.2
168180,24.2
168240,26.0
168300,25.8
168360,26.6
168420,24.6
168480,23.0
168540,24.6
168600,24.8
168660,25.0
168720,24.8
168780,25.8
168840,26.0
168900,25.6
168960,23.6
169020,25.4
169080,25.2
169140,24.4
169200,27.0
169260,25.6
169320,24.8
169380,27.4
169440,24.2
169500,24.0
169560,26.0
169620,26.4
169680,26.2
169740,24.4
169800,24.4
169860,24.4
169920,25.4
169980,25.0
170040,24.2
170100,25.2
170160,24.2
170220,25.4
170280,25.8
170340,25.8
170400,24.2
170460,24.6
170520,25.8
170580,25.0
170640,24.2
170700,24.2
170760,24.0
170820,25.6
170880,24.4
170940,25.4
171000,24.4
171060,26.4
171120,25.8
171180,26.2
171240,26.0
171300,24.6
171360,23.6
171420,24.8
171480,22.8
171540,26.0
171600,24.0
171660,25.8
171720,24.0
171780,24.8
171840,24.6
171900,25.0
171960,24.2
172020,24.8
172080,23.6
172140,24.4
172200,25.0
172260,24.8
172320,26.0
172380,25.6
172440,24.2
172500,25.6
172560,25.2
172620,25.2
172680,24.8
172740,24.2
172800,24.2
172860,25.0
172920,23.4
172980,24.2
173040,24.8
173100,25.8
173160,26.0
173220,22.4
173280,25.4
173340,23.8
173400,24.8
173460,23.6
173520,25.8
173580,25.0
173640,25.4
173700,23.4
173760,23.6
173820,25.6
173880,24.4
173940,26.0
174000,25.4
174060,25.0
174120,23.6
174180,24.2
174240,25.0
174300,23.2
174360,23.8
174420,25.8
174480,24.8
174540,23.6
174600,25.8
174660,23.6
174720,24.8
174780,24.8
174840,25.2
174900,25.0
174960,24.0
175020,25.4
175080,24.4
175140,24.2
175200,23.4
175260,21.8
175320,23.6
175380,23.2
175440,23.0
175500,23.4
175560,24.0
175620,22.4
175680,24.8
175740,24.4
175800,25.0
175860,23.0
175920,24.0
175980,23.6
176040,23.6
176100,23.8
176160,22.8
176220,23.2
176280,22.2
176340,23.0
176400,22.8
176460,23.4
176520,22.6
176580,21.6
176640,21.2
176700,21.2
176760,21.2
176820,21.8
176880,21.8
176940,22.0
177000,22.0
177060,24.4
177120,23.2
177180,21.6
177240,21.4
177300,23.4
177360,22.4
177420,23.0
177480,21.0
177540,21.8
177600,22.4
177660,21.6
177720,22.2
177780,23.6
177840,21.8
177900,22.4
177960,23.0
178020,22.4
178080,24.6
178140,24.0
178200,22.4
178260,23.8
178320,23.0
178380,23.8
178440,22.8
178500,23.4
178560,23.0
178620,24.0
178680,23.6
178740,24.4
178800,22.2
178860,23.6
178920,22.8
178980,25.8
179040,23.6
179100,24.6
179160,24.6
179220,24.6
179280,23.6
179340,24.6
179400,24.6
179460,24.4
179520,24.8
179580,22.8
179640,25.4
179700,23.2
179760,24.0
179820,24.0
179880,25.2
179940,25.2
180000,26.2
180060,23.8
180120,24.0
180180,24.6
180240,24.6
180300,24.0
180360,25.0
180420,24.6
180480,25.2
180540,24.6
180600,24.6
180660,23.6
180720,24.2
180780,24.6
180840,24.4
180900,25.4
180960,24.2
181020,24.6
181080,23.4
181140,26.2
181200,24.4
181260,24.0
181320,25.8
181380,25.6
181440,24.6
181500,24.0
181560,25.6
181620,23.4
181680,24.2
181740,23.6
181800,25.6
181860,25.2
181920,25.2
181980,25.6
182040,25.8
182100,24.8
182160,25.8
182220,24.4
182280,25.0
182340,25.6
182400,24.8
182460,25.0
182520,24.0
182580,25.6
182640,25.0
182700,24.0
182760,25.2
182820,25.2
182880,23.4
182940,25.6
183000,25.2
183060,24.0
183120,25.6
183180,23.8
183240,24.4
183300,24.2
183360,24.0
183420,26.0
183480,24.0
183540,25.0
183600,24.4
183660,25.0
183720,24.2
183780,25.4
183840,23.6
183900,24.4
183960,24.8
184020,24.0
184080,24.6
184140,23.4
184200,25.2
184260,24.8
184320,26.2
184380,24.8
184440,24.0
184500,26.0
184560,25.0
184620,24.8
184680,23.8
184740,24.4
184800,25.2
184860,25.6
184920,23.2
184980,25.4
185040,24.2
185100,23.8
185160,24.6
185220,25.8
185280,24.2
185340,24.6
185400,25.2
185460,26.2
185520,23.8
185580,23.6
185640,24.8
185700,22.8
185760,23.4
185820,24.6
185880,24.0
185940,23.2
186000,24.6
186060,24.0
186120,23.4
186180,25.6
186240,24.2
186300,23.8
186360,22.4
186420,23.2
186480,24.6
186540,23.8
186600,23.6
186660,24.8
186720,22.2
186780,24.0
186840,24.0
186900,24.2
186960,24.0
187020,25.2
187080,24.2
187140,25.6
187200,23.4
187260,23.0
187320,23.6
187380,24.8
187440,23.8
187500,23.8
187560,22.6
187620,23.0
187680,23.2
187740,24.2
187800,24.6
187860,22.8
187920,24.4
187980,22.4
188040,23.2
188100,23.6
188160,24.0
188220,24.8
188280,23.0
188340,23.0
188400,24.2
188460,23.8
188520,24.4
188580,23.8
188640,23.6
188700,25.0
188760,23.8
188820,25.0
188880,24.2
188940,26.2
189000,26.4
189060,26.2
189120,25.0
189180,25.0
189240,25.6
189300,23.8
189360,24.6
189420,23.8
189480,24.0
189540,24.6
189600,23.4
189660,23.2
189720,24.4
189780,23.6
189840,25.4
189900,24.8
189960,25.0
190020,23.8
190080,24.0
190140,25.2
190200,27.0
190260,25.6
190320,25.0
190380,24.6
190440,24.8
190500,24.4
190560,23.8
190620,24.6
190680,23.4
190740,25.0
190800,23.8
190860,24.4
190920,24.8
190980,23.4
191040,25.4
191100,24.4
191160,24.0
191220,24.8
191280,23.2
191340,24.2
191400,23.2
191460,22.8
191520,24.4
191580,23.8
191640,26.0
191700,24.4
191760,24.8
191820,23.4
191880,24.6
191940,24.2
192000,23.4
192060,24.0
192120,24.8
192180,24.0
192240,24.4
192300,24.2
192360,24.6
192420,23.6
192480,24.2
192540,23.6
192600,23.0
192660,23.6
192720,24.0
192780,23.4
192840,24.2
192900,25.0
192960,23.4
193020,26.0
193080,24.0
193140,26.2
193200,23.6
193260,24.0
193320,24.0
193380,22.2
193440,25.4
193500,25.0
193560,22.4
193620,24.8
193680,24.6
193740,24.8
193800,23.8
193860,23.8
193920,25.2
193980,24.4
194040,24.8
194100,25.4
194160,25.2
194220,24.6
194280,24.4
194340,24.6
194400,25.2
194460,23.8
194520,24.2
194580,24.2
194640,24.8
194700,24.4
194760,24.6
194820,27.0
194880,25.4
194940,24.4
195000,25.0
195060,24.0
195120,24.6
195180,24.8
195240,23.4
195300,24.0
195360,23.6
195420,25.2
195480,25.0
195540,25.8
195600,24.6
195660,24.4
195720,24.8
195780,25.8
195840,24.2
195900,24.0
195960,24.6
196020,25.4
196080,24.6
196140,24.0
196200,25.2
196260,25.6
196320,24.2
196380,24.2
196440,24.6
196500,24.4
196560,24.6
196620,25.8
196680,24.8
196740,24.4
196800,25.0
196860,24.6
196920,24.0
196980,26.0
197040,24.2
197100,23.6
197160,25.8
197220,23.8
197280,24.8
197340,26.2
197400,25.6
197460,25.4
197520,24.2
197580,25.0
197640,25.4
197700,24.6
197760,24.2
197820,24.4
197880,26.0
197940,25.6
198000,25.4
198060,23.6
198120,24.6
198180,24.4
198240,23.4
198300,24.4
198360,24.6
198420,25.2
198480,24.0
198540,25.4
198600,24.6
198660,24.8
198720,25.8
198780,24.0
198840,24.4
198900,23.6
198960,25.2
199020,24.2
199080,26.0
199140,24.8
199200,26.2
199260,24.0
199320,24.8
199380,24.0
199440,25.8
199500,25.2
199560,24.8
199620,23.4
199680,23.8
199740,25.4
199800,24.6
199860,25.0
199920,24.6
199980,26.2
200040,23.8
200100,23.2
200160,25.0
200220,23.8
200280,24.0
200340,23.0
200400,24.8
200460,24.4
200520,24.2
200580,23.6
200640,23.8
200700,23.0
200760,24.4
200820,24.2
200880,23.8
200940,24.8
201000,22.8
201060,23.0
201120,23.2
201180,24.0
201240,22.4
201300,23.2
201360,23.2
201420,23.4
201480,22.6
201540,22.8
201600,22.4
201660,22.8
201720,22.2
201780,22.0
201840,22.0
201900,21.2
201960,22.2
202020,21.8
202080,22.4
202140,23.2
202200,22.2
202260,22.6
202320,23.0
202380,21.8
202440,21.8
202500,22.6
202560,21.4
202620,22.4
202680,22.6
202740,22.0
202800,22.4
202860,24.6
202920,23.0
202980,23.8
203040,24.0
203100,23.6
203160,22.2
203220,24.0
203280,22.2
203340,23.2
203400,23.4
203460,24.0
203520,23.2
203580,24.0
203640,23.2
203700,22.6
203760,23.6
203820,24.4
203880,23.2
203940,21.8
204000,24.4
204060,22.6
204120,24.6
204180,23.6
204240,24.2
204300,23.6
204360,23.8
204420,25.2
204480,22.2
204540,23.8
204600,23.4
204660,24.8
204720,23.0
204780,22.0
204840,24.0
204900,23.2
204960,24.2
205020,23.4
205080,25.8
205140,24.6
205200,25.2
205260,23.8
205320,24.4
205380,23.2
205440,24.4
205500,24.0
205560,24.0
205620,24.4
205680,24.0
205740,24.0
205800,23.4
205860,25.2
205920,25.8
205980,24.6
206040,24.2
206100,25.6
206160,26.0
206220,23.6
206280,24.2
206340,25.4
206400,24.6
206460,23.6
206520,24.6
206580,26.0
206640,24.4
206700,25.0
206760,24.2
206820,24.4
206880,25.6
206940,23.8
207000,26.6
207060,26.0
207120,25.4
207180,24.8
207240,24.6
207300,25.4
207360,26.4
207420,25.4
207480,24.8
207540,24.6
207600,25.8
207660,25.0
207720,24.6
207780,25.2
207840,25.0
207900,22.8
207960,24.8
208020,25.6
208080,24.6
208140,25.4
208200,25.8
208260,26.2
208320,24.6
208380,25.2
208440,24.8
208500,23.4
208560,24.4
208620,26.2
208680,24.6
208740,25.6
208800,25.8
208860,25.6
208920,24.4
208980,26.4
209040,26.2
209100,24.8
209160,25.8
209220,25.2
209280,24.6
209340,24.6
209400,26.6
209460,24.8
209520,24.6
209580,24.4
209640,24.6
209700,24.4
209760,24.0
209820,24.4
209880,24.8
209940,24.8
210000,26.0
210060,24.6
210120,25.4
210180,24.6
210240,25.0
210300,23.6
210360,23.8
210420,25.8
210480,23.2
210540,25.4
210600,25.2
210660,24.6
210720,23.6
210780,23.8
210840,25.2
210900,24.0
210960,26.2
211020,23.6
211080,24.0
211140,25.0
211200,25.0
211260,24.0
211320,23.6
211380,24.4
211440,23.8
211500,24.0
211560,23.0
211620,23.0
211680,23.2
211740,23.4
211800,23.4
211860,24.0
211920,23.8
211980,26.2
212040,25.8
212100,25.4
212160,25.0
212220,25.0
212280,26.2
212340,26.2
212400,23.6
212460,24.4
212520,24.4
212580,26.0
212640,25.0
212700,25.2
212760,26.8
212820,24.2
212880,25.6
212940,26.2
213000,25.2
213060,25.4
213120,23.8
213180,24.8
213240,26.4
213300,24.6
213360,25.2
213420,25.8
213480,23.8
213540,24.2
213600,23.0
213660,26.2
213720,25.6
213780,23.6
213840,25.2
213900,24.0
213960,24.2
214020,24.8
214080,25.4
214140,24.6
214200,25.2
214260,25.0
214320,24.2
214380,25.4
214440,25.0
214500,23.8
214560,25.2
214620,24.2
214680,23.0
214740,23.4
214800,25.8
214860,24.6
214920,26.0
214980,25.2
215040,25.4
215100,24.0
215160,24.0
215220,24.4
215280,25.0
215340,25.4
215400,23.6
215460,23.6
215520,24.0
215580,25.2
215640,25.6
215700,23.0
215760,23.0
215820,24.6
215880,25.6
215940,24.8
216000,24.6
216060,24.6
216120,23.2
216180,24.6
216240,25.2
216300,24.2
216360,24.2
216420,23.4
216480,23.4
216540,22.6
216600,23.6
216660,24.2
216720,23.4
216780,24.2
216840,24.8
216900,24.8
216960,23.0
217020,24.2
217080,23.6
217140,23.2
217200,25.8
217260,24.0
217320,25.4
217380,23.8
217440,25.4
217500,23.4
217560,24.4
217620,24.0
217680,25.2
217740,24.0
217800,23.6
217860,24.4
217920,23.8
217980,23.0
218040,24.8
218100,23.8
218160,23.8
218220,23.2
218280,22.8
218340,22.8
218400,23.8
218460,22.2
218520,23.8
218580,22.8
218640,23.4
218700,24.2
218760,24.4
218820,24.2
218880,24.2
218940,23.2
219000,23.2
219060,23.6
219120,23.8
219180,22.6
219240,24.2
219300,23.8
219360,23.4
219420,23.0
219480,24.6
219540,24.4
219600,23.2
219660,24.8
219720,26.4
219780,25.6
219840,23.8
219900,25.4
219960,25.6
220020,23.8
220080,24.6
220140,22.8
220200,24.2
220260,23.4
220320,25.0
220380,26.0
220440,25.2
220500,25.4
220560,24.6
220620,23.8
220680,25.0
220740,25.6
220800,25.6
220860,26.8
220920,24.4
220980,25.6
221040,24.0
221100,24.4
221160,25.0
221220,24.4
221280,25.8
221340,24.8
221400,24.8
221460,24.6
221520,25.4
221580,24.4
221640,23.0
221700,26.0
221760,24.8
221820,24.8
221880,24.0
221940,26.2
222000,24.6
222060,23.6
222120,25.8
222180,25.2
222240,24.0
222300,24.6
222360,22.2
222420,23.8
222480,24.0
222540,24.6
222600,23.8
222660,24.4
222720,24.8
222780,25.4
222840,23.6
222900,24.2
222960,24.8
223020,25.2
223080,23.0
223140,24.0
223200,22.0
223260,25.0
223320,24.2
223380,21.8
223440,24.8
223500,22.0
223560,23.4
223620,24.2
223680,24.8
223740,24.4
223800,22.4
223860,23.0
223920,24.6
223980,24.2
224040,22.6
224100,23.2
224160,25.0
224220,23.2
224280,22.6
224340,23.4
224400,24.8
224460,23.2
224520,23.4
224580,23.4
224640,23.2
224700,23.0
224760,23.6
224820,22.8
224880,24.0
224940,23.8
225000,23.4
225060,22.6
225120,22.6
225180,22.6
225240,22.2
225300,22.6
225360,23.8
225420,23.2
225480,24.2
225540,23.4
225600,23.6
225660,24.6
225720,23.6
225780,25.4
225840,22.4
225900,21.6
225960,23.4
226020,23.8
226080,24.2
226140,24.6
226200,23.8
226260,23.6
226320,25.4
226380,24.2
226440,23.8
226500,25.4
226560,24.2
226620,24.8
226680,23.6
226740,23.8
226800,25.0
226860,23.6
226920,23.0
226980,24.4
227040,23.4
227100,24.2
227160,23.2
227220,24.2
227280,23.0
227340,23.2
227400,24.2
227460,23.4
227520,24.0
227580,23.8
227640,22.2
227700,24.6
227760,24.2
227820,24.6
227880,25.0
227940,22.4
228000,24.4
228060,23.8
228120,23.8
228180,24.0
228240,23.0
228300,24.4
228360,24.0
228420,24.4
228480,24.8
228540,23.8
228600,24.2
228660,23.4
228720,26.8
228780,24.2
228840,25.0
228900,24.4
228960,24.6
229020,24.8
229080,25.0
229140,24.2
229200,22.2
229260,25.0
229320,23.8
229380,23.8
229440,23.6
229500,24.4
229560,24.2
229620,24.0
229680,24.8
229740,24.6
229800,25.8
229860,25.2
229920,25.2
229980,24.6
230040,24.2
230100,24.8
230160,25.0
230220,26.4
230280,26.0
230340,25.8
230400,24.6
230460,23.8
230520,24.0
230580,25.0
230640,25.4
230700,24.2
230760,24.2
230820,25.0
230880,24.8
230940,26.8
231000,23.8
231060,23.6
231120,24.8
231180,24.2
231240,24.0
231300,24.6
231360,23.8
231420,25.4
231480,24.6
231540,22.2
231600,23.6
231660,26.2
231720,23.8
231780,25.8
231840,26.0
231900,25.4
231960,24.8
232020,23.8
232080,24.6
232140,25.6
232200,26.0
232260,25.0
232320,23.8
232380,24.2
232440,25.0
232500,22.6
232560,25.4
232620,23.8
232680,24.4
232740,22.8
232800,24.6
232860,24.0
232920,24.2
232980,24.2
233040,25.0
233100,24.2
233160,23.8
233220,24.2
233280,24.6
233340,23.2
233400,23.4
233460,24.4
233520,24.2
233580,23.2
233640,25.0
233700,23.6
233760,23.4
233820,22.2
233880,23.2
233940,22.8
234000,24.0
234060,22.0
234120,23.2
234180,24.4
234240,23.8
234300,22.8
234360,22.2
234420,22.8
234480,24.2
234540,22.8
234600,24.4
234660,24.2
234720,22.6
234780,23.0
234840,24.2
234900,23.2
234960,22.4
235020,23.6
235080,22.6
235140,23.0
235200,24.8
235260,24.4
235320,24.4
235380,24.6
235440,25.0
235500,24.2
235560,23.2
235620,24.6
235680,25.0
235740,24.2
235800,24.8
235860,24.0
235920,25.0
235980,25.4
236040,24.4
236100,25.4
236160,25.2
236220,27.0
236280,26.2
236340,25.2
236400,24.8
236460,24.0
236520,26.8
236580,24.6
236640,24.0
236700,26.4
236760,26.6
236820,24.6
236880,25.0
236940,25.6
237000,25.0
237060,25.0
237120,24.0
237180,25.6
237240,25.0
237300,25.6
237360,24.4
237420,24.6
237480,25.0
237540,25.6
237600,25.2
237660,24.8
237720,24.4
237780,24.6
237840,24.0
237900,24.0
237960,24.6
238020,24.0
238080,24.2
238140,25.8
238200,25.2
238260,23.8
238320,24.0
238380,25.0
238440,22.8
238500,24.4
238560,23.8
238620,25.6
238680,23.4
238740,25.4
238800,24.0
238860,22.6
238920,25.0
238980,25.0
239040,25.6
239100,22.4
239160,24.2
239220,23.8
239280,24.2
239340,23.4
239400,24.4
239460,24.8
239520,24.8
239580,25.6
239640,24.6
239700,24.8
239760,23.6
239820,26.2
239880,24.0
239940,23.4
240000,23.6
240060,24.4
240120,24.8
240180,23.4
240240,23.0
240300,22.8
240360,24.2
240420,24.8
240480,24.2
240540,24.0
240600,23.6
240660,24.0
240720,23.4
240780,24.6
240840,24.2
240900,25.6
240960,24.4
241020,23.2
241080,24.4
241140,23.6
241200,24.0
241260,25.2
241320,24.0
241380,23.8
241440,24.2
241500,24.8
241560,25.2
241620,23.4
241680,24.4
241740,25.0
241800,25.8
241860,25.0
241920,25.0
241980,25.0
242040,24.8
242100,25.2
242160,24.0
242220,24.6
242280,24.6
242340,24.0
242400,24.4
242460,24.6
242520,24.2
242580,25.2
242640,26.0
242700,24.8
242760,23.0
242820,24.6
242880,24.4
242940,23.0
243000,23.6
243060,23.0
243120,25.2
243180,25.2
243240,24.0
243300,26.6
243360,23.2
243420,27.2
243480,24.6
243540,24.2
243600,25.0
243660,24.0
243720,26.6
243780,24.8
243840,24.2
243900,24.8
243960,24.2
244020,24.6
244080,24.4
244140,22.6
244200,23.8
244260,24.0
244320,23.6
244380,24.0
244440,25.2
244500,24.6
244560,24.0
244620,24.0
244680,24.6
244740,24.0
244800,25.4
244860,24.8
244920,24.8
244980,24.4
245040,23.8
245100,26.8
245160,24.0
245220,25.6
245280,24.6
245340,23.8
245400,24.8
245460,23.8
245520,24.2
245580,25.2
245640,25.6
245700,23.2
245760,23.8
245820,23.4
245880,26.6
245940,25.2
246000,24.4
246060,23.8
246120,24.8
246180,24.0
246240,25.0
246300,25.4
246360,23.8
246420,24.6
246480,24.0
246540,24.6
246600,23.8
246660,25.4
246720,24.6
246780,25.2
246840,24.4
246900,25.4
246960,24.4
247020,24.8
247080,24.2
247140,24.4
247200,24.2
247260,24.0
247320,23.4
247380,23.6
247440,25.6
247500,23.2
247560,24.2
247620,24.8
247680,23.6
247740,24.4
247800,25.8
247860,24.6
247920,24.2
247980,25.4
248040,24.2
248100,24.2
248160,25.0
248220,24.0
248280,25.0
248340,24.8
248400,25.4
248460,24.0
248520,24.2
248580,23.0
248640,24.6
248700,24.4
248760,23.6
248820,25.8
248880,24.2
248940,24.4
249000,24.2
249060,24.0
249120,23.8
249180,24.2
249240,25.0
249300,24.6
249360,24.6
249420,24.6
249480,25.4
249540,24.8
249600,24.0
249660,23.8
249720,23.6
249780,22.2
249840,23.4
249900,24.8
249960,25.4
250020,24.6
250080,23.2
250140,25.4
250200,24.0
250260,24.2
250320,24.8
250380,24.2
250440,22.4
250500,22.6
250560,24.2
250620,23.8
250680,23.6
250740,23.2
250800,22.8
250860,22.4
250920,23.4
250980,22.8
251040,22.0
251100,22.4
251160,22.2
251220,22.4
251280,23.2
251340,24.2
251400,23.4
251460,23.0
251520,24.6
251580,22.8
251640,24.2
251700,24.4
251760,22.4
251820,23.6
251880,24.2
251940,23.2
252000,24.2
252060,23.8
252120,23.4
252180,23.4
252240,24.0
252300,23.2
252360,23.2
252420,22.6
252480,24.4
252540,24.0
252600,22.6
252660,22.2
252720,23.4
252780,23.8
252840,21.6
252900,20.6
252960,22.4
253020,24.4
253080,24.4
253140,21.6
253200,22.0
253260,22.2
253320,22.4
253380,23.8
253440,23.4
253500,24.8
253560,24.2
253620,24.6
253680,24.2
253740,22.2
253800,24.4
253860,25.4
253920,25.0
253980,24.6
254040,24.6
254100,24.2
254160,24.8
254220,25.2
254280,24.0
254340,24.4
254400,25.0
254460,24.6
254520,23.6
254580,25.4
254640,22.0
254700,24.2
254760,24.2
254820,22.8
254880,24.0
254940,23.8
255000,21.6
255060,24.8
255120,24.6
255180,23.4
255240,23.8
255300,23.4
255360,24.2
255420,23.0
255480,23.8
255540,23.4
255600,24.8
255660,23.6
255720,24.0
255780,23.6
255840,26.2
255900,23.6
255960,25.0
256020,23.0
256080,25.6
256140,24.8
256200,23.4
256260,24.4
256320,24.4
256380,24.6
256440,22.4
256500,23.6
256560,25.0
256620,22.8
256680,25.4
256740,24.6
256800,24.2
256860,26.4
256920,23.2
256980,23.6
257040,23.0
257100,25.0
257160,23.0
257220,24.6
257280,24.8
257340,24.8
257400,25.4
257460,25.6
257520,25.2
257580,24.2
257640,24.2
257700,24.4
257760,25.4
257820,23.8
257880,25.2
257940,23.2
258000,24.8
258060,25.6
258120,26.4
258180,24.6
258240,23.6
258300,25.0
258360,24.6
258420,24.8
258480,24.6
258540,24.2
258600,24.4
258660,26.8
258720,26.6
258780,23.8
258840,25.0
258900,24.6
258960,23.4
259020,24.4
259080,24.6
259140,23.8
259200,24.6
259260,24.8
259320,23.2
259380,23.4
259440,22.8
259500,24.2
259560,24.6
259620,24.0
259680,24.4
259740,25.0
259800,23.0
259860,22.8
259920,22.8
259980,23.6
260040,25.6
260100,24.2
260160,23.6
260220,24.8
260280,22.8
260340,24.6
260400,23.2
260460,24.2
260520,23.8
260580,24.6
260640,23.0
260700,24.6
260760,24.6
260820,23.6
260880,24.6
260940,25.0
261000,24.0
261060,24.6
261120,24.6
261180,26.0
261240,24.4
261300,24.6
261360,24.6
261420,23.8
261480,24.2
261540,23.8
261600,24.8
261660,24.6
261720,23.8
261780,25.6
261840,25.2
261900,23.8
261960,25.8
262020,25.2
262080,26.4
262140,24.6
262200,24.4
262260,25.4
262320,23.8
262380,24.4
262440,25.0
262500,23.4
262560,25.0
262620,24.0
262680,24.6
262740,25.0
262800,24.0
262860,24.4
262920,23.8
262980,24.4
263040,24.6
263100,23.6
263160,23.6
263220,24.6
263280,23.4
263340,22.8
263400,23.0
263460,22.2
263520,23.4
263580,23.4
263640,24.4
263700,24.6
263760,23.4
263820,23.4
263880,24.4
263940,22.8
264000,22.8
264060,23.4
264120,22.8
264180,24.0
264240,23.2
264300,23.8
264360,23.6
264420,24.6
264480,25.4
264540,25.2
264600,25.2
264660,23.0
264720,25.6
264780,24.6
264840,24.0
264900,25.4
264960,25.6
265020,25.0
265080,25.8
265140,25.2
265200,25.4
265260,24.8
265320,25.0
265380,26.0
265440,24.0
265500,25.2
265560,25.2
265620,24.6
265680,27.2
265740,24.4
265800,24.0
265860,25.6
265920,24.6
265980,25.8
266040,23.2
266100,24.6
266160,25.0
266220,24.8
266280,24.4
266340,26.8
266400,25.0
266460,24.6
266520,24.4
266580,25.6
266640,25.0
266700,25.6
266760,27.6
266820,25.2
266880,25.0
266940,24.8
267000,24.2
267060,25.2
267120,25.2
267180,25.0
267240,24.6
267300,25.8
267360,26.0
267420,24.4
267480,23.6
267540,23.4
267600,24.8
267660,23.0
267720,25.8
267780,25.2
267840,24.8
267900,25.2
267960,26.0
268020,24.2
268080,22.8
268140,25.0
268200,22.6
268260,23.2
268320,24.2
268380,23.2
268440,24.4
268500,25.6
268560,23.6
268620,25.0
268680,23.6
268740,25.0
268800,25.2
268860,24.0
268920,24.0
268980,25.2
269040,25.6
269100,24.4
269160,24.0
269220,23.8
269280,23.8
269340,23.8
269400,24.0
269460,24.2
269520,24.6
269580,25.4
269640,22.4
269700,25.8
269760,25.6
269820,23.6
269880,22.6
269940,23.6
270000,24.4
270060,23.6
270120,23.8
270180,24.8
270240,22.8
270300,24.4
270360,23.6
270420,25.4
270480,24.0
270540,25.6
270600,22.8
270660,25.2
270720,25.2
270780,23.6
270840,24.0
270900,24.4
270960,24.0
271020,24.4
271080,24.8
271140,23.8
271200,24.4
271260,25.6
271320,25.6
271380,24.8
271440,24.0
271500,23.8
271560,24.0
271620,24.4
271680,24.4
271740,23.4
271800,25.8
271860,24.8
271920,24.2
271980,24.2
272040,24.2
272100,23.6
272160,25.2
272220,24.2
272280,24.2
272340,24.8
272400,26.2
272460,25.6
272520,23.6
272580,24.0
272640,24.6
272700,25.0
272760,26.2
272820,24.8
272880,24.6
272940,24.6
273000,25.4
273060,24.4
273120,24.4
273180,24.6
273240,23.8
273300,24.6
273360,24.8
273420,24.0
273480,26.2
273540,24.4
273600,25.2
273660,25.4
273720,24.6
273780,24.8
273840,25.0
273900,25.0
273960,25.4
274020,24.0
274080,24.4
274140,24.0
274200,23.6
274260,23.6
274320,22.8
274380,25.6
274440,22.8
274500,24.2
274560,23.4
274620,24.8
274680,25.2
274740,23.4
274800,24.2
274860,24.2
274920,23.8
274980,24.4
275040,24.2
275100,23.6
275160,22.8
275220,25.0
275280,24.6
275340,23.8
275400,26.0
275460,26.0
275520,24.2
275580,24.8
275640,24.0
275700,25.8
275760,23.6
275820,24.0
275880,23.6
275940,25.8
276000,24.4
276060,24.0
276120,24.8
276180,24.4
276240,25.8
276300,25.2
276360,24.6
276420,24.2
276480,24.4
276540,25.8
276600,24.0
276660,24.8
276720,24.0
276780,25.0
276840,25.2
276900,24.4
276960,26.2
277020,24.2
277080,25.4
277140,24.6
277200,25.6
277260,24.8
277320,27.4
277380,23.8
277440,25.0
277500,25.4
277560,24.0
277620,23.6
277680,24.8
277740,25.8
277800,24.8
277860,26.2
277920,25.2
277980,24.4
278040,24.0
278100,25.2
278160,24.8
278220,25.8
278280,25.2
278340,23.2
278400,25.2
278460,25.4
278520,24.6
278580,23.4
278640,25.0
278700,23.2
278760,23.4
278820,24.8
278880,24.2
278940,23.6
279000,25.0
279060,24.2
279120,24.8
279180,23.0
279240,26.2
279300,23.4
279360,25.2
279420,26.4
279480,23.8
279540,25.2
279600,22.2
279660,24.4
279720,25.4
279780,24.8
279840,24.2
279900,24.2
279960,24.6
280020,23.0
280080,23.8
280140,23.6
280200,25.0
280260,25.0
280320,25.0
280380,23.8
280440,24.4
280500,24.2
280560,23.2
280620,23.4
280680,24.0
280740,23.4
280800,23.6
280860,24.0
280920,25.0
280980,24.4
281040,22.8
281100,24.6
281160,23.8
281220,23.0
281280,23.0
281340,24.2
281400,21.6
281460,22.6
281520,22.8
281580,22.2
281640,22.6
281700,23.4
281760,22.8
281820,23.6
281880,22.0
281940,23.4
282000,22.6
282060,23.2
282120,22.0
282180,23.0
282240,23.0
282300,24.2
282360,23.4
282420,22.8
282480,24.2
282540,23.0
282600,23.8
282660,24.6
282720,24.6
282780,24.8
282840,22.8
282900,24.8
282960,22.2
283020,25.6
283080,23.4
283140,24.8
283200,24.0
283260,24.6
283320,24.0
283380,24.8
283440,25.0
283500,23.0
283560,23.8
283620,24.4
283680,23.2
283740,23.0
283800,23.2
283860,23.8
283920,23.8
283980,24.0
284040,23.8
284100,23.6
284160,23.8
284220,25.8
284280,24.4
284340,25.6
284400,24.2
284460,24.8
284520,25.0
284580,25.4
284640,23.4
284700,23.4
284760,24.2
284820,25.0
284880,22.8
284940,23.4
285000,24.0
285060,23.8
285120,24.6
285180,22.6
285240,24.4
285300,23.8
285360,23.8
285420,24.2
285480,23.8
285540,23.8
285600,24.0
285660,25.4
285720,24.4
285780,25.6
285840,23.6
285900,24.4
285960,23.6
286020,24.2
286080,23.2
286140,24.4
286200,24.6
286260,25.0
286320,25.4
286380,25.0
286440,24.4
286500,23.4
286560,24.2
286620,22.4
286680,24.2
286740,24.4
286800,22.8
286860,25.8
286920,23.8
286980,22.6
287040,23.8
287100,23.6
287160,23.2
287220,24.6
287280,23.6
287340,25.2
287400,24.4
287460,25.2
287520,23.2
287580,25.0
287640,23.0
287700,24.8
287760,25.2
287820,24.4
287880,24.2
287940,24.6
288000,24.8
288060,23.4
288120,23.2
288180,24.8
288240,23.8
288300,23.6
288360,23.2
288420,24.4
288480,24.4
288540,24.4
288600,24.4
288660,24.6
288720,23.4
288780,24.6
288840,23.2
288900,23.0
288960,23.6
289020,24.4
289080,24.0
289140,23.8
289200,25.2
289260,24.2
289320,24.4
289380,24.2
289440,25.2
289500,24.8
289560,22.8
289620,23.4
289680,23.0
289740,24.4
289800,24.8
289860,27.2
289920,25.2
289980,24.0
290040,24.8
290100,25.6
290160,24.6
290220,26.0
290280,24.4
290340,24.4
290400,24.6
290460,24.4
290520,24.6
290580,25.4
290640,24.2
290700,24.2
290760,24.8
290820,23.4
290880,25.8
290940,23.8
291000,24.0
291060,24.0
291120,24.0
291180,25.6
291240,25.8
291300,24.6
291360,25.0
291420,24.4
291480,25.8
291540,24.0
291600,23.8
291660,24.2
291720,24.6
291780,25.6
291840,26.2
291900,26.0
291960,24.2
292020,25.6
292080,23.8
292140,25.8
292200,25.6
292260,25.8
292320,26.4
292380,24.2
292440,25.6
292500,25.2
292560,24.6
292620,25.0
292680,24.8
292740,24.8
292800,27.0
292860,25.8
292920,25.2
292980,24.2
293040,23.6
293100,23.8
293160,22.8
293220,24.8
293280,24.2
293340,25.6
293400,24.6
293460,24.8
293520,25.0
293580,24.8
293640,25.0
293700,25.2
293760,24.8
293820,24.0
293880,22.8
293940,24.8
294000,25.0
294060,25.4
294120,24.6
294180,23.4
294240,24.6
294300,25.0
294360,25.0
294420,24.0
294480,23.6
294540,24.2
294600,23.8
294660,25.0
294720,23.8
294780,24.6
294840,24.4
294900,25.2
294960,23.8
295020,22.8
295080,23.4
295140,24.4
295200,24.6
295260,23.6
295320,22.6
295380,23.4
295440,24.8
295500,23.4
295560,23.8
295620,23.8
295680,23.6
295740,24.4
295800,25.2
295860,24.6
295920,23.8
295980,23.0
296040,23.8
296100,23.4
296160,22.4
296220,24.2
296280,23.6
296340,23.4
296400,25.2
296460,23.8
296520,23.4
296580,24.0
296640,23.8
296700,23.4
296760,24.0
296820,25.2
296880,23.4
296940,22.6
297000,24.0
297060,23.2
297120,24.8
297180,23.8
297240,23.4
297300,24.0
297360,24.6
297420,23.6
297480,25.4
297540,24.0
297600,23.6
297660,25.8
297720,24.0
297780,24.4
297840,24.2
297900,24.6
297960,24.4
298020,24.4
298080,25.2
298140,25.4
298200,23.8
298260,24.2
298320,25.2
298380,25.4
298440,24.0
298500,26.0
298560,24.8
298620,25.0
298680,24.0
298740,25.0
298800,24.4
298860,24.4
298920,23.8
298980,24.8
299040,24.4
299100,25.2
299160,25.2
299220,25.6
299280,24.4
299340,25.8
299400,25.4
299460,25.0
299520,24.4
299580,24.4
299640,24.0
299700,24.4
299760,25.0
299820,24.4
299880,26.4
299940,23.0
300000,24.8
300060,24.2
300120,24.2
300180,24.6
300240,23.8
300300,25.0
300360,24.6
300420,24.6
300480,26.2
300540,24.4
300600,24.0
300660,24.0
300720,23.8
300780,24.2
300840,23.8
300900,22.4
300960,23.6
301020,24.2
301080,24.2
301140,24.8
301200,24.6
301260,23.0
301320,23.8
301380,23.6
301440,22.2
301500,24.4
301560,23.2
301620,23.8
301680,25.2
301740,22.2
301800,23.2
301860,22.6
301920,24.0
301980,24.6
302040,22.8
302100,23.6
302160,23.6
302220,23.6
302280,21.8
302340,23.4
302400,22.2
302460,21.8
302520,23.2
302580,22.4
302640,22.4
302700,22.0
302760,22.6
302820,24.8
302880,23.8
302940,21.8
303000,24.2
303060,24.4
303120,25.0
303180,23.6
303240,24.6
303300,25.4
303360,24.4
303420,23.6
303480,24.2
303540,24.6
303600,24.6
303660,22.6
303720,23.2
303780,24.4
303840,21.8
303900,23.4
303960,23.0
304020,23.4
304080,22.8
304140,23.8
304200,23.0
304260,22.0
304320,23.0
304380,21.8
304440,23.8
304500,21.8
304560,22.0
304620,22.8
304680,23.4
304740,22.4
304800,22.8
304860,23.4
304920,23.6
304980,25.4
305040,23.0
305100,23.4
305160,23.4
305220,23.6
305280,22.8
305340,23.6
305400,23.4
305460,24.4
305520,23.4
305580,24.6
305640,23.2
305700,22.8
305760,25.4
305820,22.2
305880,23.6
305940,23.0
306000,24.0
306060,22.8
306120,24.2
306180,23.0
306240,23.2
306300,24.6
306360,23.0
306420,22.8
306480,22.6
306540,23.8
306600,25.4
306660,24.6
306720,25.4
306780,23.8
306840,24.2
306900,23.6
306960,24.6
307020,24.8
307080,24.0
307140,23.8
307200,23.4
307260,25.8
307320,25.0
307380,25.0
307440,24.6
307500,23.8
307560,23.8
307620,22.8
307680,24.2
307740,24.0
307800,24.2
307860,25.2
307920,23.2
307980,22.4
308040,24.4
308100,25.2
308160,23.0
308220,24.4
308280,24.4
308340,23.8
308400,23.8
308460,24.4
308520,24.2
308580,23.4
308640,23.2
308700,24.4
308760,23.8
308820,23.6
308880,23.6
308940,23.8
309000,24.6
309060,24.0
309120,25.4
309180,23.6
309240,23.8
309300,25.0
309360,25.0
309420,23.2
309480,24.2
309540,24.6
309600,23.4
309660,25.2
309720,24.0
309780,23.4
309840,23.4
309900,22.2
309960,23.2
310020,23.8
310080,23.6
310140,23.6
310200,24.6
310260,23.0
310320,24.2
310380,23.4
310440,22.4
310500,24.8
310560,23.2
310620,23.8
310680,20.8
310740,22.8
310800,23.4
310860,23.6
310920,23.4
310980,22.8
311040,23.8
311100,24.6
311160,24.0
311220,24.0
311280,23.4
311340,23.2
311400,23.8
311460,25.0
311520,23.2
311580,23.4
311640,23.4
311700,23.8
311760,23.0
311820,22.6
311880,22.8
311940,22.6
312000,22.6
312060,22.8
312120,23.2
312180,23.0
312240,22.6
312300,22.6
312360,22.0
312420,22.8
312480,23.0
312540,23.8
312600,24.8
312660,23.6
312720,24.2
312780,23.2
312840,25.0
312900,22.2
312960,23.0
313020,23.6
313080,22.8
313140,22.0
313200,24.0
313260,24.2
313320,24.2
313380,22.4
313440,22.6
313500,22.6
313560,23.6
313620,23.4
313680,23.0
313740,22.8
313800,22.8
313860,22.2
313920,23.4
313980,23.4
314040,24.6
314100,22.4
314160,24.0
314220,23.8
314280,22.8
314340,21.2
314400,25.6
314460,22.0
314520,21.8
314580,24.0
314640,22.8
314700,23.2
314760,23.4
314820,23.8
314880,22.4
314940,23.2
315000,25.0
315060,23.4
315120,23.0
315180,21.8
315240,23.2
315300,23.6
315360,23.2
315420,23.2
315480,23.4
315540,24.0
315600,23.0
315660,21.6
315720,22.8
315780,21.6
315840,23.6
315900,23.6
315960,22.2
316020,22.4
316080,24.0
316140,22.6
316200,25.0
316260,22.2
316320,23.6
316380,23.2
316440,24.6
316500,22.6
316560,24.0
316620,23.8
316680,25.6
316740,23.0
316800,23.2
316860,23.2
316920,24.4
316980,23.0
317040,23.2
317100,24.2
317160,24.2
317220,23.2
317280,22.6
317340,21.8
317400,22.0
317460,22.2
317520,23.8
317580,23.0
317640,23.8
317700,24.2
317760,22.8
317820,25.8
317880,24.4
317940,25.4
318000,24.8
318060,24.6
318120,24.8
318180,23.0
318240,24.2
318300,24.2
318360,24.2
318420,25.0
318480,22.8
318540,24.0
318600,25.2
318660,25.4
318720,26.2
318780,24.8
318840,24.4
318900,24.8
318960,24.4
319020,25.4
319080,23.2
319140,23.0
319200,24.4
319260,23.0
319320,25.4
319380,22.8
319440,24.6
319500,23.4
319560,24.4
319620,24.2
319680,24.4
319740,23.8
319800,24.4
319860,24.6
319920,24.4
319980,23.8
320040,24.6
320100,26.0
320160,24.4
320220,24.4
320280,24.8
320340,23.4
320400,23.6
320460,23.2
320520,22.6
320580,24.8
320640,23.6
320700,23.8
320760,23.8
320820,24.2
320880,23.6
320940,22.4
321000,22.6
321060,23.0
321120,24.4
321180,25.4
321240,23.0
321300,24.8
321360,23.8
321420,25.2
321480,23.0
321540,24.0
321600,23.8
321660,23.8
321720,22.4
321780,23.2
321840,25.2
321900,22.8
321960,24.2
322020,23.2
322080,23.4
322140,22.6
322200,23.2
322260,23.6
322320,23.8
322380,25.2
322440,23.2
322500,23.0
322560,25.0
322620,24.4
322680,23.6
322740,23.6
322800,23.0
322860,23.0
322920,23.0
322980,24.2
323040,23.6
323100,24.4
323160,22.0
323220,22.0
323280,23.2
323340,23.2
323400,23.8
323460,24.2
323520,23.2
323580,23.0
323640,23.4
323700,22.8
323760,23.2
323820,22.4
323880,22.0
323940,22.4
324000,23.4
324060,24.0
324120,22.2
324180,24.0
324240,24.2
324300,22.4
324360,24.2
324420,24.0
324480,23.6
324540,23.6
324600,23.2
324660,24.0
324720,24.2
324780,23.6
324840,25.2
324900,24.4
324960,25.2
325020,24.6
325080,25.4
325140,23.8
325200,25.0
325260,24.0
325320,24.4
325380,25.0
325440,24.6
325500,25.4
325560,24.6
325620,24.8
325680,24.2
325740,23.8
325800,24.0
325860,23.6
325920,24.6
325980,25.0
326040,24.6
326100,24.6
326160,24.4
326220,25.4
326280,24.6
326340,25.2
326400,24.8
326460,24.0
326520,23.8
326580,25.2
326640,24.2
326700,23.4
326760,24.2
326820,23.8
326880,23.8
326940,24.8
327000,25.6
327060,26.2
327120,25.0
327180,25.4
327240,25.2
327300,23.6
327360,25.0
327420,24.2
327480,24.4
327540,24.4
327600,24.8
327660,24.8
327720,25.6
327780,24.2
327840,25.8
327900,24.0
327960,25.8
328020,24.2
328080,23.8
328140,24.0
328200,25.8
328260,24.4
328320,24.2
328380,24.4
328440,25.2
328500,24.2
328560,24.6
328620,25.2
328680,23.8
328740,23.4
328800,25.2
328860,23.4
328920,24.2
328980,24.8
329040,25.0
329100,24.0
329160,24.6
329220,24.2
329280,24.6
329340,24.2
329400,22.8
329460,25.0
329520,24.4
329580,22.4
329640,26.0
329700,25.0
329760,23.8
329820,23.2
329880,24.2
329940,25.6
330000,26.0
330060,24.6
330120,23.4
330180,24.6
330240,24.2
330300,26.2
330360,26.2
330420,25.2
330480,23.2
330540,27.2
330600,24.4
330660,24.2
330720,23.0
330780,23.2
330840,23.6
330900,23.4
330960,24.6
331020,24.8
331080,25.8
331140,26.8
331200,23.4
331260,24.0
331320,24.6
331380,24.2
331440,24.2
331500,23.2
331560,23.8
331620,23.4
331680,25.4
331740,24.6
331800,24.0
331860,23.2
331920,23.2
331980,25.0
332040,24.4
332100,25.0
332160,23.6
332220,24.0
332280,24.8
332340,25.2
332400,24.0
332460,24.2
332520,24.0
332580,24.0
332640,24.8
332700,25.4
332760,25.0
332820,25.4
332880,24.8
332940,23.0
333000,23.0
333060,23.8
333120,22.8
333180,25.0
333240,24.8
333300,23.8
333360,24.6
333420,23.2
333480,23.4
333540,24.0
333600,24.8
333660,24.6
333720,24.4
333780,24.6
333840,23.8
333900,23.0
333960,24.2
334020,24.0
334080,23.2
334140,25.0
334200,24.0
334260,23.4
334320,22.8
334380,23.2
334440,25.4
334500,23.4
334560,23.4
334620,25.0
334680,23.8
334740,23.6
334800,24.2
334860,24.6
334920,23.6
334980,24.2
335040,25.2
335100,23.8
335160,24.8
335220,23.6
335280,23.2
335340,26.0
335400,25.0
335460,24.0
335520,24.4
335580,24.4
335640,25.4
335700,23.0
335760,24.8
335820,24.2
335880,23.8
335940,24.4
336000,24.0
336060,23.6
336120,24.2
336180,25.4
336240,23.6
336300,23.4
336360,23.8
336420,23.8
336480,22.4
336540,24.2
336600,23.0
336660,23.6
336720,22.8
336780,24.0
336840,22.6
336900,24.0
336960,22.4
337020,22.6
337080,23.0
337140,22.8
337200,21.0
337260,22.0
337320,23.6
337380,22.4
337440,24.0
337500,22.6
337560,21.8
337620,24.0
337680,21.8
337740,21.2
337800,23.0
337860,23.6
337920,23.6
337980,22.8
338040,22.0
338100,21.8
338160,22.2
338220,22.8
338280,24.4
338340,22.0
338400,23.6
338460,22.8
338520,20.4
338580,21.8
338640,22.0
338700,21.4
338760,22.8
338820,23.6
338880,22.0
338940,22.8
339000,21.8
339060,22.2
339120,21.6
339180,22.8
339240,22.8
339300,21.8
339360,23.2
339420,22.4
339480,22.0
339540,23.4
339600,23.6
339660,23.4
339720,22.6
339780,24.0
339840,23.2
339900,22.0
339960,22.6
340020,24.8
340080,22.4
340140,25.0
340200,24.2
340260,23.6
340320,24.8
340380,23.6
340440,23.8
340500,23.2
340560,23.4
340620,23.8
340680,24.6
340740,23.6
340800,24.0
340860,24.2
340920,24.2
340980,24.0
341040,25.2
341100,22.0
341160,23.6
341220,24.4
341280,23.8
341340,24.2
341400,23.2
341460,24.8
341520,24.2
341580,22.8
341640,22.0
341700,23.2
341760,22.6
341820,22.6
341880,23.6
341940,22.6
342000,22.8
342060,24.2
342120,22.6
342180,22.2
342240,22.4
342300,21.6
342360,22.0
342420,23.0
342480,22.8
342540,21.8
342600,22.8
342660,21.2
342720,22.2
342780,23.8
342840,22.6
342900,24.6
342960,21.8
343020,26.0
343080,24.4
343140,24.0
343200,25.2
343260,24.2
343320,23.8
343380,24.0
343440,25.2
343500,25.0
343560,24.0
343620,24.4
343680,24.4
343740,23.8
343800,26.8
343860,24.2
343920,24.6
343980,25.4
344040,25.0
344100,24.2
344160,24.6
344220,24.8
344280,23.8
344340,25.6
344400,24.0
344460,24.0
344520,25.4
344580,25.2
344640,24.6
344700,24.6
344760,24.6
344820,25.2
344880,25.4
344940,25.4
345000,24.6
345060,25.0
345120,25.4
345180,24.6
345240,26.2
345300,23.6
345360,25.4
345420,26.0
345480,24.4
345540,22.8
345600,25.4
345660,25.2
345720,25.8
345780,25.6
345840,25.6
345900,24.6
345960,24.6
346020,25.2
346080,25.4
346140,25.8
346200,22.8
346260,25.4
346320,23.2
346380,25.2
346440,23.8
346500,25.4
346560,24.6
346620,25.2
346680,24.4
346740,25.0
346800,25.2
346860,25.0
346920,25.0
346980,24.4
347040,25.6
347100,25.8
347160,25.4
347220,24.2
347280,24.4
347340,25.4
347400,24.8
347460,25.6
347520,26.2
347580,24.4
347640,25.0
347700,23.8
347760,24.4
347820,24.2
347880,25.4
347940,26.2
348000,24.8
348060,24.6
348120,26.0
348180,26.2
348240,26.4
348300,25.2
348360,24.4
348420,23.4
348480,25.4
348540,25.8
348600,27.8
348660,26.0
348720,27.0
348780,24.4
348840,25.0
348900,25.6
348960,24.8
349020,25.0
349080,24.2
349140,26.2
349200,24.6
349260,24.6
349320,24.6
349380,25.8
349440,24.0
349500,24.8
349560,22.8
349620,24.8
349680,23.2
349740,26.2
349800,25.6
349860,26.4
349920,25.2
349980,23.8
350040,25.8
350100,24.0
350160,26.2
350220,27.0
350280,26.2
350340,25.2
350400,23.4
350460,25.6
350520,25.6
350580,24.6
350640,24.8
350700,25.2
350760,24.6
350820,24.4
350880,23.4
350940,24.2
351000,25.4
351060,25.0
351120,24.2
351180,24.0
351240,26.2
351300,23.6
351360,24.4
351420,25.4
351480,24.4
351540,24.8
351600,25.0
351660,25.8
351720,25.6
351780,24.4
351840,24.2
351900,25.8
351960,25.6
352020,24.2
352080,24.8
352140,24.2
352200,25.8
352260,25.0
352320,26.0
352380,26.4
352440,25.8
352500,25.4
352560,26.0
352620,25.4
352680,25.0
352740,25.8
352800,23.4
352860,24.8
352920,23.2
352980,23.6
353040,25.6
353100,24.4
353160,23.6
353220,24.0
353280,24.6
353340,24.8
353400,25.4
353460,25.2
353520,25.4
353580,24.8
353640,25.0
353700,24.2
353760,23.4
353820,24.4
353880,24.2
353940,24.6
354000,26.4
354060,24.6
354120,24.6
354180,25.0
354240,24.8
354300,26.2
354360,24.0
354420,24.0
354480,26.0
354540,25.2
354600,25.6
354660,24.0
354720,24.6
354780,23.2
354840,25.4
354900,23.0
354960,25.2
355020,24.2
355080,25.6
355140,26.0
355200,25.4
355260,25.4
355320,25.6
355380,24.2
355440,25.6
355500,25.4
355560,24.2
355620,22.8
355680,25.8
355740,25.4
355800,23.0
355860,24.6
355920,23.0
355980,26.0
356040,25.6
356100,26.2
356160,24.6
356220,24.4
356280,23.6
356340,24.6
356400,24.0
356460,24.0
356520,24.4
356580,24.0
356640,25.8
356700,25.2
356760,25.4
356820,23.8
356880,25.6
356940,24.8
357000,24.2
357060,23.6
357120,24.4
357180,23.4
357240,22.8
357300,23.0
357360,24.4
357420,23.2
357480,25.2
357540,25.8
357600,24.0
357660,23.8
357720,25.2
357780,23.8
357840,24.0
357900,23.8
357960,22.6
358020,23.0
358080,24.0
358140,24.0
358200,23.4
358260,23.8
358320,23.8
358380,22.8
358440,23.6
358500,22.8
358560,24.0
358620,24.0
358680,23.4
358740,23.2
358800,24.4
358860,22.6
358920,24.2
358980,24.2
359040,23.2
359100,24.8
359160,23.4
359220,23.0
359280,22.4
359340,21.2
359400,23.0
359460,22.8
359520,22.4
359580,22.4
359640,22.8
359700,24.0
359760,23.8
359820,23.4
359880,23.6
359940,21.8
360000,23.6
