#Steps,score
60,1.4
120,1.4
180,1.8
240,1.0
300,0.6
360,0.4
420,0.6
480,1.2
540,0.4
600,1.2
660,0.0
720,1.0
780,0.6
840,0.8
900,0.4
960,1.6
1020,1.6
1080,1.0
1140,1.2
1200,0.8
1260,1.4
1320,0.8
1380,0.8
1440,1.0
1500,1.8
1560,1.4
1620,1.2
1680,1.2
1740,1.6
1800,1.6
1860,1.0
1920,1.6
1980,0.4
2040,0.8
2100,1.2
2160,0.6
2220,1.4
2280,1.8
2340,1.0
2400,1.0
2460,1.0
2520,0.4
2580,0.6
2640,1.2
2700,1.2
2760,0.8
2820,1.0
2880,0.8
2940,1.6
3000,0.8
3060,1.6
3120,1.0
3180,0.8
3240,1.0
3300,1.0
3360,0.8
3420,0.6
3480,1.0
3540,1.2
3600,0.4
3660,0.8
3720,0.8
3780,1.6
3840,2.4
3900,0.8
3960,1.2
4020,0.8
4080,1.6
4140,0.6
4200,0.4
4260,1.6
4320,1.8
4380,1.2
4440,1.4
4500,1.2
4560,1.4
4620,1.6
4680,1.0
4740,1.0
4800,1.2
4860,1.4
4920,1.0
4980,1.4
5040,1.2
5100,1.4
5160,0.8
5220,0.6
5280,1.0
5340,1.4
5400,1.4
5460,1.2
5520,0.8
5580,0.6
5640,2.2
5700,0.8
5760,1.0
5820,1.4
5880,1.6
5940,1.4
6000,1.4
6060,0.6
6120,1.4
6180,1.8
6240,0.4
6300,1.2
6360,0.6
6420,0.6
6480,1.2
6540,2.0
6600,1.6
6660,1.8
6720,0.8
6780,0.6
6840,2.4
6900,0.8
6960,1.0
7020,1.6
7080,1.8
7140,0.8
7200,1.0
7260,1.2
7320,1.0
7380,1.6
7440,1.4
7500,1.2
7560,2.0
7620,2.2
7680,1.4
7740,0.8
7800,0.6
7860,1.0
7920,1.6
7980,0.6
8040,0.6
8100,1.6
8160,0.2
8220,1.8
8280,1.4
8340,0.8
8400,0.4
8460,0.6
8520,1.0
8580,1.0
8640,0.6
8700,1.2
8760,0.8
8820,0.6
8880,1.2
8940,1.2
9000,0.6
9060,1.4
9120,1.2
9180,0.2
9240,1.4
9300,0.8
9360,1.6
9420,1.2
9480,0.6
9540,0.4
9600,1.2
9660,1.2
9720,1.0
9780,2.0
9840,0.8
9900,2.0
9960,1.0
10020,0.8
10080,0.4
10140,2.0
10200,1.4
10260,0.8
10320,0.6
10380,1.8
10440,1.8
10500,1.0
10560,0.2
10620,0.2
10680,1.2
10740,1.0
10800,2.6
10860,0.6
10920,1.4
10980,0.6
11040,1.0
11100,2.2
11160,0.8
11220,1.0
11280,1.6
11340,1.0
11400,0.6
11460,1.0
11520,1.2
11580,1.6
11640,0.8
11700,1.8
11760,0.6
11820,2.2
11880,0.4
11940,2.0
12000,1.2
12060,1.8
12120,0.8
12180,1.0
12240,0.8
12300,1.6
12360,1.2
12420,1.6
12480,2.0
12540,1.6
12600,1.4
12660,1.0
12720,1.2
12780,0.6
12840,1.6
12900,0.8
12960,1.2
13020,1.6
13080,1.4
13140,0.8
13200,1.6
13260,0.8
13320,1.6
13380,1.0
13440,1.2
13500,0.6
13560,1.6
13620,1.0
13680,1.0
13740,1.4
13800,0.8
13860,1.6
13920,0.8
13980,0.6
14040,1.4
14100,0.6
14160,1.2
14220,1.8
14280,0.6
14340,1.0
14400,1.0
14460,0.4
14520,1.2
14580,0.8
14640,0.6
14700,0.8
14760,1.6
14820,1.2
14880,0.8
14940,1.6
15000,0.6
15060,1.2
15120,1.4
15180,1.0
15240,2.0
15300,0.6
15360,0.6
15420,0.8
15480,1.8
15540,2.2
15600,1.6
15660,1.8
15720,0.8
15780,2.0
15840,0.8
15900,1.0
15960,0.8
16020,1.4
16080,1.0
16140,1.4
16200,1.8
16260,1.0
16320,1.0
16380,1.0
16440,1.4
16500,1.8
16560,0.4
16620,1.2
16680,1.2
16740,3.0
16800,1.6
16860,1.4
16920,1.8
16980,2.6
17040,0.6
17100,0.2
17160,1.0
17220,1.8
17280,1.4
17340,1.4
17400,0.6
17460,1.0
17520,1.0
17580,0.4
17640,0.8
17700,0.8
17760,2.2
17820,0.8
17880,1.0
17940,1.0
18000,1.0
18060,1.2
18120,1.6
18180,2.0
18240,0.4
18300,1.0
18360,1.2
18420,1.2
18480,1.8
18540,0.8
18600,0.4
18660,0.8
18720,1.0
18780,1.2
18840,2.6
18900,1.2
18960,1.4
19020,1.0
19080,1.2
19140,1.4
19200,1.4
19260,1.0
19320,0.8
19380,1.2
19440,0.6
19500,1.4
19560,1.6
19620,0.6
19680,1.6
19740,1.4
19800,0.8
19860,1.4
19920,1.0
19980,1.4
20040,1.4
20100,1.2
20160,0.2
20220,0.8
20280,1.2
20340,1.4
20400,1.6
20460,1.0
20520,1.0
20580,1.0
20640,1.0
20700,1.2
20760,1.0
20820,1.0
20880,0.8
20940,1.6
21000,1.6
21060,1.8
21120,1.4
21180,1.2
21240,1.4
21300,1.2
21360,0.6
21420,1.0
21480,0.0
21540,1.2
21600,0.4
21660,0.8
21720,1.4
21780,1.0
21840,1.6
21900,1.0
21960,1.6
22020,0.8
22080,1.2
22140,1.0
22200,1.4
22260,1.6
22320,1.4
22380,0.8
22440,0.4
22500,1.4
22560,0.6
22620,2.0
22680,0.8
22740,1.0
22800,0.8
22860,2.4
22920,1.8
22980,1.2
23040,1.0
23100,1.2
23160,1.8
23220,2.4
23280,1.6
23340,0.0
23400,1.4
23460,1.4
23520,1.6
23580,2.0
23640,1.8
23700,2.0
23760,1.0
23820,1.0
23880,1.2
23940,0.4
24000,1.6
24060,2.0
24120,0.8
24180,1.8
24240,1.0
24300,1.0
24360,1.2
24420,0.8
24480,1.0
24540,1.2
24600,0.8
24660,1.0
24720,1.4
24780,1.6
24840,1.0
24900,1.6
24960,0.0
25020,1.2
25080,1.6
25140,1.2
25200,1.4
25260,1.0
25320,1.2
25380,1.2
25440,1.6
25500,1.8
25560,1.4
25620,0.8
25680,1.4
25740,1.4
25800,1.4
25860,1.6
25920,1.2
25980,1.4
26040,1.0
26100,1.4
26160,0.8
26220,1.2
26280,1.4
26340,1.6
26400,1.8
26460,1.6
26520,0.6
26580,1.6
26640,1.4
26700,0.6
26760,0.4
26820,0.6
26880,1.2
26940,1.0
27000,1.2
27060,2.0
27120,2.2
27180,1.6
27240,0.8
27300,1.0
27360,0.6
27420,1.2
27480,0.8
27540,1.8
27600,1.2
27660,0.8
27720,1.2
27780,1.6
27840,1.2
27900,1.2
27960,0.4
28020,1.2
28080,1.0
28140,1.4
28200,2.0
28260,1.2
28320,1.0
28380,1.4
28440,1.4
28500,0.8
28560,2.2
28620,1.0
28680,1.6
28740,1.4
28800,1.2
28860,1.6
28920,1.2
28980,2.0
29040,2.4
29100,1.0
29160,1.8
29220,1.4
29280,1.4
29340,1.4
29400,1.2
29460,0.4
29520,1.6
29580,1.4
29640,1.6
29700,2.0
29760,2.2
29820,1.2
29880,2.0
29940,1.6
30000,0.6
30060,0.8
30120,1.6
30180,0.4
30240,2.0
30300,1.0
30360,2.6
30420,0.6
30480,2.2
30540,2.0
30600,1.6
30660,0.8
30720,1.0
30780,1.4
30840,0.8
30900,1.6
30960,1.4
31020,1.8
31080,0.8
31140,1.0
31200,1.2
31260,1.0
31320,1.2
31380,1.2
31440,0.8
31500,2.0
31560,1.8
31620,1.4
31680,1.8
31740,1.0
31800,1.6
31860,1.4
31920,2.2
31980,0.8
32040,1.4
32100,1.2
32160,1.2
32220,2.0
32280,1.6
32340,1.8
32400,1.6
32460,0.8
32520,1.4
32580,1.2
32640,1.8
32700,0.8
32760,2.4
32820,0.4
32880,1.4
32940,1.2
33000,1.2
33060,1.6
33120,1.0
33180,1.4
33240,1.0
33300,1.0
33360,1.0
33420,1.0
33480,1.6
33540,1.4
33600,1.2
33660,2.2
33720,1.4
33780,1.0
33840,1.0
33900,2.0
33960,2.2
34020,0.8
34080,1.4
34140,1.2
34200,1.4
34260,0.4
34320,1.8
34380,2.0
34440,2.0
34500,0.8
34560,1.8
34620,1.4
34680,0.8
34740,1.2
34800,2.6
34860,2.0
34920,1.0
34980,1.2
35040,1.6
35100,1.4
35160,2.0
35220,1.6
35280,1.0
35340,1.0
35400,1.0
35460,1.0
35520,1.0
35580,1.6
35640,1.4
35700,1.4
35760,0.8
35820,1.2
35880,1.6
35940,0.8
36000,1.6
36060,2.0
36120,0.8
36180,1.6
36240,0.4
36300,2.2
36360,1.2
36420,1.6
36480,1.0
36540,1.2
36600,0.8
36660,1.8
36720,0.8
36780,0.2
36840,0.8
36900,1.8
36960,2.0
37020,1.4
37080,0.6
37140,0.6
37200,1.0
37260,1.4
37320,1.2
37380,0.8
37440,1.6
37500,1.2
37560,1.6
37620,1.0
37680,2.4
37740,1.2
37800,1.6
37860,1.2
37920,1.6
37980,1.4
38040,1.0
38100,1.6
38160,1.4
38220,1.6
38280,0.8
38340,1.4
38400,1.4
38460,1.0
38520,1.0
38580,1.6
38640,1.4
38700,1.4
38760,1.2
38820,1.4
38880,1.4
38940,1.0
39000,0.4
39060,0.4
39120,2.0
39180,0.6
39240,1.8
39300,1.2
39360,2.6
39420,1.2
39480,2.0
39540,1.8
39600,1.4
39660,2.4
39720,0.8
39780,1.2
39840,2.0
39900,1.8
39960,1.0
40020,0.8
40080,2.0
40140,1.2
40200,2.0
40260,0.4
40320,2.0
40380,0.8
40440,0.4
40500,1.2
40560,1.4
40620,1.8
40680,0.6
40740,1.6
40800,1.8
40860,0.6
40920,1.2
40980,0.2
41040,0.8
41100,0.8
41160,1.8
41220,2.2
41280,1.0
41340,1.2
41400,0.8
41460,1.0
41520,1.2
41580,1.8
41640,1.2
41700,0.6
41760,1.4
41820,1.6
41880,1.6
41940,1.0
42000,0.8
42060,0.8
42120,1.2
42180,1.2
42240,1.0
42300,1.4
42360,1.6
42420,1.0
42480,0.4
42540,1.0
42600,1.2
42660,1.2
42720,2.4
42780,1.2
42840,3.4
42900,0.2
42960,0.8
43020,1.4
43080,0.8
43140,0.8
43200,1.4
43260,1.4
43320,1.2
43380,1.6
43440,0.4
43500,0.4
43560,1.2
43620,1.2
43680,0.6
43740,1.8
43800,1.2
43860,0.6
43920,1.2
43980,1.0
44040,0.8
44100,0.4
44160,1.6
44220,1.0
44280,1.6
44340,1.6
44400,1.8
44460,0.8
44520,1.8
44580,0.8
44640,1.2
44700,1.2
44760,0.6
44820,2.0
44880,2.6
44940,1.2
45000,1.0
45060,3.2
45120,1.6
45180,1.2
45240,1.8
45300,1.2
45360,1.6
45420,1.6
45480,0.8
45540,1.2
45600,1.2
45660,2.0
45720,0.6
45780,1.0
45840,1.2
45900,1.6
45960,1.0
46020,1.2
46080,1.6
46140,0.8
46200,1.0
46260,1.6
46320,1.4
46380,0.6
46440,2.2
46500,2.2
46560,1.4
46620,1.8
46680,1.2
46740,2.0
46800,0.8
46860,1.8
46920,1.8
46980,1.2
47040,1.6
47100,1.4
47160,1.4
47220,0.6
47280,0.6
47340,0.6
47400,2.0
47460,1.8
47520,1.2
47580,2.0
47640,1.2
47700,2.6
47760,1.6
47820,0.4
47880,1.0
47940,1.4
48000,0.6
48060,1.0
48120,2.0
48180,0.8
48240,1.6
48300,0.8
48360,1.6
48420,1.2
48480,1.0
48540,2.2
48600,1.0
48660,1.6
48720,0.8
48780,1.4
48840,1.6
48900,1.8
48960,0.8
49020,1.2
49080,1.4
49140,1.6
49200,0.6
49260,1.6
49320,1.2
49380,1.6
49440,1.4
49500,1.4
49560,2.2
49620,1.6
49680,0.6
49740,1.6
49800,1.6
49860,1.0
49920,1.4
49980,2.2
50040,0.8
50100,1.6
50160,1.4
50220,1.0
50280,0.8
50340,1.4
50400,2.0
50460,1.4
50520,1.4
50580,1.2
50640,1.6
50700,1.0
50760,1.6
50820,1.2
50880,1.8
50940,1.4
51000,1.2
51060,1.4
51120,1.8
51180,1.6
51240,1.4
51300,2.0
51360,1.4
51420,2.0
51480,1.2
51540,1.2
51600,2.0
51660,1.4
51720,0.8
51780,1.6
51840,2.0
51900,1.0
51960,0.8
52020,0.8
52080,1.6
52140,1.4
52200,1.6
52260,1.6
52320,2.2
52380,2.0
52440,1.2
52500,1.8
52560,1.0
52620,1.6
52680,1.6
52740,1.6
52800,2.0
52860,1.4
52920,1.0
52980,0.6
53040,0.4
53100,1.2
53160,1.2
53220,0.8
53280,1.2
53340,1.2
53400,0.6
53460,2.2
53520,1.2
53580,1.0
53640,2.2
53700,2.4
53760,1.4
53820,1.8
53880,1.6
53940,2.2
54000,1.2
54060,2.4
54120,1.0
54180,0.8
54240,1.0
54300,0.6
54360,1.0
54420,1.0
54480,3.0
54540,2.0
54600,1.4
54660,1.2
54720,1.8
54780,1.2
54840,1.0
54900,1.4
54960,0.8
55020,2.0
55080,1.2
55140,0.8
55200,1.4
55260,2.2
55320,1.6
55380,1.6
55440,1.6
55500,0.8
55560,1.4
55620,1.6
55680,1.6
55740,1.8
55800,0.6
55860,1.4
55920,1.0
55980,0.8
56040,1.6
56100,1.8
56160,1.4
56220,0.8
56280,2.0
56340,1.0
56400,1.0
56460,1.4
56520,1.4
56580,1.2
56640,0.6
56700,1.6
56760,1.4
56820,1.6
56880,1.2
56940,2.0
57000,0.4
57060,1.0
57120,2.6
57180,1.6
57240,1.8
57300,1.0
57360,1.8
57420,1.8
57480,2.0
57540,1.0
57600,1.6
57660,2.4
57720,1.0
57780,0.8
57840,2.2
57900,1.6
57960,1.2
58020,1.8
58080,1.6
58140,1.8
58200,0.6
58260,2.0
58320,1.6
58380,1.0
58440,1.6
58500,1.8
58560,1.0
58620,2.2
58680,1.8
58740,1.8
58800,1.4
58860,1.2
58920,2.2
58980,1.6
59040,0.8
59100,1.0
59160,1.2
59220,1.4
59280,0.4
59340,1.0
59400,1.4
59460,2.0
59520,2.0
59580,1.4
59640,0.8
59700,1.0
59760,1.0
59820,1.8
59880,2.4
59940,2.0
60000,2.4
60060,1.2
60120,0.8
60180,0.8
60240,1.0
60300,0.8
60360,2.0
60420,1.0
60480,1.8
60540,1.4
60600,1.6
60660,1.0
60720,1.2
60780,2.4
60840,1.0
60900,2.4
60960,1.6
61020,2.0
61080,1.6
61140,2.2
61200,1.4
61260,1.6
61320,1.4
61380,2.0
61440,1.0
61500,2.6
61560,1.4
61620,1.2
61680,0.8
61740,1.2
61800,1.2
61860,1.2
61920,1.0
61980,1.0
62040,0.8
62100,1.4
62160,2.6
62220,0.8
62280,1.2
62340,1.0
62400,1.8
62460,1.2
62520,1.0
62580,1.0
62640,0.2
62700,2.0
62760,1.2
62820,1.4
62880,1.8
62940,0.8
63000,1.2
63060,1.2
63120,2.0
63180,1.2
63240,1.2
63300,2.2
63360,1.2
63420,1.4
63480,1.2
63540,1.4
63600,2.2
63660,2.0
63720,2.2
63780,1.6
63840,1.0
63900,1.4
63960,2.0
64020,1.0
64080,1.8
64140,1.6
64200,1.8
64260,1.4
64320,2.0
64380,0.8
64440,2.2
64500,0.8
64560,1.4
64620,0.6
64680,1.0
64740,1.6
64800,0.6
64860,2.0
64920,1.2
64980,1.0
65040,1.2
65100,2.8
65160,0.8
65220,1.0
65280,1.2
65340,2.2
65400,1.0
65460,1.2
65520,2.8
65580,1.6
65640,1.6
65700,1.2
65760,1.8
65820,1.0
65880,1.4
65940,1.2
66000,1.4
66060,1.4
66120,1.4
66180,1.6
66240,2.0
66300,1.6
66360,2.4
66420,1.0
66480,1.6
66540,0.8
66600,1.0
66660,1.8
66720,1.0
66780,0.4
66840,1.8
66900,1.6
66960,1.6
67020,1.6
67080,2.2
67140,0.6
67200,2.0
67260,1.6
67320,1.4
67380,1.8
67440,1.4
67500,1.2
67560,1.4
67620,1.2
67680,1.8
67740,1.2
67800,1.0
67860,1.2
67920,1.0
67980,0.8
68040,1.4
68100,1.4
68160,1.4
68220,0.8
68280,1.0
68340,2.2
68400,1.8
68460,1.4
68520,1.2
68580,1.2
68640,0.6
68700,1.2
68760,1.4
68820,0.6
68880,1.2
68940,1.0
69000,2.0
69060,0.8
69120,2.0
69180,1.6
69240,1.0
69300,0.6
69360,1.8
69420,2.2
69480,1.4
69540,1.8
69600,1.4
69660,1.0
69720,1.4
69780,0.6
69840,0.6
69900,1.4
69960,1.4
70020,1.8
70080,0.6
70140,1.6
70200,0.8
70260,1.8
70320,1.4
70380,1.8
70440,1.6
70500,0.8
70560,1.2
70620,1.0
70680,1.4
70740,1.6
70800,1.4
70860,1.0
70920,2.0
70980,0.8
71040,1.6
71100,1.0
71160,1.4
71220,3.0
71280,1.2
71340,2.0
71400,1.2
71460,1.8
71520,1.2
71580,2.0
71640,1.0
71700,2.2
71760,1.0
71820,0.8
71880,1.8
71940,1.6
72000,1.6
72060,2.0
72120,2.0
72180,1.0
72240,1.6
72300,2.6
72360,1.8
72420,1.2
72480,1.8
72540,1.6
72600,1.0
72660,2.0
72720,1.4
72780,2.0
72840,1.6
72900,1.2
72960,1.0
73020,1.2
73080,0.6
73140,0.8
73200,2.0
73260,1.8
73320,2.0
73380,2.0
73440,1.0
73500,2.0
73560,1.4
73620,2.8
73680,2.2
73740,1.8
73800,1.0
73860,1.8
73920,1.6
73980,1.2
74040,1.4
74100,1.0
74160,1.6
74220,2.2
74280,2.2
74340,1.8
74400,1.2
74460,1.4
74520,1.2
74580,1.4
74640,2.8
74700,1.0
74760,2.2
74820,1.2
74880,1.2
74940,2.0
75000,1.8
75060,1.2
75120,1.8
75180,1.8
75240,0.6
75300,2.0
75360,2.2
75420,2.0
75480,1.8
75540,1.8
75600,1.2
75660,0.6
75720,2.0
75780,0.6
75840,1.2
75900,1.6
75960,0.6
76020,1.2
76080,0.4
76140,1.0
76200,1.6
76260,1.8
76320,1.2
76380,1.8
76440,2.4
76500,0.4
76560,1.0
76620,2.2
76680,0.6
76740,0.6
76800,1.0
76860,1.0
76920,1.2
76980,0.4
77040,2.2
77100,0.4
77160,0.8
77220,1.0
77280,0.8
77340,0.8
77400,1.0
77460,2.0
77520,1.2
77580,1.0
77640,1.0
77700,1.6
77760,1.0
77820,2.0
77880,2.6
77940,1.0
78000,1.6
78060,0.8
78120,1.0
78180,1.8
78240,1.8
78300,2.2
78360,1.6
78420,2.2
78480,1.4
78540,0.8
78600,1.6
78660,1.2
78720,2.0
78780,0.8
78840,1.8
78900,1.6
78960,0.8
79020,1.8
79080,1.2
79140,1.2
79200,1.4
79260,0.8
79320,2.2
79380,1.0
79440,2.0
79500,2.8
79560,2.0
79620,0.4
79680,2.4
79740,1.4
79800,2.2
79860,1.6
79920,1.0
79980,1.2
80040,1.6
80100,1.0
80160,1.2
80220,1.6
80280,2.0
80340,1.2
80400,1.6
80460,1.4
80520,2.2
80580,1.4
80640,1.8
80700,2.2
80760,0.8
80820,1.4
80880,2.0
80940,0.6
81000,0.8
81060,2.4
81120,2.0
81180,2.8
81240,1.6
81300,1.4
81360,3.0
81420,2.2
81480,2.0
81540,1.0
81600,2.2
81660,2.2
81720,1.8
81780,1.4
81840,1.0
81900,2.2
81960,2.2
82020,1.4
82080,1.8
82140,2.0
82200,1.4
82260,1.2
82320,1.2
82380,2.6
82440,0.8
82500,2.4
82560,1.4
82620,1.8
82680,1.8
82740,1.2
82800,1.2
82860,2.2
82920,1.6
82980,2.0
83040,1.0
83100,1.0
83160,1.0
83220,1.2
83280,1.0
83340,0.8
83400,1.0
83460,1.8
83520,1.8
83580,1.0
83640,0.8
83700,0.8
83760,1.4
83820,1.0
83880,1.6
83940,2.8
84000,1.0
84060,1.0
84120,2.0
84180,1.8
84240,1.0
84300,0.8
84360,2.2
84420,2.0
84480,1.0
84540,0.8
84600,2.0
84660,1.4
84720,1.8
84780,1.0
84840,1.2
84900,1.6
84960,1.2
85020,1.8
85080,0.8
85140,0.4
85200,1.6
85260,1.4
85320,1.0
85380,2.4
85440,1.8
85500,1.6
85560,1.0
85620,1.4
85680,1.4
85740,1.4
85800,1.4
85860,1.4
85920,1.4
85980,1.4
86040,1.4
86100,1.0
86160,1.6
86220,0.4
86280,0.8
86340,1.8
86400,1.4
86460,1.8
86520,0.6
86580,0.8
86640,1.8
86700,1.6
86760,1.4
86820,2.8
86880,0.2
86940,1.0
87000,1.4
87060,1.8
87120,2.0
87180,1.0
87240,1.6
87300,1.0
87360,1.2
87420,1.8
87480,1.0
87540,1.0
87600,1.4
87660,1.6
87720,1.4
87780,2.4
87840,2.8
87900,0.8
87960,0.8
88020,1.8
88080,1.4
88140,2.2
88200,1.4
88260,1.6
88320,1.2
88380,1.0
88440,1.4
88500,1.4
88560,1.6
88620,1.0
88680,1.8
88740,1.6
88800,1.8
88860,1.6
88920,1.8
88980,1.2
89040,1.4
89100,2.0
89160,1.4
89220,3.2
89280,1.4
89340,1.8
89400,2.2
89460,1.6
89520,2.2
89580,2.0
89640,1.4
89700,1.4
89760,2.6
89820,1.4
89880,1.8
89940,0.6
90000,0.6
90060,1.6
90120,1.0
90180,1.0
90240,1.0
90300,2.0
90360,1.4
90420,1.0
90480,1.6
90540,1.0
90600,1.4
90660,1.6
90720,2.8
90780,1.8
90840,2.0
90900,1.2
90960,1.8
91020,2.0
91080,1.0
91140,2.2
91200,0.8
91260,1.0
91320,1.8
91380,1.8
91440,3.2
91500,0.6
91560,1.6
91620,1.2
91680,1.4
91740,2.4
91800,1.6
91860,2.4
91920,2.2
91980,2.0
92040,1.0
92100,2.0
92160,2.0
92220,2.2
92280,2.0
92340,1.2
92400,2.0
92460,2.2
92520,1.8
92580,1.6
92640,2.8
92700,1.6
92760,1.8
92820,1.6
92880,1.0
92940,1.8
93000,2.2
93060,2.6
93120,1.6
93180,3.4
93240,2.6
93300,2.6
93360,1.8
93420,1.2
93480,1.8
93540,2.8
93600,1.6
93660,2.4
93720,2.8
93780,1.8
93840,2.0
93900,1.6
93960,2.0
94020,2.6
94080,3.0
94140,2.8
94200,2.8
94260,3.0
94320,1.6
94380,2.4
94440,2.0
94500,4.4
94560,3.0
94620,2.4
94680,1.8
94740,3.2
94800,3.0
94860,3.2
94920,1.8
94980,1.6
95040,1.0
95100,1.8
95160,3.2
95220,2.4
95280,2.6
95340,3.2
95400,3.0
95460,3.0
95520,3.2
95580,2.4
95640,2.2
95700,2.2
95760,2.4
95820,3.4
95880,2.0
95940,3.2
96000,3.0
96060,2.6
96120,3.2
96180,1.8
96240,2.0
96300,3.6
96360,2.6
96420,2.4
96480,2.2
96540,4.2
96600,3.2
96660,5.2
96720,2.8
96780,1.8
96840,3.0
96900,4.2
96960,3.2
97020,4.6
97080,3.2
97140,4.6
97200,5.0
97260,4.2
97320,4.6
97380,2.6
97440,3.4
97500,3.2
97560,3.2
97620,2.8
97680,2.8
97740,2.0
97800,3.4
97860,3.8
97920,2.0
97980,4.2
98040,3.6
98100,3.0
98160,2.6
98220,3.8
98280,2.6
98340,2.4
98400,3.0
98460,2.4
98520,3.2
98580,2.6
98640,2.8
98700,3.0
98760,2.6
98820,3.0
98880,3.2
98940,3.6
99000,2.6
99060,2.6
99120,3.8
99180,3.8
99240,3.0
99300,2.4
99360,2.8
99420,2.4
99480,3.2
99540,2.0
99600,2.2
99660,3.0
99720,3.6
99780,3.2
99840,3.0
99900,3.4
99960,2.6
100020,4.0
100080,4.2
100140,5.0
100200,4.0
100260,3.4
100320,4.2
100380,3.6
100440,2.6
100500,2.2
100560,3.6
100620,4.6
100680,4.2
100740,4.8
100800,4.4
100860,4.4
100920,4.8
100980,4.8
101040,5.8
101100,4.2
101160,6.0
101220,5.0
101280,6.0
101340,4.2
101400,6.4
101460,5.6
101520,6.4
101580,5.8
101640,6.6
101700,9.2
101760,8.4
101820,6.2
101880,10.6
101940,9.0
102000,11.6
102060,13.0
102120,13.2
102180,12.8
102240,16.0
102300,19.6
102360,20.4
102420,20.8
102480,19.2
102540,19.6
102600,19.2
102660,18.6
102720,19.0
102780,19.2
102840,19.4
102900,18.8
102960,18.2
103020,17.8
103080,18.0
103140,18.0
103200,19.6
103260,18.2
103320,16.8
103380,17.4
103440,17.4
103500,18.4
103560,17.2
103620,18.2
103680,17.8
103740,18.8
103800,19.2
103860,19.4
103920,17.4
103980,19.2
104040,17.8
104100,17.8
104160,18.0
104220,18.8
104280,19.2
104340,19.0
104400,21.6
104460,20.2
104520,22.4
104580,20.8
104640,22.0
104700,20.8
104760,20.6
104820,20.0
104880,20.6
104940,20.2
105000,20.6
105060,21.6
105120,22.8
105180,22.4
105240,19.6
105300,21.8
105360,20.8
105420,21.8
105480,21.0
105540,22.8
105600,21.6
105660,21.0
105720,20.6
105780,21.0
105840,21.8
105900,20.0
105960,22.0
106020,22.4
106080,21.0
106140,20.8
106200,21.8
106260,22.4
106320,20.8
106380,22.0
106440,23.0
106500,22.2
106560,23.4
106620,21.2
106680,23.2
106740,20.2
106800,21.8
106860,22.0
106920,22.2
106980,22.4
107040,22.8
107100,21.8
107160,24.0
107220,23.8
107280,23.0
107340,22.8
107400,24.4
107460,22.4
107520,23.4
107580,23.6
107640,23.8
107700,24.0
107760,24.4
107820,22.6
107880,23.0
107940,24.8
108000,24.2
108060,23.4
108120,23.0
108180,24.0
108240,22.8
108300,24.0
108360,24.4
108420,24.0
108480,23.8
108540,23.6
108600,26.6
108660,24.4
108720,23.8
108780,23.8
108840,25.0
108900,24.0
108960,24.0
109020,24.0
109080,22.6
109140,23.2
109200,25.0
109260,25.2
109320,24.8
109380,24.0
109440,23.8
109500,24.6
109560,24.8
109620,23.0
109680,23.0
109740,22.2
109800,24.6
109860,25.4
109920,23.4
109980,23.6
110040,23.4
110100,25.2
110160,23.8
110220,25.2
110280,23.4
110340,23.4
110400,24.2
110460,23.8
110520,23.6
110580,25.4
110640,25.8
110700,25.6
110760,23.8
110820,25.2
110880,24.0
110940,26.0
111000,24.2
111060,24.6
111120,23.4
111180,23.6
111240,25.0
111300,23.8
111360,23.2
111420,25.4
111480,24.4
111540,24.6
111600,24.2
111660,25.6
111720,24.0
111780,23.8
111840,24.4
111900,25.0
111960,25.0
112020,24.2
112080,24.8
112140,24.4
112200,26.2
112260,23.8
112320,24.0
112380,22.8
112440,25.2
112500,24.0
112560,25.6
112620,25.0
112680,25.6
112740,23.4
112800,24.0
112860,23.4
112920,24.6
112980,25.6
113040,25.8
113100,24.2
113160,25.6
113220,25.2
113280,24.0
113340,24.2
113400,24.6
113460,25.8
113520,24.4
113580,24.0
113640,24.8
113700,23.6
113760,23.8
113820,25.6
113880,24.0
113940,24.6
114000,24.4
114060,24.4
114120,24.6
114180,23.8
114240,25.4
114300,24.2
114360,23.8
114420,23.8
114480,24.2
114540,24.8
114600,23.6
114660,24.6
114720,23.6
114780,23.6
114840,22.8
114900,24.8
114960,24.8
115020,24.4
115080,25.0
115140,25.0
115200,25.4
115260,25.2
115320,23.8
115380,23.0
115440,24.8
115500,24.0
115560,24.0
115620,23.2
115680,24.2
115740,24.8
115800,23.0
115860,22.6
115920,21.8
115980,23.0
116040,22.4
116100,21.4
116160,21.4
116220,21.0
116280,23.4
116340,22.4
116400,22.4
116460,23.2
116520,24.0
116580,24.8
116640,23.6
116700,25.0
116760,24.0
116820,23.8
116880,24.0
116940,24.2
117000,24.2
117060,24.2
117120,27.0
117180,24.4
117240,24.8
117300,25.0
117360,24.2
117420,23.6
117480,24.4
117540,22.8
117600,23.0
117660,23.8
117720,23.6
117780,22.6
117840,23.6
117900,21.2
117960,23.6
118020,23.2
118080,23.8
118140,21.6
118200,21.4
118260,23.2
118320,21.8
118380,22.6
118440,22.0
118500,23.2
118560,23.2
118620,22.4
118680,22.6
118740,23.8
118800,22.8
118860,23.8
118920,23.6
118980,24.0
119040,23.6
119100,22.8
119160,23.0
119220,23.2
119280,24.4
119340,23.0
119400,23.6
119460,23.4
119520,22.2
119580,24.0
119640,23.6
119700,24.0
119760,22.6
119820,22.6
119880,23.6
119940,24.2
120000,24.8
120060,22.6
120120,23.0
120180,22.4
120240,24.6
120300,23.0
120360,23.4
120420,24.8
120480,23.2
120540,25.0
120600,25.0
120660,24.0
120720,25.2
120780,23.8
120840,23.4
120900,24.6
120960,23.8
121020,24.2
121080,24.6
121140,24.4
121200,25.6
121260,25.6
121320,24.4
121380,26.4
121440,24.0
121500,24.4
121560,24.2
121620,25.4
121680,24.8
121740,24.6
121800,24.8
121860,25.4
121920,24.2
121980,24.2
122040,25.4
122100,24.2
122160,24.0
122220,23.6
122280,24.6
122340,25.0
122400,23.2
122460,24.6
122520,24.0
122580,26.4
122640,23.0
122700,23.8
122760,23.8
122820,25.0
122880,25.6
122940,24.6
123000,24.6
123060,24.0
123120,23.8
123180,26.0
123240,24.0
123300,25.8
123360,25.8
123420,25.2
123480,26.0
123540,24.6
123600,26.0
123660,24.8
123720,24.4
123780,25.0
123840,24.0
123900,23.8
123960,24.4
124020,24.0
124080,24.6
124140,23.0
124200,24.8
124260,24.2
124320,24.8
124380,24.0
124440,24.4
124500,24.0
124560,23.8
124620,24.4
124680,24.0
124740,24.4
124800,26.6
124860,23.4
124920,25.4
124980,25.4
125040,25.0
125100,25.6
125160,24.4
125220,24.4
125280,23.6
125340,25.6
125400,25.0
125460,23.2
125520,23.2
125580,24.4
125640,25.4
125700,23.2
125760,25.8
125820,24.4
125880,23.6
125940,24.6
126000,24.4
126060,23.0
126120,23.0
126180,24.2
126240,23.4
126300,24.8
126360,24.4
126420,24.6
126480,24.6
126540,23.4
126600,22.4
126660,25.0
126720,23.0
126780,23.6
126840,25.4
126900,23.6
126960,23.2
127020,23.6
127080,23.4
127140,24.4
127200,24.0
127260,23.8
127320,23.6
127380,23.2
127440,23.8
127500,24.2
127560,22.4
127620,22.0
127680,24.0
127740,22.8
127800,21.6
127860,23.0
127920,21.2
127980,23.6
128040,21.4
128100,22.6
128160,23.4
128220,22.2
128280,23.4
128340,22.8
128400,22.8
128460,23.6
128520,23.6
128580,22.8
128640,24.0
128700,22.6
128760,24.8
128820,23.4
128880,23.2
128940,23.2
129000,23.8
129060,24.4
129120,22.6
129180,26.2
129240,24.0
129300,24.0
129360,24.4
129420,24.8
129480,24.8
129540,22.6
129600,24.6
129660,23.8
129720,25.0
129780,23.8
129840,24.6
129900,24.6
129960,25.2
130020,23.4
130080,23.6
130140,25.6
130200,25.2
130260,22.2
130320,23.6
130380,24.4
130440,23.2
130500,23.6
130560,24.8
130620,24.4
130680,24.0
130740,25.2
130800,25.2
130860,23.8
130920,25.8
130980,24.2
131040,26.2
131100,23.8
131160,22.6
131220,24.6
131280,24.4
131340,24.2
131400,22.8
131460,25.0
131520,22.4
131580,23.4
131640,22.6
131700,23.0
131760,22.2
131820,22.6
131880,22.6
131940,22.8
132000,21.4
132060,21.2
132120,23.4
132180,22.0
132240,22.4
132300,21.6
132360,24.4
132420,22.2
132480,21.6
132540,22.2
132600,21.6
132660,22.6
132720,21.6
132780,21.6
132840,22.4
132900,21.8
132960,21.6
133020,23.2
133080,22.0
133140,22.2
133200,20.6
133260,22.8
133320,21.8
133380,23.2
133440,24.8
133500,22.6
133560,23.0
133620,22.8
133680,23.4
133740,22.4
133800,24.6
133860,22.8
133920,22.0
133980,22.4
134040,25.0
134100,25.2
134160,25.0
134220,24.8
134280,23.8
134340,24.6
134400,23.6
134460,25.2
134520,23.2
134580,24.8
134640,23.8
134700,24.4
134760,23.8
134820,24.8
134880,23.8
134940,24.2
135000,22.8
135060,23.4
135120,22.4
135180,23.4
135240,23.6
135300,23.4
135360,23.8
135420,22.8
135480,24.6
135540,23.8
135600,23.6
135660,23.0
135720,23.0
135780,22.4
135840,22.4
135900,21.4
135960,22.6
136020,22.8
136080,22.4
136140,24.0
136200,21.8
136260,23.2
136320,22.6
136380,22.0
136440,23.0
136500,22.8
136560,24.6
136620,23.0
136680,24.2
136740,23.4
136800,22.2
136860,22.2
136920,23.2
136980,24.2
137040,24.0
137100,22.0
137160,23.8
137220,22.0
137280,25.2
137340,23.2
137400,23.6
137460,24.8
137520,24.4
137580,23.2
137640,20.8
137700,22.8
137760,24.2
137820,22.6
137880,22.8
137940,23.4
138000,24.2
138060,23.8
138120,24.8
138180,23.6
138240,23.2
138300,23.4
138360,24.6
138420,22.8
138480,23.4
138540,22.4
138600,23.4
138660,24.6
138720,24.0
138780,22.4
138840,23.4
138900,24.2
138960,23.8
139020,23.2
139080,24.0
139140,23.0
139200,23.6
139260,23.2
139320,22.8
139380,23.0
139440,24.0
139500,23.6
139560,22.0
139620,23.6
139680,24.0
139740,23.2
139800,25.0
139860,23.8
139920,24.8
139980,23.8
140040,23.6
140100,25.6
140160,24.6
140220,25.0
140280,25.8
140340,23.4
140400,24.6
140460,25.2
140520,25.8
140580,24.0
140640,24.6
140700,25.2
140760,23.6
140820,25.0
140880,26.0
140940,24.2
141000,25.0
141060,24.8
141120,24.2
141180,25.2
141240,24.0
141300,22.4
141360,24.2
141420,25.6
141480,25.0
141540,23.2
141600,24.2
141660,24.6
141720,24.2
141780,22.6
141840,23.4
141900,24.0
141960,23.0
142020,24.6
142080,25.8
142140,24.8
142200,24.6
142260,24.6
142320,24.4
142380,24.2
142440,25.6
142500,24.0
142560,25.0
142620,25.2
142680,23.0
142740,25.4
142800,25.4
142860,24.2
142920,26.6
142980,24.2
143040,24.4
143100,26.0
143160,24.0
143220,24.4
143280,24.4
143340,25.4
143400,24.6
143460,24.4
143520,24.4
143580,25.0
143640,25.0
143700,25.0
143760,25.0
143820,25.2
143880,24.2
143940,24.6
144000,22.8
144060,24.0
144120,24.0
144180,24.4
144240,25.4
144300,24.8
144360,24.4
144420,23.8
144480,23.2
144540,25.2
144600,24.2
144660,25.4
144720,24.6
144780,26.0
144840,25.0
144900,25.6
144960,24.6
145020,22.6
145080,25.2
145140,25.0
145200,24.4
145260,23.8
145320,22.6
145380,23.8
145440,25.4
145500,24.2
145560,24.2
145620,23.4
145680,24.8
145740,25.2
145800,24.6
145860,24.2
145920,24.6
145980,24.4
146040,24.4
146100,26.2
146160,24.0
146220,24.2
146280,23.0
146340,26.2
146400,25.0
146460,24.4
146520,25.6
146580,23.6
146640,23.4
146700,24.0
146760,25.2
146820,25.0
146880,25.6
146940,24.2
147000,25.2
147060,26.0
147120,25.4
147180,25.2
147240,24.0
147300,24.0
147360,24.0
147420,24.4
147480,23.8
147540,22.6
147600,25.0
147660,26.4
147720,25.2
147780,25.2
147840,25.2
147900,25.0
147960,25.8
148020,25.8
148080,26.8
148140,25.6
148200,23.4
148260,25.6
148320,22.6
148380,22.8
148440,25.6
148500,23.8
148560,24.2
148620,23.6
148680,23.6
148740,23.6
148800,24.0
148860,23.6
148920,26.0
148980,23.6
149040,24.0
149100,23.2
149160,24.4
149220,24.6
149280,23.6
149340,23.2
149400,24.2
149460,23.6
149520,23.2
149580,24.8
149640,24.6
149700,23.0
149760,24.6
149820,23.8
149880,25.2
149940,23.4
150000,24.4
150060,23.4
150120,23.6
150180,23.2
150240,23.8
150300,24.6
150360,24.0
150420,24.2
150480,23.6
150540,25.2
150600,23.8
150660,24.4
150720,21.8
150780,24.2
150840,22.6
150900,24.0
150960,24.8
151020,23.0
151080,22.6
151140,23.2
151200,24.2
151260,23.0
151320,23.2
151380,25.0
151440,23.8
151500,24.4
151560,24.6
151620,24.2
151680,23.2
151740,25.4
151800,24.6
151860,23.8
151920,23.8
151980,23.4
152040,24.8
152100,26.0
152160,24.0
152220,24.2
152280,24.0
152340,23.2
152400,22.6
152460,23.4
152520,23.6
152580,24.2
152640,24.2
152700,24.6
152760,24.2
152820,24.6
152880,24.8
152940,23.2
153000,24.6
153060,23.6
153120,24.8
153180,26.4
153240,23.8
153300,24.4
153360,24.0
153420,24.6
153480,25.0
153540,25.6
153600,22.4
153660,23.6
153720,23.0
153780,24.8
153840,24.0
153900,24.4
153960,23.6
154020,23.8
154080,25.2
154140,23.4
154200,24.4
154260,25.0
154320,23.8
154380,24.2
154440,24.8
154500,22.6
154560,23.6
154620,23.6
154680,23.6
154740,23.4
154800,24.2
154860,24.4
154920,25.4
154980,24.2
155040,23.2
155100,23.0
155160,23.6
155220,23.8
155280,22.4
155340,23.6
155400,22.8
155460,23.6
155520,22.8
155580,25.0
155640,23.8
155700,24.0
155760,24.8
155820,23.6
155880,24.8
155940,24.0
156000,23.8
156060,24.4
156120,24.8
156180,24.8
156240,25.0
156300,24.6
156360,27.4
156420,24.6
156480,24.4
156540,25.4
156600,25.0
156660,25.2
156720,27.4
156780,25.8
156840,26.4
156900,25.6
156960,27.0
157020,26.8
157080,24.2
157140,25.4
157200,25.0
157260,25.2
157320,26.2
157380,25.0
157440,24.6
157500,25.0
157560,24.8
157620,25.4
157680,24.4
157740,23.0
157800,25.4
157860,26.2
157920,26.0
157980,24.4
158040,25.4
158100,25.8
158160,24.8
158220,26.0
158280,26.4
158340,26.6
158400,24.8
158460,25.2
158520,25.8
158580,24.6
158640,26.0
158700,26.6
158760,24.6
158820,25.6
158880,25.2
158940,24.2
159000,24.8
159060,24.6
159120,25.2
159180,25.4
159240,27.6
159300,26.2
159360,26.8
159420,27.0
159480,25.8
159540,24.8
159600,25.0
159660,25.2
159720,25.6
159780,24.0
159840,25.8
159900,26.4
159960,26.0
160020,25.6
160080,24.2
160140,25.2
160200,25.6
160260,26.8
160320,25.4
160380,25.0
160440,26.4
160500,26.2
160560,25.0
160620,25.2
160680,25.8
160740,25.2
160800,25.8
160860,24.8
160920,26.2
160980,24.4
161040,24.0
161100,25.0
161160,24.0
161220,25.2
161280,24.4
161340,24.4
161400,24.2
161460,26.0
161520,26.4
161580,24.0
161640,26.6
161700,24.0
161760,23.8
161820,25.8
161880,25.6
161940,24.4
162000,26.2
162060,24.6
162120,25.6
162180,25.8
162240,25.4
162300,26.2
162360,24.8
162420,24.4
162480,25.2
162540,24.6
162600,26.2
162660,25.6
162720,24.2
162780,24.2
162840,24.4
162900,25.0
162960,25.2
163020,23.2
163080,25.2
163140,25.2
163200,24.6
163260,25.4
163320,25.2
163380,25.2
163440,24.2
163500,23.8
163560,24.8
163620,24.6
163680,26.2
163740,25.0
163800,26.8
163860,25.6
163920,25.6
163980,24.8
164040,25.2
164100,25.0
164160,24.0
164220,25.6
164280,25.6
164340,24.8
164400,26.2
164460,26.4
164520,26.0
164580,25.0
164640,24.6
164700,24.0
164760,24.8
164820,23.8
164880,25.0
164940,23.8
165000,24.4
165060,25.0
165120,23.4
165180,25.4
165240,24.2
165300,23.4
165360,24.6
165420,23.2
165480,23.8
165540,25.6
165600,22.8
165660,24.8
165720,25.2
165780,25.6
165840,24.8
165900,24.6
165960,25.0
166020,25.0
166080,25.2
166140,23.6
166200,25.0
166260,25.4
166320,24.0
166380,25.4
166440,25.8
166500,24.2
166560,23.8
166620,24.6
166680,23.6
166740,24.0
166800,22.4
166860,23.0
166920,23.6
166980,22.8
167040,24.8
167100,24.8
167160,24.2
167220,23.4
167280,23.2
167340,24.2
167400,22.4
167460,24.8
167520,24.2
167580,23.4
167640,23.4
167700,25.0
167760,25.8
167820,23.8
167880,24.2
167940,25.0
168000,23.4
168060,25.0
168120,22.8
168180,23.6
168240,22.4
168300,25.2
168360,23.8
168420,23.8
168480,25.0
168540,23.6
168600,23.2
168660,22.8
168720,23.4
168780,24.2
168840,22.8
168900,23.6
168960,22.4
169020,22.2
169080,24.6
169140,23.6
169200,22.2
169260,22.8
169320,23.6
169380,23.6
169440,23.0
169500,23.6
169560,23.2
169620,23.6
169680,22.4
169740,23.8
169800,23.8
169860,22.8
169920,23.2
169980,22.6
170040,22.8
170100,24.6
170160,24.4
170220,25.2
170280,24.4
170340,24.4
170400,24.2
170460,25.0
170520,25.2
170580,23.4
170640,24.2
170700,23.6
170760,23.4
170820,23.8
170880,24.0
170940,22.2
171000,23.0
171060,23.8
171120,23.4
171180,21.6
171240,22.2
171300,23.8
171360,23.2
171420,23.6
171480,24.4
171540,22.4
171600,23.0
171660,24.4
171720,23.0
171780,23.8
171840,22.4
171900,24.2
171960,23.4
172020,24.4
172080,24.0
172140,25.0
172200,23.4
172260,23.0
172320,23.4
172380,24.4
172440,23.4
172500,23.2
172560,24.4
172620,23.6
172680,23.0
172740,23.0
172800,23.4
172860,23.8
172920,24.6
172980,23.2
173040,24.0
173100,23.8
173160,23.2
173220,23.4
173280,23.8
173340,24.6
173400,23.0
173460,24.0
173520,23.4
173580,24.4
173640,24.6
173700,23.4
173760,22.6
173820,24.0
173880,22.0
173940,23.8
174000,22.2
174060,23.4
174120,22.6
174180,23.2
174240,24.0
174300,22.8
174360,23.4
174420,22.6
174480,22.4
174540,23.6
174600,22.0
174660,22.0
174720,22.8
174780,21.8
174840,22.4
174900,22.6
174960,22.4
175020,22.6
175080,23.2
175140,21.8
175200,22.8
175260,22.2
175320,20.6
175380,21.2
175440,22.6
175500,20.8
175560,22.2
175620,21.2
175680,21.6
175740,22.2
175800,22.8
175860,22.2
175920,21.8
175980,21.6
176040,20.4
176100,22.8
176160,21.8
176220,20.2
176280,20.2
176340,22.2
176400,22.0
176460,20.6
176520,20.6
176580,22.8
176640,21.4
176700,20.4
176760,21.0
176820,21.6
176880,20.4
176940,21.0
177000,20.8
177060,20.2
177120,20.2
177180,21.2
177240,22.4
177300,20.8
177360,20.2
177420,22.0
177480,20.0
177540,21.4
177600,20.0
177660,22.2
177720,21.4
177780,21.6
177840,20.4
177900,20.6
177960,20.0
178020,21.2
178080,21.0
178140,20.6
178200,20.6
178260,21.0
178320,21.4
178380,20.8
178440,20.2
178500,21.6
178560,22.2
178620,21.6
178680,21.8
178740,21.6
178800,21.4
178860,22.2
178920,21.2
178980,20.8
179040,21.4
179100,23.0
179160,22.2
179220,21.8
179280,23.0
179340,22.6
179400,22.6
179460,20.8
179520,22.2
179580,21.0
179640,22.8
179700,21.4
179760,21.0
179820,21.8
179880,21.8
179940,23.0
180000,21.4
180060,23.2
180120,23.8
180180,22.6
180240,21.2
180300,23.4
180360,23.0
180420,21.8
180480,21.6
180540,23.2
180600,20.8
180660,21.4
180720,22.2
180780,21.4
180840,21.2
180900,21.6
180960,21.2
181020,22.6
181080,21.2
181140,22.0
181200,22.0
181260,22.2
181320,22.2
181380,20.4
181440,22.6
181500,21.2
181560,21.4
181620,21.2
181680,20.6
181740,21.4
181800,22.6
181860,24.8
181920,21.6
181980,22.6
182040,24.0
182100,23.0
182160,21.6
182220,23.0
182280,21.0
182340,22.6
182400,23.8
182460,22.0
182520,22.2
182580,23.0
182640,25.8
182700,22.6
182760,22.4
182820,24.0
182880,25.4
182940,23.6
183000,24.2
183060,24.6
183120,23.6
183180,24.0
183240,23.0
183300,24.6
183360,24.6
183420,24.8
183480,23.6
183540,23.2
183600,23.6
183660,22.6
183720,24.6
183780,23.0
183840,23.6
183900,23.0
183960,24.2
184020,25.2
184080,24.0
184140,22.8
184200,25.0
184260,24.6
184320,24.6
184380,22.6
184440,23.8
184500,23.2
184560,22.2
184620,24.2
184680,22.6
184740,23.8
184800,24.2
184860,24.4
184920,24.2
184980,23.2
185040,23.0
185100,24.0
185160,24.0
185220,23.2
185280,24.2
185340,23.2
185400,22.8
185460,24.8
185520,24.2
185580,23.0
185640,23.4
185700,22.8
185760,23.0
185820,21.6
185880,23.6
185940,24.4
186000,23.8
186060,24.4
186120,24.0
186180,21.4
186240,22.2
186300,23.8
186360,23.8
186420,24.2
186480,23.6
186540,22.8
186600,22.6
186660,25.2
186720,22.8
186780,21.8
186840,22.0
186900,22.2
186960,22.6
187020,21.6
187080,21.6
187140,22.8
187200,23.2
187260,22.0
187320,22.4
187380,21.6
187440,22.8
187500,22.4
187560,21.8
187620,21.4
187680,23.0
187740,23.6
187800,22.2
187860,22.6
187920,23.2
187980,22.0
188040,21.8
188100,22.2
188160,22.2
188220,22.8
188280,22.2
188340,21.8
188400,23.2
188460,23.4
188520,22.2
188580,22.4
188640,21.4
188700,21.4
188760,20.8
188820,22.2
188880,22.2
188940,22.4
189000,21.0
189060,22.2
189120,21.4
189180,21.0
189240,21.2
189300,22.8
189360,22.0
189420,19.6
189480,22.0
189540,21.8
189600,22.6
189660,21.8
189720,22.0
189780,21.2
189840,22.0
189900,21.8
189960,22.0
190020,21.6
190080,21.8
190140,23.2
190200,22.6
190260,22.0
190320,21.0
190380,22.6
190440,23.0
190500,22.8
190560,23.2
190620,23.6
190680,23.6
190740,23.2
190800,23.0
190860,24.0
190920,23.2
190980,23.4
191040,24.0
191100,23.6
191160,25.6
191220,25.6
191280,23.0
191340,22.2
191400,23.6
191460,24.6
191520,25.4
191580,24.6
191640,25.2
191700,24.8
191760,25.6
191820,24.8
191880,23.0
191940,26.2
192000,24.0
192060,24.4
192120,23.4
192180,25.6
192240,25.4
192300,25.2
192360,25.2
192420,24.2
192480,25.2
192540,24.4
192600,26.0
192660,25.4
192720,24.6
192780,25.0
192840,23.6
192900,23.2
192960,24.0
193020,23.8
193080,25.0
193140,24.6
193200,24.2
193260,23.0
193320,24.8
193380,24.4
193440,24.6
193500,25.2
193560,25.0
193620,25.6
193680,25.2
193740,25.0
193800,26.6
193860,24.2
193920,25.0
193980,26.0
194040,24.0
194100,25.0
194160,24.2
194220,25.0
194280,25.0
194340,24.4
194400,26.0
194460,24.8
194520,25.8
194580,25.2
194640,23.8
194700,26.6
194760,25.4
194820,24.6
194880,25.6
194940,24.2
195000,25.2
195060,24.8
195120,24.4
195180,26.2
195240,26.4
195300,24.6
195360,25.6
195420,25.4
195480,25.4
195540,24.6
195600,25.8
195660,25.2
195720,25.6
195780,26.6
195840,26.4
195900,25.2
195960,25.4
196020,25.4
196080,25.6
196140,23.6
196200,24.6
196260,25.2
196320,24.2
196380,25.4
196440,25.4
196500,23.8
196560,23.2
196620,24.4
196680,25.2
196740,24.0
196800,25.4
196860,25.0
196920,24.8
196980,25.0
197040,24.2
197100,24.4
197160,26.0
197220,24.6
197280,24.8
197340,24.6
197400,23.8
197460,24.2
197520,24.0
197580,24.6
197640,24.2
197700,24.2
197760,24.8
197820,25.0
197880,23.6
197940,24.0
198000,25.4
198060,24.8
198120,25.2
198180,24.0
198240,23.8
198300,24.6
198360,23.8
198420,25.8
198480,23.8
198540,24.0
198600,23.8
198660,24.4
198720,25.6
198780,24.4
198840,25.2
198900,26.2
198960,23.8
199020,26.0
199080,25.4
199140,26.0
199200,24.4
199260,24.6
199320,25.0
199380,25.4
199440,23.8
199500,25.0
199560,23.4
199620,25.0
199680,24.4
199740,25.2
199800,25.0
199860,24.0
199920,24.8
199980,23.4
200040,24.8
200100,26.0
200160,25.0
200220,24.2
200280,25.0
200340,24.6
200400,24.6
200460,25.0
200520,25.4
200580,24.2
200640,24.8
200700,25.4
200760,25.6
200820,25.4
200880,25.2
200940,25.0
201000,23.2
201060,24.8
201120,25.4
201180,24.6
201240,25.4
201300,25.4
201360,23.6
201420,25.4
201480,25.8
201540,23.8
201600,25.2
201660,25.0
201720,24.8
201780,25.6
201840,24.2
201900,25.8
201960,25.6
202020,24.4
202080,24.6
202140,25.6
202200,25.2
202260,23.4
202320,24.2
202380,25.4
202440,24.2
202500,24.2
202560,25.0
202620,27.4
202680,24.8
202740,24.0
202800,24.4
202860,24.8
202920,25.4
202980,23.8
203040,25.0
203100,24.2
203160,24.4
203220,24.0
203280,25.6
203340,25.8
203400,24.0
203460,24.2
203520,24.6
203580,25.0
203640,24.8
203700,25.4
203760,24.2
203820,25.2
203880,25.2
203940,24.0
204000,25.2
204060,26.0
204120,24.6
204180,24.6
204240,24.6
204300,24.4
204360,25.0
204420,24.2
204480,23.6
204540,25.0
204600,23.6
204660,23.6
204720,25.0
204780,25.0
204840,25.0
204900,24.0
204960,23.2
205020,25.2
205080,24.4
205140,24.0
205200,24.8
205260,23.4
205320,24.0
205380,25.8
205440,23.8
205500,22.2
205560,25.6
205620,25.6
205680,23.8
205740,24.2
205800,23.8
205860,23.8
205920,26.0
205980,24.6
206040,24.4
206100,26.4
206160,26.0
206220,25.2
206280,24.2
206340,23.6
206400,24.8
206460,24.2
206520,24.0
206580,26.0
206640,25.4
206700,24.8
206760,23.6
206820,24.0
206880,24.0
206940,24.0
207000,24.4
207060,23.8
207120,25.8
207180,26.8
207240,25.6
207300,25.4
207360,24.2
207420,24.6
207480,25.4
207540,25.4
207600,25.0
207660,25.4
207720,25.6
207780,25.2
207840,25.0
207900,24.8
207960,26.6
208020,25.6
208080,24.8
208140,24.2
208200,23.4
208260,26.4
208320,25.4
208380,25.0
208440,25.2
208500,25.4
208560,25.8
208620,25.2
208680,25.8
208740,25.4
208800,25.0
208860,24.6
208920,23.6
208980,24.2
209040,24.2
209100,23.8
209160,24.8
209220,23.8
209280,24.4
209340,25.2
209400,25.4
209460,24.4
209520,24.6
209580,25.0
209640,24.0
209700,24.8
209760,23.8
209820,25.4
209880,25.0
209940,25.2
210000,25.8
210060,23.0
210120,24.8
210180,26.0
210240,26.0
210300,24.8
210360,24.6
210420,24.8
210480,24.4
210540,24.0
210600,24.6
210660,25.2
210720,26.2
210780,23.8
210840,25.2
210900,25.8
210960,24.8
211020,24.2
211080,25.2
211140,24.8
211200,25.8
211260,24.4
211320,25.2
211380,24.4
211440,24.4
211500,26.2
211560,24.4
211620,26.4
211680,24.8
211740,24.8
211800,25.8
211860,25.2
211920,24.6
211980,26.0
212040,23.8
212100,24.0
212160,24.4
212220,24.0
212280,25.6
212340,25.2
212400,23.6
212460,24.6
212520,24.8
212580,25.8
212640,25.0
212700,26.2
212760,25.6
212820,24.2
212880,26.4
212940,25.0
213000,26.8
213060,25.6
213120,23.8
213180,25.4
213240,24.8
213300,25.6
213360,25.0
213420,25.2
213480,24.8
213540,23.6
213600,25.8
213660,24.2
213720,26.6
213780,24.4
213840,25.0
213900,25.0
213960,25.0
214020,26.8
214080,25.6
214140,25.2
214200,25.2
214260,26.4
214320,22.6
214380,24.0
214440,26.4
214500,25.6
214560,24.8
214620,24.8
214680,25.8
214740,26.6
214800,22.8
214860,24.2
214920,26.8
214980,23.6
215040,24.2
215100,25.2
215160,25.0
215220,26.0
215280,25.8
215340,25.0
215400,24.6
215460,24.0
215520,25.0
215580,25.0
215640,24.2
215700,25.4
215760,25.2
215820,25.0
215880,26.0
215940,26.8
216000,25.0
216060,26.8
216120,25.6
216180,24.4
216240,24.2
216300,25.4
216360,26.2
216420,25.4
216480,26.0
216540,25.8
216600,25.8
216660,25.2
216720,24.8
216780,25.4
216840,25.2
216900,26.0
216960,24.2
217020,25.2
217080,24.6
217140,24.4
217200,25.4
217260,25.0
217320,25.0
217380,24.0
217440,25.2
217500,25.2
217560,24.2
217620,23.2
217680,25.6
217740,25.2
217800,25.2
217860,25.8
217920,25.4
217980,23.4
218040,26.0
218100,23.6
218160,23.8
218220,24.2
218280,25.2
218340,24.6
218400,24.4
218460,25.2
218520,25.2
218580,24.2
218640,25.4
218700,25.2
218760,24.0
218820,24.0
218880,26.4
218940,25.6
219000,25.2
219060,26.6
219120,24.6
219180,26.0
219240,24.4
219300,24.4
219360,24.2
219420,24.2
219480,25.6
219540,25.4
219600,24.0
219660,26.0
219720,25.0
219780,26.0
219840,24.2
219900,25.2
219960,26.8
220020,26.0
220080,24.8
220140,24.0
220200,24.4
220260,25.6
220320,24.8
220380,24.6
220440,24.6
220500,24.4
220560,25.0
220620,24.4
220680,25.0
220740,24.6
220800,25.4
220860,24.2
220920,23.6
220980,26.0
221040,24.2
221100,25.8
221160,24.8
221220,23.6
221280,24.8
221340,24.6
221400,24.2
221460,24.4
221520,25.6
221580,24.6
221640,23.8
221700,25.2
221760,24.0
221820,26.0
221880,24.2
221940,24.4
222000,24.8
222060,25.4
222120,26.0
222180,25.8
222240,24.8
222300,25.0
222360,25.2
222420,24.6
222480,24.4
222540,23.8
222600,24.6
222660,25.4
222720,26.4
222780,25.8
222840,25.6
222900,23.6
222960,25.0
223020,24.6
223080,24.8
223140,24.8
223200,25.8
223260,25.0
223320,24.0
223380,24.6
223440,24.4
223500,25.4
223560,24.8
223620,26.4
223680,25.2
223740,25.6
223800,25.4
223860,26.8
223920,26.0
223980,24.0
224040,24.0
224100,24.8
224160,25.6
224220,22.8
224280,23.4
224340,25.4
224400,25.4
224460,25.2
224520,24.0
224580,24.0
224640,25.4
224700,23.8
224760,24.4
224820,25.2
224880,26.2
224940,25.4
225000,26.2
225060,24.4
225120,26.2
225180,26.0
225240,25.0
225300,25.8
225360,25.0
225420,24.6
225480,26.6
225540,22.2
225600,24.4
225660,24.0
225720,22.8
225780,24.2
225840,25.2
225900,24.4
225960,23.2
226020,23.4
226080,23.4
226140,24.0
226200,22.4
226260,24.2
226320,23.2
226380,24.2
226440,23.0
226500,22.8
226560,23.0
226620,23.8
226680,22.4
226740,24.8
226800,23.4
226860,24.4
226920,22.8
226980,23.6
227040,23.0
227100,22.4
227160,22.0
227220,23.4
227280,24.4
227340,21.8
227400,23.8
227460,23.6
227520,22.8
227580,22.4
227640,22.4
227700,21.8
227760,22.2
227820,22.2
227880,22.8
227940,22.4
228000,22.4
228060,21.6
228120,22.6
228180,21.8
228240,23.4
228300,23.0
228360,22.0
228420,22.2
228480,22.4
228540,22.4
228600,23.0
228660,21.6
228720,22.8
228780,24.4
228840,24.6
228900,23.0
228960,22.8
229020,22.8
229080,23.2
229140,23.6
229200,23.6
229260,22.8
229320,24.4
229380,23.8
229440,22.8
229500,23.8
229560,23.8
229620,24.2
229680,23.6
229740,22.8
229800,23.8
229860,22.6
229920,23.4
229980,23.4
230040,23.2
230100,23.8
230160,23.2
230220,22.8
230280,22.4
230340,22.6
230400,22.2
230460,22.0
230520,23.6
230580,22.6
230640,23.8
230700,24.6
230760,24.0
230820,24.0
230880,24.6
230940,23.8
231000,24.6
231060,25.2
231120,23.6
231180,24.0
231240,23.6
231300,24.2
231360,22.8
231420,23.8
231480,23.8
231540,22.6
231600,24.0
231660,23.6
231720,23.4
231780,24.0
231840,25.0
231900,23.4
231960,22.4
232020,24.2
232080,23.4
232140,23.8
232200,21.8
232260,23.4
232320,22.4
232380,23.0
232440,23.4
232500,22.8
232560,23.2
232620,22.2
232680,22.0
232740,24.4
232800,22.4
232860,22.4
232920,22.8
232980,22.4
233040,23.0
233100,23.2
233160,21.6
233220,23.8
233280,22.6
233340,23.0
233400,22.6
233460,24.8
233520,23.2
233580,23.4
233640,24.8
233700,23.2
233760,22.4
233820,24.8
233880,23.2
233940,24.6
234000,23.2
234060,23.4
234120,24.0
234180,22.8
234240,23.4
234300,24.2
234360,22.4
234420,25.0
234480,23.8
234540,24.0
234600,25.8
234660,23.0
234720,22.0
234780,26.4
234840,23.4
234900,25.4
234960,25.6
235020,23.8
235080,23.4
235140,25.0
235200,23.8
235260,24.2
235320,25.4
235380,25.6
235440,23.6
235500,24.8
235560,25.0
235620,24.6
235680,26.4
235740,25.0
235800,23.4
235860,24.0
235920,24.0
235980,25.6
236040,24.4
236100,23.8
236160,24.6
236220,23.4
236280,23.4
236340,23.8
236400,24.8
236460,24.6
236520,23.6
236580,24.6
236640,25.0
236700,23.0
236760,25.0
236820,23.4
236880,22.8
236940,25.2
237000,22.8
237060,25.8
237120,23.6
237180,24.0
237240,24.4
237300,22.4
237360,22.4
237420,22.6
237480,23.8
237540,23.6
237600,24.4
237660,23.0
237720,23.2
237780,22.8
237840,24.8
237900,23.6
237960,22.6
238020,24.0
238080,23.0
238140,22.2
238200,23.2
238260,23.8
238320,23.0
238380,25.2
238440,24.2
238500,24.6
238560,23.0
238620,23.6
238680,24.4
238740,24.0
238800,23.8
238860,23.8
238920,24.2
238980,24.4
239040,23.0
239100,23.8
239160,24.8
239220,23.8
239280,23.8
239340,22.6
239400,23.6
239460,23.0
239520,23.2
239580,24.4
239640,23.2
239700,21.2
239760,24.0
239820,23.0
239880,23.6
239940,23.6
240000,23.4
240060,22.4
240120,23.4
240180,22.0
240240,24.4
240300,22.8
240360,22.8
240420,22.6
240480,22.6
240540,22.8
240600,20.8
240660,23.4
240720,23.8
240780,23.6
240840,23.8
240900,23.2
240960,22.8
241020,25.4
241080,23.2
241140,24.4
241200,22.6
241260,24.8
241320,24.2
241380,24.8
241440,23.0
241500,23.2
241560,23.6
241620,22.4
241680,21.8
241740,22.4
241800,22.6
241860,24.0
241920,24.0
241980,22.4
242040,23.4
242100,23.6
242160,22.8
242220,24.0
242280,23.6
242340,23.8
242400,22.6
242460,23.6
242520,23.6
242580,23.8
242640,23.0
242700,23.2
242760,23.6
242820,22.8
242880,24.0
242940,22.6
243000,24.0
243060,23.6
243120,24.0
243180,24.0
243240,23.2
243300,22.2
243360,23.4
243420,23.0
243480,23.2
243540,24.4
243600,23.8
243660,22.4
243720,25.4
243780,24.4
243840,24.2
243900,24.6
243960,23.0
244020,23.0
244080,24.8
244140,23.8
244200,25.0
244260,22.8
244320,24.4
244380,23.6
244440,23.6
244500,23.8
244560,24.6
244620,23.4
244680,23.6
244740,23.4
244800,24.0
244860,24.8
244920,24.0
244980,24.0
245040,22.0
245100,24.4
245160,22.8
245220,24.0
245280,23.8
245340,25.4
245400,23.8
245460,24.0
245520,23.2
245580,22.6
245640,23.6
245700,24.6
245760,23.0
245820,23.8
245880,23.4
245940,24.4
246000,23.6
246060,23.2
246120,22.2
246180,24.2
246240,23.8
246300,23.0
246360,24.0
246420,24.6
246480,23.4
246540,25.2
246600,24.4
246660,23.8
246720,23.2
246780,23.8
246840,23.6
246900,24.2
246960,23.4
247020,23.2
247080,23.8
247140,23.8
247200,23.0
247260,24.0
247320,23.0
247380,24.4
247440,23.2
247500,23.0
247560,23.6
247620,24.4
247680,23.4
247740,23.4
247800,24.0
247860,22.8
247920,22.0
247980,23.8
248040,24.4
248100,24.8
248160,24.0
248220,24.8
248280,23.8
248340,24.0
248400,25.2
248460,24.8
248520,24.4
248580,24.8
248640,24.4
248700,23.6
248760,23.8
248820,24.8
248880,23.8
248940,23.0
249000,23.0
249060,24.6
249120,23.6
249180,25.4
249240,25.6
249300,24.8
249360,25.4
249420,24.2
249480,23.8
249540,25.2
249600,24.4
249660,24.6
249720,23.2
249780,24.2
249840,24.4
249900,24.8
249960,25.0
250020,26.0
250080,25.0
250140,24.4
250200,24.6
250260,23.4
250320,25.0
250380,24.0
250440,24.0
250500,23.0
250560,22.8
250620,24.0
250680,23.6
250740,23.8
250800,24.2
250860,24.4
250920,25.0
250980,24.6
251040,25.4
251100,25.2
251160,23.8
251220,23.8
251280,23.6
251340,24.6
251400,23.8
251460,24.6
251520,23.8
251580,26.0
251640,23.2
251700,24.8
251760,24.2
251820,23.8
251880,25.2
251940,23.8
252000,25.4
252060,25.0
252120,24.6
252180,23.8
252240,24.2
252300,25.2
252360,23.4
252420,24.0
252480,25.6
252540,26.2
252600,25.0
252660,24.2
252720,24.2
252780,24.4
252840,25.4
252900,26.2
252960,25.6
253020,26.6
253080,24.6
253140,23.8
253200,23.8
253260,26.2
253320,25.6
253380,25.2
253440,25.2
253500,24.8
253560,23.0
253620,24.8
253680,23.6
253740,26.0
253800,25.8
253860,23.4
253920,24.2
253980,23.6
254040,24.2
254100,25.8
254160,26.2
254220,25.2
254280,25.4
254340,26.4
254400,24.4
254460,25.0
254520,25.4
254580,24.6
254640,23.8
254700,23.2
254760,24.4
254820,23.8
254880,22.2
254940,24.4
255000,23.8
255060,23.0
255120,21.8
255180,24.6
255240,23.6
255300,22.6
255360,23.4
255420,24.6
255480,23.2
255540,24.6
255600,21.4
255660,23.4
255720,23.6
255780,22.6
255840,22.0
255900,23.4
255960,21.2
256020,23.8
256080,23.0
256140,23.4
256200,22.8
256260,24.4
256320,23.0
256380,25.2
256440,23.6
256500,23.2
256560,23.6
256620,23.4
256680,24.4
256740,24.2
256800,24.0
256860,24.2
256920,25.0
256980,24.2
257040,25.6
257100,25.4
257160,25.2
257220,23.0
257280,24.8
257340,25.4
257400,23.6
257460,25.0
257520,25.4
257580,24.2
257640,25.2
257700,24.0
257760,25.6
257820,24.8
257880,26.4
257940,25.0
258000,24.6
258060,25.0
258120,25.8
258180,25.0
258240,25.8
258300,25.4
258360,24.2
258420,24.0
258480,24.8
258540,24.6
258600,24.0
258660,25.4
258720,25.0
258780,25.6
258840,24.2
258900,25.2
258960,25.0
259020,24.2
259080,24.8
259140,26.0
259200,25.4
259260,24.2
259320,25.8
259380,25.6
259440,26.2
259500,24.8
259560,24.8
259620,24.4
259680,25.4
259740,25.4
259800,23.4
259860,26.2
259920,24.8
259980,25.6
260040,25.2
260100,24.6
260160,22.8
260220,24.6
260280,23.8
260340,25.4
260400,24.4
260460,25.4
260520,23.8
260580,23.6
260640,23.0
260700,24.4
260760,26.0
260820,24.4
260880,26.2
260940,25.2
261000,25.6
261060,23.2
261120,25.8
261180,24.2
261240,26.0
261300,24.4
261360,25.4
261420,25.0
261480,24.0
261540,25.6
261600,22.8
261660,23.8
261720,25.0
261780,24.4
261840,24.0
261900,24.6
261960,23.8
262020,24.4
262080,25.2
262140,24.8
262200,25.6
262260,24.2
262320,25.4
262380,26.4
262440,24.6
262500,23.6
262560,23.4
262620,25.0
262680,24.2
262740,25.8
262800,25.4
262860,26.0
262920,25.0
262980,24.2
263040,23.8
263100,24.8
263160,25.8
263220,25.0
263280,25.0
263340,25.0
263400,26.0
263460,25.6
263520,24.8
263580,23.0
263640,25.2
263700,24.8
263760,24.4
263820,24.8
263880,25.2
263940,23.8
264000,22.6
264060,24.0
264120,25.8
264180,25.6
264240,23.8
264300,25.0
264360,24.0
264420,24.0
264480,23.8
264540,24.4
264600,24.6
264660,25.2
264720,25.2
264780,24.2
264840,23.8
264900,24.6
264960,25.8
265020,25.0
265080,24.6
265140,25.4
265200,25.4
265260,25.0
265320,25.2
265380,23.8
265440,24.0
265500,25.0
265560,23.0
265620,25.0
265680,24.8
265740,25.2
265800,25.4
265860,25.6
265920,23.6
265980,23.8
266040,24.6
266100,24.8
266160,24.0
266220,23.2
266280,25.6
266340,26.0
266400,25.8
266460,23.6
266520,24.2
266580,24.6
266640,23.0
266700,24.2
266760,25.0
266820,25.2
266880,24.6
266940,24.0
267000,24.6
267060,24.0
267120,24.2
267180,25.2
267240,24.4
267300,24.4
267360,25.2
267420,25.0
267480,24.0
267540,24.4
267600,25.8
267660,25.8
267720,25.0
267780,24.6
267840,24.4
267900,25.8
267960,25.0
268020,24.8
268080,24.6
268140,24.0
268200,24.8
268260,24.6
268320,24.2
268380,24.0
268440,24.0
268500,25.0
268560,24.0
268620,25.4
268680,23.4
268740,27.0
268800,25.0
268860,24.4
268920,23.2
268980,25.4
269040,25.0
269100,25.8
269160,25.8
269220,25.4
269280,24.6
269340,24.6
269400,25.2
269460,24.8
269520,26.6
269580,25.8
269640,24.4
269700,26.4
269760,26.4
269820,25.2
269880,24.0
269940,22.8
270000,23.8
270060,24.6
270120,25.8
270180,24.6
270240,23.4
270300,25.0
270360,24.6
270420,22.8
270480,24.8
270540,25.4
270600,25.4
270660,23.8
270720,24.4
270780,25.4
270840,24.6
270900,24.4
270960,24.2
271020,27.2
271080,23.2
271140,25.0
271200,24.6
271260,23.8
271320,24.8
271380,24.2
271440,24.4
271500,24.0
271560,24.6
271620,25.4
271680,25.2
271740,25.2
271800,23.4
271860,22.4
271920,25.2
271980,24.2
272040,23.0
272100,23.8
272160,25.0
272220,24.4
272280,24.4
272340,23.6
272400,25.0
272460,26.0
272520,23.8
272580,26.4
272640,24.8
272700,25.2
272760,25.6
272820,25.6
272880,26.2
272940,24.6
273000,24.8
273060,24.6
273120,25.0
273180,24.6
273240,24.4
273300,25.6
273360,24.2
273420,24.0
273480,24.4
273540,24.2
273600,25.0
273660,24.0
273720,25.2
273780,24.2
273840,24.0
273900,25.0
273960,24.6
274020,25.0
274080,23.4
274140,25.2
274200,23.4
274260,24.2
274320,23.6
274380,23.8
274440,23.6
274500,23.8
274560,24.8
274620,24.4
274680,24.4
274740,24.0
274800,25.0
274860,25.0
274920,24.8
274980,24.0
275040,24.4
275100,24.4
275160,24.0
275220,22.8
275280,25.0
275340,25.4
275400,25.0
275460,24.0
275520,24.0
275580,25.8
275640,23.6
275700,25.0
275760,25.0
275820,24.8
275880,24.0
275940,24.2
276000,24.6
276060,24.8
276120,24.6
276180,25.0
276240,24.0
276300,23.6
276360,23.2
276420,24.4
276480,24.4
276540,25.2
276600,24.4
276660,23.4
276720,24.4
276780,23.6
276840,23.0
276900,23.6
276960,25.0
277020,25.2
277080,25.0
277140,24.6
277200,23.8
277260,23.4
277320,24.2
277380,24.6
277440,24.6
277500,25.2
277560,22.6
277620,22.6
277680,23.0
277740,23.2
277800,23.8
277860,23.4
277920,24.0
277980,25.2
278040,22.8
278100,22.8
278160,24.0
278220,22.8
278280,23.0
278340,23.2
278400,23.4
278460,24.4
278520,23.6
278580,23.4
278640,23.0
278700,24.2
278760,23.6
278820,23.4
278880,22.8
278940,23.2
279000,22.2
279060,23.2
279120,23.6
279180,23.6
279240,23.8
279300,22.8
279360,22.8
279420,22.4
279480,23.8
279540,24.4
279600,24.2
279660,21.8
279720,23.8
279780,22.6
279840,23.4
279900,23.4
279960,24.0
280020,24.0
280080,22.2
280140,23.0
280200,23.6
280260,23.6
280320,23.2
280380,23.8
280440,25.4
280500,23.0
280560,23.6
280620,22.6
280680,23.2
280740,23.8
280800,22.0
280860,22.2
280920,22.8
280980,23.6
281040,23.4
281100,24.4
281160,22.6
281220,23.2
281280,24.2
281340,22.6
281400,24.8
281460,24.0
281520,23.6
281580,24.6
281640,24.0
281700,22.8
281760,24.6
281820,23.2
281880,24.2
281940,23.8
282000,23.0
282060,25.6
282120,22.6
282180,22.6
282240,23.0
282300,22.4
282360,24.4
282420,22.4
282480,22.6
282540,23.4
282600,23.8
282660,22.6
282720,22.8
282780,22.8
282840,24.0
282900,21.0
282960,23.2
283020,24.2
283080,22.8
283140,24.8
283200,24.4
283260,23.4
283320,24.4
283380,23.8
283440,23.4
283500,23.2
283560,25.4
283620,23.4
283680,26.0
283740,23.8
283800,24.0
283860,23.2
283920,24.8
283980,24.4
284040,23.8
284100,23.6
284160,23.4
284220,23.8
284280,24.0
284340,24.4
284400,23.4
284460,23.2
284520,21.6
284580,22.8
284640,24.0
284700,23.4
284760,25.0
284820,24.2
284880,24.2
284940,24.8
285000,23.4
285060,25.0
285120,23.2
285180,23.4
285240,24.4
285300,22.8
285360,25.0
285420,23.8
285480,23.2
285540,24.0
285600,24.4
285660,23.6
285720,23.8
285780,23.2
285840,25.0
285900,23.8
285960,23.8
286020,24.2
286080,23.2
286140,23.4
286200,24.6
286260,25.4
286320,25.8
286380,24.0
286440,23.4
286500,24.6
286560,23.8
286620,24.2
286680,24.4
286740,24.6
286800,23.6
286860,23.6
286920,25.0
286980,22.6
287040,23.6
287100,23.0
287160,24.6
287220,24.2
287280,25.4
287340,23.6
287400,23.2
287460,24.2
287520,22.8
287580,24.2
287640,23.6
287700,21.8
287760,22.8
287820,20.8
287880,22.6
287940,22.8
288000,23.6
288060,23.0
288120,21.4
288180,22.4
288240,21.4
288300,21.8
288360,21.2
288420,21.2
288480,21.6
288540,22.0
288600,21.2
288660,22.0
288720,21.0
288780,24.0
288840,22.4
288900,23.6
288960,22.6
289020,23.2
289080,23.6
289140,21.6
289200,22.8
289260,21.8
289320,23.0
289380,22.8
289440,24.4
289500,21.0
289560,23.2
289620,23.6
289680,22.8
289740,23.4
289800,23.8
289860,23.4
289920,23.4
289980,21.0
290040,20.6
290100,23.0
290160,21.8
290220,22.0
290280,22.4
290340,22.2
290400,23.4
290460,22.2
290520,23.2
290580,23.0
290640,24.4
290700,23.0
290760,24.0
290820,23.8
290880,24.6
290940,24.0
291000,24.2
291060,25.4
291120,23.8
291180,23.8
291240,24.0
291300,23.8
291360,25.2
291420,24.4
291480,25.2
291540,24.6
291600,23.6
291660,25.0
291720,25.4
291780,23.4
291840,26.6
291900,24.2
291960,23.8
292020,25.0
292080,25.2
292140,24.4
292200,24.8
292260,25.2
292320,26.2
292380,23.2
292440,24.8
292500,25.0
292560,23.4
292620,24.2
292680,24.4
292740,24.6
292800,24.8
292860,23.6
292920,23.8
292980,23.0
293040,24.8
293100,24.6
293160,24.2
293220,24.6
293280,24.0
293340,25.0
293400,25.2
293460,24.2
293520,24.8
293580,24.8
293640,23.0
293700,24.8
293760,25.2
293820,24.2
293880,24.6
293940,23.0
294000,25.6
294060,23.0
294120,25.0
294180,27.0
294240,24.2
294300,23.6
294360,24.8
294420,22.6
294480,25.8
294540,25.0
294600,23.2
294660,24.0
294720,24.6
294780,25.2
294840,26.0
294900,25.2
294960,25.2
295020,24.2
295080,24.0
295140,24.6
295200,25.4
295260,23.4
295320,24.6
295380,23.6
295440,22.8
295500,24.2
295560,24.2
295620,23.4
295680,23.2
295740,23.4
295800,24.4
295860,24.2
295920,24.0
295980,24.6
296040,24.8
296100,23.2
296160,24.4
296220,25.0
296280,24.8
296340,24.6
296400,27.4
296460,24.4
296520,23.6
296580,22.2
296640,23.8
296700,24.8
296760,23.8
296820,25.0
296880,24.4
296940,24.2
297000,23.2
297060,23.4
297120,23.2
297180,24.6
297240,24.0
297300,24.4
297360,24.6
297420,25.0
297480,23.4
297540,23.8
297600,23.6
297660,23.2
297720,25.0
297780,23.4
297840,24.0
297900,23.8
297960,25.0
298020,25.6
298080,24.6
298140,23.0
298200,24.0
298260,24.8
298320,23.8
298380,24.0
298440,24.2
298500,24.4
298560,23.6
298620,23.2
298680,24.2
298740,23.4
298800,23.6
298860,24.4
298920,24.4
298980,23.8
299040,24.8
299100,24.8
299160,25.0
299220,23.0
299280,25.8
299340,25.0
299400,24.0
299460,23.8
299520,23.4
299580,24.6
299640,23.8
299700,24.0
299760,23.6
299820,23.8
299880,24.6
299940,25.0
300000,24.4
300060,25.6
300120,23.0
300180,23.2
300240,22.0
300300,24.4
300360,24.8
300420,23.8
300480,24.8
300540,24.6
300600,24.2
300660,25.6
300720,25.8
300780,25.0
300840,23.8
300900,23.2
300960,23.0
301020,25.6
301080,24.0
301140,24.0
301200,24.4
301260,24.0
301320,23.0
301380,24.4
301440,24.4
301500,24.6
301560,24.6
301620,23.8
301680,23.6
301740,24.2
301800,26.0
301860,25.0
301920,23.4
301980,24.4
302040,25.6
302100,24.0
302160,24.2
302220,24.2
302280,24.2
302340,24.2
302400,25.0
302460,26.2
302520,24.8
302580,22.6
302640,24.0
302700,24.6
302760,26.2
302820,23.0
302880,25.0
302940,25.0
303000,24.4
303060,24.8
303120,22.4
303180,23.6
303240,24.2
303300,24.2
303360,25.6
303420,22.2
303480,25.2
303540,22.8
303600,24.8
303660,23.6
303720,25.0
303780,24.6
303840,24.0
303900,23.8
303960,24.4
304020,23.8
304080,24.4
304140,24.8
304200,24.0
304260,24.2
304320,23.8
304380,24.8
304440,25.8
304500,22.8
304560,22.2
304620,24.4
304680,22.0
304740,24.4
304800,23.6
304860,24.8
304920,23.6
304980,23.6
305040,24.0
305100,23.4
305160,23.4
305220,22.4
305280,24.0
305340,24.0
305400,23.0
305460,22.2
305520,22.8
305580,24.4
305640,23.2
305700,22.8
305760,23.6
305820,23.2
305880,24.6
305940,22.6
306000,24.6
306060,24.2
306120,22.6
306180,22.8
306240,24.6
306300,22.6
306360,23.6
306420,24.2
306480,23.0
306540,23.8
306600,24.2
306660,24.8
306720,23.6
306780,23.6
306840,23.6
306900,24.2
306960,23.8
307020,24.8
307080,24.4
307140,25.0
307200,24.8
307260,25.8
307320,23.6
307380,24.6
307440,22.6
307500,24.0
307560,24.2
307620,25.2
307680,23.8
307740,23.2
307800,23.0
307860,25.0
307920,23.2
307980,24.0
308040,23.8
308100,24.6
308160,25.0
308220,25.0
308280,24.6
308340,25.8
308400,24.4
308460,24.4
308520,22.8
308580,24.2
308640,25.2
308700,24.4
308760,24.6
308820,23.6
308880,25.4
308940,24.4
309000,24.2
309060,24.4
309120,24.0
309180,25.0
309240,25.4
309300,23.0
309360,25.2
309420,27.0
309480,24.4
309540,25.8
309600,24.8
309660,24.4
309720,25.4
309780,25.0
309840,25.6
309900,25.0
309960,26.8
310020,23.2
310080,23.2
310140,23.0
310200,25.0
310260,23.0
310320,24.6
310380,24.4
310440,24.2
310500,25.0
310560,24.8
310620,25.2
310680,25.2
310740,25.4
310800,23.8
310860,25.4
310920,24.4
310980,24.4
311040,23.4
311100,24.0
311160,25.0
311220,23.0
311280,25.0
311340,25.0
311400,25.2
311460,22.8
311520,23.6
311580,24.0
311640,23.8
311700,23.2
311760,23.6
311820,23.4
311880,22.4
311940,24.6
312000,23.4
312060,22.4
312120,22.6
312180,23.8
312240,23.8
312300,23.2
312360,22.6
312420,21.4
312480,23.2
312540,22.0
312600,23.6
312660,23.2
312720,23.2
312780,24.4
312840,23.0
312900,23.0
312960,24.6
313020,23.0
313080,22.4
313140,24.8
313200,22.8
313260,22.6
313320,23.6
313380,22.4
313440,23.2
313500,24.6
313560,22.8
313620,23.2
313680,21.4
313740,22.6
313800,23.4
313860,25.2
313920,24.8
313980,25.4
314040,23.4
314100,24.6
314160,25.2
314220,23.0
314280,26.4
314340,23.8
314400,23.6
314460,24.4
314520,24.6
314580,24.6
314640,23.2
314700,22.8
314760,24.6
314820,24.4
314880,23.4
314940,23.6
315000,23.4
315060,23.8
315120,23.4
315180,25.2
315240,22.8
315300,23.8
315360,24.6
315420,24.2
315480,24.8
315540,22.0
315600,23.6
315660,24.2
315720,24.6
315780,23.2
315840,22.4
315900,24.0
315960,23.4
316020,23.6
316080,24.0
316140,25.8
316200,24.6
316260,24.6
316320,23.8
316380,24.0
316440,26.2
316500,26.0
316560,23.8
316620,24.8
316680,24.6
316740,24.0
316800,23.0
316860,23.2
316920,23.2
316980,24.0
317040,25.0
317100,22.2
317160,23.2
317220,22.8
317280,23.4
317340,24.4
317400,24.6
317460,24.0
317520,24.2
317580,24.6
317640,23.6
317700,23.0
317760,23.4
317820,23.8
317880,24.0
317940,23.0
318000,23.0
318060,22.8
318120,24.6
318180,22.4
318240,22.6
318300,24.0
318360,22.8
318420,23.8
318480,24.4
318540,23.2
318600,22.4
318660,24.2
318720,23.0
318780,23.8
318840,23.8
318900,23.6
318960,22.8
319020,24.8
319080,23.6
319140,24.0
319200,24.2
319260,23.8
319320,24.0
319380,25.0
319440,23.8
319500,23.0
319560,24.6
319620,25.0
319680,23.6
319740,23.0
319800,24.4
319860,23.8
319920,23.2
319980,24.2
320040,24.6
320100,23.0
320160,24.2
320220,25.0
320280,24.8
320340,22.2
320400,23.8
320460,24.4
320520,22.8
320580,24.8
320640,24.8
320700,24.2
320760,25.2
320820,24.8
320880,25.0
320940,24.2
321000,25.4
321060,24.6
321120,25.0
321180,23.2
321240,24.2
321300,24.8
321360,25.2
321420,25.2
321480,24.4
321540,25.6
321600,24.6
321660,24.6
321720,23.6
321780,25.2
321840,26.2
321900,23.8
321960,25.8
322020,25.0
322080,23.8
322140,26.2
322200,25.2
322260,24.4
322320,24.2
322380,24.2
322440,24.0
322500,24.0
322560,26.0
322620,24.4
322680,26.2
322740,24.4
322800,24.2
322860,25.0
322920,26.2
322980,23.8
323040,24.2
323100,25.0
323160,23.6
323220,23.2
323280,23.2
323340,25.2
323400,23.8
323460,23.6
323520,24.2
323580,22.4
323640,23.2
323700,23.4
323760,25.0
323820,23.0
323880,23.0
323940,24.2
324000,24.8
324060,23.0
324120,24.4
324180,24.0
324240,24.8
324300,24.0
324360,25.4
324420,25.8
324480,24.8
324540,23.4
324600,24.2
324660,24.4
324720,25.4
324780,24.8
324840,24.8
324900,24.6
324960,25.6
325020,23.8
325080,23.6
325140,23.6
325200,24.2
325260,23.8
325320,24.4
325380,24.2
325440,24.2
325500,24.6
325560,24.4
325620,24.2
325680,23.6
325740,24.6
325800,25.6
325860,23.8
325920,24.0
325980,24.6
326040,25.8
326100,24.2
326160,24.6
326220,23.6
326280,23.6
326340,24.8
326400,24.2
326460,24.0
326520,25.8
326580,24.6
326640,23.6
326700,24.4
326760,23.2
326820,24.6
326880,23.0
326940,24.8
327000,23.8
327060,24.4
327120,24.8
327180,23.2
327240,24.2
327300,25.8
327360,25.8
327420,24.6
327480,25.4
327540,24.0
327600,23.8
327660,25.0
327720,25.8
327780,25.6
327840,25.0
327900,24.6
327960,25.6
328020,24.8
328080,24.4
328140,23.8
328200,24.6
328260,24.4
328320,24.4
328380,24.0
328440,24.2
328500,24.4
328560,24.8
328620,24.4
328680,23.6
328740,24.4
328800,24.2
328860,23.8
328920,23.2
328980,24.4
329040,25.6
329100,23.4
329160,25.0
329220,25.2
329280,24.8
329340,22.4
329400,25.8
329460,24.2
329520,24.6
329580,25.2
329640,25.4
329700,23.6
329760,24.6
329820,24.6
329880,23.4
329940,25.2
330000,24.0
330060,24.8
330120,24.0
330180,25.6
330240,25.8
330300,25.6
330360,24.0
330420,23.8
330480,23.6
330540,23.8
330600,25.0
330660,24.0
330720,24.2
330780,23.6
330840,24.2
330900,23.2
330960,23.2
331020,24.6
331080,23.2
331140,24.8
331200,24.0
331260,23.4
331320,25.2
331380,24.2
331440,24.2
331500,23.8
331560,24.2
331620,25.0
331680,24.0
331740,24.0
331800,24.6
331860,25.2
331920,23.4
331980,25.6
332040,23.8
332100,24.0
332160,24.6
332220,24.0
332280,24.2
332340,24.2
332400,23.6
332460,23.2
332520,26.0
332580,24.0
332640,25.2
332700,24.2
332760,24.8
332820,24.0
332880,26.0
332940,24.2
333000,24.6
333060,24.6
333120,24.8
333180,25.8
333240,24.0
333300,23.4
333360,25.8
333420,24.0
333480,24.0
333540,23.8
333600,23.6
333660,24.6
333720,24.0
333780,25.2
333840,23.2
333900,23.4
333960,23.6
334020,25.0
334080,23.2
334140,24.0
334200,24.2
334260,24.6
334320,24.4
334380,23.4
334440,25.0
334500,25.0
334560,23.8
334620,24.4
334680,24.4
334740,23.0
334800,24.0
334860,24.4
334920,24.4
334980,24.8
335040,23.6
335100,23.8
335160,24.2
335220,23.4
335280,25.0
335340,24.6
335400,24.0
335460,24.0
335520,22.0
335580,22.8
335640,24.4
335700,23.2
335760,25.0
335820,24.2
335880,24.2
335940,24.6
336000,24.0
336060,23.0
336120,24.8
336180,22.8
336240,24.2
336300,23.8
336360,24.2
336420,25.4
336480,25.6
336540,24.8
336600,25.4
336660,26.6
336720,25.0
336780,23.6
336840,24.4
336900,24.6
336960,24.2
337020,23.6
337080,24.0
337140,23.2
337200,25.0
337260,24.4
337320,23.6
337380,25.6
337440,24.4
337500,25.0
337560,26.0
337620,25.2
337680,24.8
337740,24.2
337800,25.2
337860,25.2
337920,24.2
337980,25.0
338040,24.4
338100,24.2
338160,26.0
338220,25.2
338280,26.6
338340,25.2
338400,25.0
338460,25.2
338520,24.6
338580,24.4
338640,22.8
338700,23.0
338760,24.8
338820,23.0
338880,23.0
338940,24.8
339000,24.6
339060,23.4
339120,24.4
339180,24.6
339240,24.6
339300,24.6
339360,25.8
339420,24.4
339480,24.2
339540,25.2
339600,24.6
339660,24.4
339720,24.8
339780,25.2
339840,25.2
339900,26.2
339960,23.6
340020,24.2
340080,26.2
340140,25.0
340200,25.0
340260,24.4
340320,24.6
340380,25.4
340440,24.0
340500,25.8
340560,23.6
340620,24.4
340680,24.2
340740,24.2
340800,24.6
340860,24.8
340920,26.4
340980,24.0
341040,24.2
341100,24.2
341160,24.4
341220,24.6
341280,25.0
341340,24.2
341400,24.6
341460,24.6
341520,24.4
341580,25.0
341640,24.0
341700,24.0
341760,24.8
341820,24.8
341880,22.2
341940,25.8
342000,23.8
342060,24.0
342120,25.0
342180,24.0
342240,24.0
342300,23.2
342360,24.4
342420,24.0
342480,26.2
342540,24.2
342600,25.6
342660,24.8
342720,23.4
342780,24.0
342840,23.2
342900,22.4
342960,22.0
343020,23.6
343080,25.2
343140,22.2
343200,23.0
343260,25.4
343320,22.8
343380,23.8
343440,23.8
343500,22.0
343560,24.2
343620,24.0
343680,24.0
343740,23.8
343800,24.2
343860,23.6
343920,24.0
343980,24.2
344040,24.0
344100,23.2
344160,24.6
344220,22.4
344280,24.6
344340,24.2
344400,23.2
344460,24.2
344520,24.6
344580,22.2
344640,23.4
344700,23.4
344760,23.8
344820,23.2
344880,23.2
344940,22.4
345000,22.0
345060,21.4
345120,24.6
345180,22.4
345240,22.8
345300,22.4
345360,22.8
345420,23.0
345480,22.6
345540,24.2
345600,23.6
345660,23.6
345720,23.8
345780,23.0
345840,23.0
345900,23.4
345960,22.6
346020,23.2
346080,22.4
346140,23.2
346200,22.6
346260,24.4
346320,23.0
346380,21.6
346440,21.6
346500,22.0
346560,22.6
346620,24.0
346680,21.8
346740,23.0
346800,21.4
346860,21.8
346920,23.4
346980,22.8
347040,22.4
347100,23.2
347160,22.6
347220,22.0
347280,21.8
347340,22.4
347400,22.4
347460,22.0
347520,22.4
347580,23.6
347640,22.0
347700,21.6
347760,23.8
347820,23.2
347880,23.0
347940,22.2
348000,22.6
348060,22.4
348120,21.8
348180,22.2
348240,22.2
348300,21.6
348360,23.2
348420,21.8
348480,22.8
348540,24.0
348600,23.4
348660,23.8
348720,22.8
348780,23.2
348840,23.8
348900,25.4
348960,23.8
349020,24.4
349080,23.8
349140,24.0
349200,24.6
349260,24.0
349320,23.6
349380,23.8
349440,24.6
349500,24.8
349560,25.2
349620,24.2
349680,24.8
349740,23.6
349800,24.2
349860,22.0
349920,25.6
349980,24.8
350040,24.2
350100,25.0
350160,23.8
350220,23.6
350280,23.8
350340,23.8
350400,23.0
350460,24.8
350520,24.8
350580,25.2
350640,24.8
350700,25.2
350760,25.4
350820,25.6
350880,23.4
350940,24.0
351000,25.0
351060,25.2
351120,24.6
351180,26.8
351240,25.4
351300,23.4
351360,25.0
351420,24.0
351480,23.8
351540,22.8
351600,26.2
351660,25.0
351720,24.8
351780,23.4
351840,23.4
351900,25.0
351960,24.0
352020,23.2
352080,24.6
352140,24.8
352200,24.0
352260,25.0
352320,24.6
352380,25.2
352440,22.6
352500,24.4
352560,23.8
352620,24.4
352680,25.0
352740,25.8
352800,25.2
352860,24.8
352920,25.4
352980,26.0
353040,25.2
353100,25.4
353160,25.0
353220,23.8
353280,25.0
353340,24.6
353400,24.0
353460,24.6
353520,24.6
353580,24.6
353640,22.8
353700,25.6
353760,23.6
353820,23.6
353880,24.8
353940,23.4
354000,25.4
354060,24.0
354120,26.4
354180,24.2
354240,25.6
354300,25.4
354360,25.4
354420,24.2
354480,23.4
354540,25.6
354600,25.6
354660,26.0
354720,24.0
354780,25.0
354840,25.8
354900,25.2
354960,25.6
355020,25.0
355080,25.0
355140,23.6
355200,24.4
355260,25.4
355320,25.2
355380,25.2
355440,25.4
355500,24.6
355560,24.4
355620,25.2
355680,24.6
355740,24.2
355800,25.2
355860,25.2
355920,23.8
355980,23.8
356040,24.6
356100,25.0
356160,24.6
356220,24.8
356280,25.4
356340,23.6
356400,24.2
356460,24.6
356520,23.4
356580,24.8
356640,23.4
356700,24.2
356760,25.2
356820,27.0
356880,25.4
356940,23.8
357000,24.2
357060,24.8
357120,26.6
357180,24.0
357240,26.2
357300,24.6
357360,25.6
357420,25.2
357480,25.8
357540,24.8
357600,24.8
357660,24.4
357720,25.2
357780,24.4
357840,24.8
357900,25.2
357960,26.2
358020,25.6
358080,23.0
358140,22.8
358200,24.4
358260,24.6
358320,24.6
358380,24.2
358440,24.0
358500,24.6
358560,26.2
358620,24.0
358680,23.4
358740,25.6
358800,25.8
358860,25.6
358920,24.0
358980,24.8
359040,23.2
359100,25.0
359160,24.0
359220,25.0
359280,24.8
359340,25.4
359400,25.4
359460,24.6
359520,26.8
359580,24.6
359640,25.6
359700,23.8
359760,23.6
359820,25.6
359880,25.8
359940,24.0
360000,24.6
360060,25.8
360120,24.0
360180,25.0
360240,24.8
360300,25.8
360360,24.8
360420,24.4
360480,26.0
360540,25.0
360600,25.0
360660,24.2
360720,24.6
360780,24.4
360840,24.6
360900,23.6
360960,23.0
361020,23.8
361080,23.2
361140,23.8
361200,22.8
361260,23.8
361320,24.0
361380,23.4
361440,23.8
361500,23.4
361560,22.6
361620,23.2
361680,23.0
361740,22.2
361800,22.6
361860,22.2
361920,23.2
361980,24.4
362040,24.8
362100,22.2
362160,23.8
362220,24.0
362280,23.0
362340,23.0
362400,24.4
362460,23.6
362520,24.4
362580,23.8
362640,24.4
362700,23.0
362760,23.4
362820,24.8
362880,22.0
362940,24.2
363000,24.6
363060,22.0
363120,23.6
363180,23.4
363240,22.8
363300,24.6
363360,24.8
363420,23.2
363480,23.0
363540,23.8
363600,23.8
363660,23.8
363720,24.0
363780,23.6
363840,22.2
363900,23.6
363960,23.6
364020,24.0
364080,23.8
364140,25.0
364200,23.8
364260,24.4
364320,22.6
364380,22.2
364440,24.6
364500,22.6
364560,24.0
364620,23.8
364680,25.4
364740,24.2
364800,23.8
364860,23.0
364920,24.6
364980,23.8
365040,23.8
365100,24.4
365160,23.8
365220,23.8
365280,24.4
365340,24.6
365400,24.0
365460,25.8
365520,23.6
365580,24.4
365640,23.6
365700,23.4
365760,23.6
365820,25.4
365880,25.0
365940,24.6
366000,25.6
366060,23.8
366120,24.8
366180,25.0
366240,24.2
366300,25.0
366360,24.8
366420,25.8
366480,24.6
366540,24.8
366600,22.2
366660,23.6
366720,23.0
366780,24.4
366840,23.8
366900,24.2
366960,23.8
367020,23.6
367080,23.8
367140,23.2
367200,22.6
367260,22.4
367320,23.4
367380,24.4
367440,23.8
367500,23.8
367560,22.4
367620,24.0
367680,22.4
367740,22.6
367800,22.8
367860,22.8
367920,23.6
367980,23.4
368040,23.2
368100,22.4
368160,22.4
368220,22.8
368280,23.6
368340,22.8
368400,21.8
368460,23.0
368520,23.6
368580,21.4
368640,23.6
368700,23.0
368760,22.6
368820,21.8
368880,22.8
368940,20.8
369000,23.6
369060,23.2
369120,24.0
369180,23.2
369240,24.4
369300,24.4
369360,21.6
369420,24.8
369480,23.2
369540,23.2
369600,24.0
369660,22.6
369720,23.8
369780,24.0
369840,25.6
369900,23.4
369960,24.4
370020,26.0
370080,22.6
370140,25.0
370200,25.2
370260,23.8
370320,25.2
370380,25.0
370440,23.4
370500,23.8
370560,26.6
370620,22.8
370680,25.0
370740,23.8
370800,25.0
370860,24.6
370920,24.2
370980,24.0
371040,25.6
371100,24.8
371160,25.0
371220,23.6
371280,23.8
371340,23.8
371400,24.2
371460,22.8
371520,25.2
371580,23.0
371640,23.8
371700,22.6
371760,24.0
371820,22.8
371880,22.6
371940,24.6
372000,22.2
372060,23.6
372120,24.0
372180,23.2
372240,24.6
372300,21.4
372360,23.2
372420,23.6
372480,23.2
372540,22.6
372600,24.4
372660,23.0
372720,22.8
372780,23.6
372840,24.4
372900,23.8
372960,21.2
373020,23.8
373080,23.6
373140,24.0
373200,24.0
373260,24.6
373320,22.6
373380,22.2
373440,23.2
373500,22.6
373560,22.2
373620,24.4
373680,24.4
373740,24.0
373800,23.0
373860,22.4
373920,21.8
373980,23.4
374040,23.4
374100,22.6
374160,23.8
374220,24.2
374280,23.2
374340,25.0
374400,23.4
374460,24.0
374520,22.8
374580,23.4
374640,22.8
374700,21.6
374760,23.2
374820,24.8
374880,23.2
374940,23.4
375000,22.6
375060,23.4
375120,22.4
375180,22.4
375240,22.6
375300,22.6
375360,21.2
375420,22.8
375480,23.0
375540,21.4
375600,23.4
375660,24.0
375720,24.4
375780,22.2
375840,23.2
375900,23.6
375960,23.6
376020,22.8
376080,23.6
376140,22.8
376200,24.0
376260,23.2
376320,24.2
376380,22.8
376440,22.4
376500,23.6
376560,23.8
376620,24.0
376680,22.8
376740,24.2
376800,22.6
376860,22.6
376920,24.0
376980,21.8
377040,23.4
377100,24.2
377160,21.2
377220,23.8
377280,22.8
377340,23.2
377400,23.8
377460,23.8
377520,22.8
377580,21.6
377640,23.4
377700,22.4
377760,25.0
377820,23.4
377880,24.4
377940,25.0
378000,23.8
378060,24.2
378120,23.0
378180,24.2
378240,23.8
378300,24.8
378360,24.2
378420,24.8
378480,24.4
378540,23.2
378600,24.6
378660,22.8
378720,24.8
378780,22.0
378840,24.0
378900,24.0
378960,24.0
379020,24.8
379080,26.2
379140,24.2
379200,24.8
379260,24.0
379320,24.0
379380,25.8
379440,24.6
379500,23.6
379560,23.8
379620,23.8
379680,24.4
379740,23.8
379800,23.2
379860,23.6
379920,25.4
379980,23.4
380040,23.4
380100,24.6
380160,23.2
380220,24.8
380280,24.0
380340,24.0
380400,23.8
380460,24.0
380520,24.2
380580,24.4
380640,25.2
380700,24.6
380760,23.8
380820,24.0
380880,24.0
380940,24.0
381000,25.8
381060,25.2
381120,23.2
381180,24.2
381240,24.4
381300,25.4
381360,24.4
381420,24.6
381480,25.8
381540,25.0
381600,25.6
381660,25.0
381720,24.0
381780,25.8
381840,24.0
381900,24.2
381960,23.8
382020,24.2
382080,24.0
382140,24.0
382200,25.0
382260,24.6
382320,24.0
382380,23.2
382440,25.6
382500,25.0
382560,23.8
382620,22.8
382680,22.6
382740,25.0
382800,25.2
382860,24.0
382920,24.8
382980,24.6
383040,24.6
383100,23.8
383160,24.2
383220,24.8
383280,25.0
383340,23.8
383400,24.6
383460,25.4
383520,25.2
383580,23.6
383640,23.4
383700,25.2
383760,23.0
383820,24.6
383880,23.6
383940,22.6
384000,24.2
384060,23.4
384120,24.6
384180,25.8
384240,25.0
384300,23.6
384360,24.8
384420,24.8
384480,23.4
384540,23.8
384600,23.6
384660,24.6
384720,23.0
384780,23.0
384840,23.0
384900,24.0
384960,24.8
385020,24.4
385080,24.8
385140,25.2
385200,24.2
385260,24.4
385320,22.4
385380,24.8
385440,24.4
385500,23.8
385560,24.0
385620,24.6
385680,24.0
385740,23.4
385800,24.6
385860,23.6
385920,24.0
385980,24.2
386040,24.8
386100,24.8
386160,24.0
386220,23.8
386280,23.4
386340,24.2
386400,23.4
386460,24.2
386520,22.6
386580,22.8
386640,25.0
386700,22.8
386760,25.2
386820,22.2
386880,24.4
386940,24.4
387000,23.4
387060,25.0
387120,24.4
387180,23.4
387240,23.2
387300,24.0
387360,24.2
387420,24.2
387480,23.0
387540,24.4
387600,24.2
387660,24.8
387720,24.4
387780,24.0
387840,25.4
387900,24.8
387960,23.8
388020,23.4
388080,25.8
388140,25.0
388200,25.8
388260,24.0
388320,24.2
388380,22.8
388440,23.0
388500,25.4
388560,24.6
388620,22.4
388680,23.4
388740,25.6
388800,24.8
388860,23.6
388920,24.4
388980,23.4
389040,24.6
389100,23.0
389160,24.0
389220,22.2
389280,22.8
389340,24.8
389400,25.0
389460,24.6
389520,23.6
389580,24.0
389640,23.8
389700,24.4
389760,22.0
389820,23.0
389880,23.2
389940,25.0
390000,24.4
390060,23.4
390120,23.6
390180,23.2
390240,23.2
390300,24.2
390360,24.6
390420,24.6
390480,22.4
390540,22.8
390600,24.4
390660,23.4
390720,24.6
390780,24.8
390840,23.8
390900,24.4
390960,22.8
391020,23.0
391080,24.2
391140,24.0
391200,25.2
391260,23.6
391320,25.0
391380,24.0
391440,24.2
391500,23.4
391560,24.8
391620,24.8
391680,25.6
391740,24.0
391800,24.4
391860,23.0
391920,25.0
391980,24.2
392040,24.2
392100,23.8
392160,24.6
392220,23.0
392280,24.0
392340,23.4
392400,22.6
392460,23.4
392520,23.2
392580,22.2
392640,24.2
392700,21.8
392760,22.8
392820,24.6
392880,25.0
392940,22.4
393000,23.0
393060,23.0
393120,23.4
393180,23.8
393240,22.8
393300,23.6
393360,24.6
393420,24.2
393480,23.0
393540,22.0
393600,22.2
393660,23.4
393720,22.2
393780,22.0
393840,21.6
393900,22.2
393960,21.0
394020,22.8
394080,22.6
394140,22.2
394200,22.0
394260,20.8
394320,22.6
394380,21.8
394440,21.0
394500,21.2
394560,21.8
394620,21.2
394680,20.0
394740,21.2
394800,20.4
394860,21.2
394920,22.4
394980,21.4
395040,23.4
395100,20.4
395160,21.6
395220,21.6
395280,21.6
395340,22.8
395400,22.0
395460,22.4
395520,21.2
395580,23.0
395640,23.2
395700,22.0
395760,23.0
395820,23.6
395880,22.4
395940,21.8
396000,22.6
396060,23.2
396120,22.8
396180,21.8
396240,22.8
396300,22.8
396360,23.2
396420,24.2
396480,23.8
396540,23.2
396600,23.2
396660,24.2
396720,24.2
396780,23.2
396840,23.8
396900,22.4
396960,23.0
397020,23.8
397080,22.6
397140,23.4
397200,23.4
397260,25.0
397320,22.8
397380,24.0
397440,23.2
397500,23.0
397560,23.6
397620,25.0
397680,23.6
397740,23.6
397800,22.4
397860,22.6
397920,23.8
397980,22.4
398040,23.0
398100,23.6
398160,21.6
398220,23.4
398280,21.8
398340,22.2
398400,21.0
398460,22.2
398520,22.8
398580,21.4
398640,24.0
398700,22.2
398760,23.8
398820,23.8
398880,23.4
398940,21.4
399000,24.4
399060,23.2
399120,22.8
399180,25.0
399240,24.8
399300,23.6
399360,23.4
399420,24.4
399480,22.8
399540,24.2
399600,24.0
399660,24.4
399720,25.0
399780,23.8
399840,22.8
399900,24.8
399960,24.4
400020,24.6
400080,25.4
400140,24.2
400200,25.2
400260,25.2
400320,24.4
400380,23.6
400440,24.6
400500,24.4
400560,23.6
400620,24.0
400680,22.6
400740,24.6
400800,23.0
400860,24.6
400920,26.0
400980,23.8
401040,24.0
401100,22.8
401160,24.6
401220,23.4
401280,24.2
401340,23.8
401400,23.6
401460,23.0
401520,23.4
401580,23.8
401640,24.2
401700,23.6
401760,23.8
401820,22.0
401880,22.6
401940,24.2
402000,23.8
402060,22.8
402120,23.6
402180,22.6
402240,23.4
402300,24.0
402360,23.6
402420,25.2
402480,23.8
402540,22.8
402600,24.8
402660,23.2
402720,22.8
402780,23.6
402840,23.8
402900,24.4
402960,22.6
403020,24.6
403080,23.6
403140,22.2
403200,24.2
403260,22.6
403320,22.8
403380,23.4
403440,24.4
403500,23.6
403560,24.6
403620,24.0
403680,24.2
403740,23.4
403800,24.0
403860,23.2
403920,23.6
403980,25.4
404040,24.6
404100,23.6
404160,23.2
404220,22.8
404280,24.2
404340,25.0
404400,24.0
404460,23.6
404520,24.8
404580,24.0
404640,24.4
404700,22.2
404760,22.4
404820,24.2
404880,23.2
404940,23.6
405000,23.6
405060,23.2
405120,24.4
405180,22.6
405240,23.6
405300,23.6
405360,24.0
405420,23.6
405480,24.4
405540,24.8
405600,23.8
405660,24.0
405720,22.4
405780,23.2
405840,22.8
405900,24.8
405960,24.4
406020,23.4
406080,23.6
406140,23.2
406200,23.8
406260,24.6
406320,23.6
406380,23.6
406440,25.4
406500,25.0
406560,22.8
406620,24.4
406680,23.8
406740,25.4
406800,25.4
406860,24.6
406920,25.0
406980,24.4
407040,25.0
407100,24.8
407160,26.6
407220,24.2
407280,26.6
407340,24.0
407400,26.0
407460,25.4
407520,23.6
407580,23.6
407640,24.4
407700,25.6
407760,24.4
407820,24.6
407880,23.6
407940,25.6
408000,25.8
408060,24.8
408120,24.6
408180,23.8
408240,24.6
408300,25.0
408360,25.8
408420,24.0
408480,22.8
408540,24.8
408600,23.6
408660,24.2
408720,24.2
408780,23.2
408840,23.8
408900,24.0
408960,24.4
409020,23.2
409080,25.8
409140,24.0
409200,24.6
409260,22.6
409320,23.8
409380,24.2
409440,23.0
409500,23.6
409560,24.0
409620,26.6
409680,24.0
409740,24.2
409800,23.6
409860,23.8
409920,25.2
409980,23.8
410040,23.4
410100,24.4
410160,24.4
410220,24.6
410280,24.6
410340,24.8
410400,24.6
410460,24.0
410520,25.2
410580,23.8
410640,24.0
410700,24.6
410760,24.4
410820,24.8
410880,25.6
410940,23.8
411000,25.6
411060,24.4
411120,24.2
411180,24.2
411240,24.8
411300,24.0
411360,24.2
411420,23.6
411480,24.0
411540,23.6
411600,24.2
411660,24.0
411720,24.0
411780,23.4
411840,24.0
411900,23.8
411960,25.6
412020,24.8
412080,23.4
412140,25.6
412200,22.8
412260,27.0
412320,23.6
412380,24.8
412440,24.4
412500,24.6
412560,25.2
412620,23.2
412680,25.6
412740,26.6
412800,24.2
412860,24.6
412920,25.2
412980,24.6
413040,23.0
413100,24.6
413160,24.8
413220,23.0
413280,25.0
413340,24.8
413400,24.8
413460,23.6
413520,26.4
413580,25.4
413640,24.4
413700,24.4
413760,25.2
413820,24.6
413880,25.2
413940,24.8
414000,24.2
414060,25.2
414120,25.0
414180,25.2
414240,24.8
414300,25.8
414360,26.4
414420,25.0
414480,24.8
414540,25.4
414600,24.8
414660,24.0
414720,24.6
414780,25.6
414840,26.6
414900,25.2
414960,25.4
415020,24.4
415080,24.2
415140,23.4
415200,25.4
415260,25.6
415320,24.8
415380,24.6
415440,22.6
415500,22.8
415560,24.2
415620,22.6
415680,23.0
415740,24.4
415800,23.2
415860,23.8
415920,24.0
415980,24.6
416040,23.6
416100,23.8
416160,23.4
416220,23.0
416280,23.2
416340,24.0
416400,25.2
416460,23.4
416520,23.4
416580,24.8
416640,22.8
416700,23.8
416760,24.0
416820,23.4
416880,23.2
416940,24.0
417000,23.2
417060,23.4
417120,23.2
417180,22.8
417240,24.2
417300,23.2
417360,24.2
417420,23.0
417480,24.4
417540,25.0
417600,22.6
417660,23.8
417720,23.2
417780,24.2
417840,22.6
417900,23.2
417960,22.8
418020,23.8
418080,23.8
418140,23.8
418200,23.4
418260,25.0
418320,24.2
418380,24.4
418440,24.0
418500,24.8
418560,25.2
418620,24.0
418680,23.0
418740,22.4
418800,24.4
418860,23.8
418920,23.8
418980,22.6
419040,25.0
419100,24.2
419160,21.6
419220,24.4
419280,21.8
419340,24.4
419400,23.2
419460,23.2
419520,25.2
419580,22.8
419640,23.2
419700,23.6
419760,22.8
419820,24.0
419880,22.4
419940,24.6
420000,23.2
420060,22.6
420120,23.6
420180,23.8
420240,24.0
420300,22.8
420360,23.8
420420,24.2
420480,23.8
420540,23.2
420600,25.4
420660,24.0
420720,25.4
420780,24.0
420840,23.6
420900,25.0
420960,24.2
421020,23.6
421080,23.4
421140,24.4
421200,24.6
421260,23.6
421320,24.0
421380,24.4
421440,23.4
421500,24.8
421560,24.2
421620,23.6
421680,24.0
421740,23.6
421800,23.6
421860,23.0
421920,24.8
421980,24.8
422040,24.0
422100,23.8
422160,22.8
422220,23.8
422280,24.0
422340,24.2
422400,24.2
422460,24.0
422520,23.0
422580,23.6
422640,24.4
422700,25.0
422760,24.2
422820,23.2
422880,23.6
422940,24.0
423000,24.4
423060,24.2
423120,24.4
423180,24.0
423240,25.8
423300,26.6
423360,24.4
423420,23.8
423480,24.2
423540,23.8
423600,23.8
423660,24.0
423720,23.8
423780,23.2
423840,23.2
423900,23.8
423960,23.6
424020,23.8
424080,24.2
424140,23.0
424200,23.8
424260,23.2
424320,24.2
424380,23.2
424440,23.6
424500,24.0
424560,23.8
424620,23.8
424680,24.4
424740,24.4
424800,24.6
424860,23.6
424920,23.8
424980,24.4
425040,24.0
425100,22.4
425160,24.2
425220,22.4
425280,24.4
425340,24.0
425400,24.8
425460,24.2
425520,24.4
425580,24.0
425640,25.4
425700,23.0
425760,22.0
425820,23.8
425880,23.8
425940,23.6
426000,22.6
426060,22.2
426120,22.6
426180,23.4
426240,22.0
426300,23.6
426360,22.2
426420,21.2
426480,22.0
426540,22.4
426600,23.2
426660,23.8
426720,22.6
426780,22.4
426840,22.2
426900,22.4
426960,23.0
427020,22.4
427080,22.0
427140,23.8
427200,21.8
427260,22.8
427320,22.2
427380,23.0
427440,23.2
427500,22.2
427560,22.2
427620,23.4
427680,23.6
427740,24.6
427800,22.4
427860,23.6
427920,22.4
427980,22.0
428040,23.2
428100,23.4
428160,23.0
428220,22.6
428280,23.0
428340,23.6
428400,22.2
428460,23.4
428520,23.2
428580,22.0
428640,23.2
428700,23.4
428760,23.0
428820,21.6
428880,22.2
428940,22.2
429000,23.0
429060,23.8
429120,22.4
429180,23.4
429240,22.0
429300,22.2
429360,22.4
429420,22.8
429480,23.0
429540,23.0
429600,23.8
429660,24.2
429720,22.0
429780,23.2
429840,21.8
429900,23.8
429960,22.2
430020,24.2
430080,23.8
430140,22.6
430200,23.0
430260,24.0
430320,23.6
430380,23.2
430440,22.8
430500,25.0
430560,24.0
430620,22.8
430680,22.6
430740,23.6
430800,24.0
430860,23.2
430920,23.6
430980,23.8
431040,24.6
431100,23.8
431160,24.0
431220,22.6
431280,22.6
431340,22.8
431400,23.8
431460,24.0
431520,23.4
431580,24.0
431640,23.4
431700,22.8
431760,23.8
431820,24.2
431880,24.0
431940,22.8
432000,23.6
432060,22.4
432120,23.0
432180,24.2
432240,24.0
432300,22.8
432360,24.2
432420,24.2
432480,24.4
432540,23.8
432600,25.0
432660,24.2
432720,23.4
432780,23.0
432840,24.2
432900,24.0
432960,24.8
433020,24.4
433080,23.6
433140,24.0
433200,22.8
433260,25.2
433320,23.2
433380,24.2
433440,23.4
433500,23.0
433560,25.0
433620,22.4
433680,23.0
433740,23.8
433800,22.6
433860,23.4
433920,24.0
433980,24.2
434040,22.2
434100,24.2
434160,22.0
434220,24.8
434280,25.0
434340,24.4
434400,22.6
434460,24.0
434520,24.8
434580,22.6
434640,23.8
434700,21.8
434760,24.4
434820,23.2
434880,23.6
434940,23.8
435000,24.0
435060,24.0
435120,23.6
435180,22.2
435240,22.4
435300,23.4
435360,22.4
435420,23.0
435480,23.6
435540,23.8
435600,22.4
435660,24.0
435720,23.4
435780,21.6
435840,23.8
435900,22.4
435960,23.2
436020,23.4
436080,22.6
436140,23.0
436200,21.8
436260,21.4
436320,24.2
436380,23.0
436440,24.0
436500,23.2
436560,23.0
436620,22.4
436680,23.2
436740,21.8
436800,22.2
436860,21.8
436920,23.2
436980,22.6
437040,23.4
437100,24.6
437160,22.4
437220,23.2
437280,23.2
437340,21.0
437400,22.6
437460,22.2
437520,23.4
437580,23.4
437640,23.2
437700,22.2
437760,23.2
437820,22.6
437880,22.6
437940,22.6
438000,23.2
438060,22.0
438120,23.6
438180,22.8
438240,23.2
438300,22.6
438360,23.2
438420,22.2
438480,23.0
438540,24.2
438600,24.4
438660,23.6
438720,24.0
438780,23.6
438840,23.6
438900,23.2
438960,22.6
439020,23.4
439080,23.0
439140,23.8
439200,25.8
439260,23.8
439320,24.0
439380,24.0
439440,24.4
439500,25.0
439560,24.0
439620,25.0
439680,25.2
439740,25.6
439800,23.6
439860,24.2
439920,23.8
439980,25.0
440040,23.6
440100,22.4
440160,24.2
440220,24.0
440280,25.0
440340,22.4
440400,23.6
440460,24.8
440520,26.0
440580,25.4
440640,24.0
440700,24.8
440760,24.6
440820,24.4
440880,25.2
440940,25.4
441000,24.8
441060,24.0
441120,25.6
441180,24.4
441240,24.6
441300,24.4
441360,22.8
441420,24.4
441480,24.8
441540,26.0
441600,25.2
441660,24.2
441720,25.4
441780,24.6
441840,24.6
441900,23.4
441960,23.8
442020,23.8
442080,22.6
442140,23.4
442200,24.8
442260,24.0
442320,25.2
442380,24.8
442440,24.4
442500,24.6
442560,24.4
442620,25.0
442680,24.8
442740,25.2
442800,25.2
442860,24.4
442920,25.4
442980,24.8
443040,24.2
443100,26.2
443160,24.8
443220,23.6
443280,24.4
443340,23.8
443400,25.0
443460,24.4
443520,23.8
443580,23.4
443640,25.4
443700,24.2
443760,24.8
443820,23.0
443880,23.8
443940,24.2
444000,24.6
444060,23.4
444120,24.4
444180,23.0
444240,24.8
444300,23.0
444360,24.0
444420,23.2
444480,23.8
444540,24.8
444600,24.2
444660,25.0
444720,25.4
444780,23.4
444840,24.0
444900,24.6
444960,24.0
445020,24.0
445080,24.2
445140,23.2
445200,24.2
445260,22.8
445320,24.0
445380,23.4
445440,22.8
445500,24.6
445560,24.4
445620,23.6
445680,24.8
445740,24.8
445800,23.4
445860,24.0
445920,22.4
445980,23.2
446040,22.6
446100,24.4
446160,23.2
446220,22.2
446280,23.0
446340,24.0
446400,23.2
446460,22.6
446520,23.2
446580,22.2
446640,22.8
446700,23.0
446760,24.6
446820,22.4
446880,22.6
446940,24.0
447000,22.6
447060,23.4
447120,22.8
447180,22.8
447240,22.8
447300,23.4
447360,23.6
447420,23.0
447480,24.0
447540,22.6
447600,23.2
447660,23.2
447720,22.0
447780,23.2
447840,23.8
447900,23.0
447960,24.8
448020,23.6
448080,23.2
448140,23.2
448200,23.4
448260,23.6
448320,23.2
448380,22.8
448440,23.4
448500,22.8
448560,24.8
448620,23.2
448680,24.4
448740,23.2
448800,22.2
448860,23.6
448920,23.8
448980,22.4
449040,23.4
449100,24.0
449160,23.2
449220,24.0
449280,23.8
449340,23.6
449400,22.6
449460,24.8
449520,23.8
449580,24.2
449640,24.4
449700,22.4
449760,23.8
449820,23.2
449880,23.4
449940,23.6
450000,25.2
450060,23.4
450120,22.8
450180,23.8
450240,23.4
450300,23.2
450360,24.4
450420,23.8
450480,23.4
450540,22.6
450600,23.0
450660,23.0
450720,22.8
450780,22.2
450840,24.2
450900,22.8
450960,22.8
451020,22.0
451080,23.2
451140,22.6
451200,23.4
451260,23.6
451320,23.4
451380,24.0
451440,23.2
451500,24.0
451560,23.8
451620,23.8
451680,24.4
451740,24.6
451800,23.6
451860,24.0
451920,23.8
451980,23.4
452040,22.4
452100,22.8
452160,23.4
452220,22.0
452280,22.0
452340,20.8
452400,23.8
452460,22.2
452520,22.4
452580,22.4
452640,22.0
452700,21.0
452760,22.6
452820,20.8
452880,22.0
452940,22.0
453000,21.0
453060,21.4
453120,22.2
453180,22.2
453240,22.4
453300,24.4
453360,21.4
453420,21.4
453480,22.8
453540,23.0
453600,23.6
453660,22.2
453720,24.0
453780,23.0
453840,23.4
453900,24.0
453960,22.6
454020,23.4
454080,24.6
454140,21.4
454200,24.0
454260,23.6
454320,25.0
454380,22.6
454440,22.8
454500,23.4
454560,23.4
454620,24.4
454680,24.2
454740,25.0
454800,24.2
454860,25.0
454920,22.2
454980,22.8
455040,23.2
455100,22.2
455160,23.6
455220,23.4
455280,24.8
455340,24.6
455400,24.2
455460,24.6
455520,22.6
455580,24.4
455640,24.0
455700,24.0
455760,24.0
455820,25.2
455880,24.8
455940,24.8
456000,23.4
456060,24.0
456120,24.4
456180,24.0
456240,23.6
456300,24.6
456360,23.8
456420,23.0
456480,24.6
456540,23.6
456600,22.6
456660,22.2
456720,23.0
456780,22.8
456840,24.0
456900,23.2
456960,24.6
457020,23.0
457080,24.4
457140,23.8
457200,23.6
457260,23.2
457320,23.6
457380,24.8
457440,23.6
457500,22.8
457560,23.2
457620,23.6
457680,24.8
457740,23.6
457800,23.2
457860,23.4
457920,23.2
457980,22.8
458040,23.4
458100,24.2
458160,25.2
458220,23.2
458280,23.6
458340,24.4
458400,23.8
458460,24.6
458520,22.2
458580,24.0
458640,22.8
458700,23.0
458760,23.0
458820,23.2
458880,23.8
458940,23.2
459000,22.8
459060,22.6
459120,24.0
459180,21.8
459240,22.8
459300,23.8
459360,22.4
459420,23.4
459480,23.8
459540,24.2
459600,21.6
459660,23.4
459720,22.6
459780,19.4
459840,23.2
459900,23.6
459960,22.8
460020,24.0
460080,25.0
460140,22.6
460200,22.2
460260,23.6
460320,23.6
460380,25.2
460440,24.0
460500,24.2
460560,23.8
460620,22.0
460680,24.4
460740,24.6
460800,25.4
460860,23.4
460920,23.2
460980,24.4
461040,24.2
461100,23.6
461160,25.4
461220,24.2
461280,24.6
461340,25.4
461400,24.0
461460,24.2
461520,24.0
461580,23.4
461640,23.2
461700,25.4
461760,23.8
461820,23.4
461880,24.2
461940,23.2
462000,23.8
462060,23.4
462120,23.6
462180,23.8
462240,23.4
462300,24.8
462360,24.2
462420,25.0
462480,24.6
462540,24.4
462600,24.8
462660,25.6
462720,22.8
462780,23.4
462840,24.8
462900,24.6
462960,25.4
463020,23.6
463080,24.2
463140,25.0
463200,24.8
463260,24.0
463320,24.6
463380,23.6
463440,24.0
463500,23.8
463560,24.0
463620,24.6
463680,25.0
463740,24.6
463800,24.2
463860,24.2
463920,24.0
463980,23.8
464040,25.8
464100,23.2
464160,22.6
464220,25.0
464280,25.2
464340,24.6
464400,25.2
464460,25.2
464520,24.4
464580,25.4
464640,23.6
464700,24.8
464760,24.2
464820,23.6
464880,23.8
464940,24.4
465000,24.2
465060,24.6
465120,24.8
465180,23.8
465240,25.0
465300,25.0
465360,24.2
465420,25.0
465480,22.6
465540,23.4
465600,24.0
465660,25.4
465720,24.8
465780,25.8
465840,25.2
465900,23.8
465960,25.2
466020,25.0
466080,24.8
466140,23.8
466200,25.8
466260,24.4
466320,24.0
466380,25.2
466440,26.4
466500,24.0
466560,24.2
466620,25.0
466680,23.6
466740,22.8
466800,23.2
466860,25.2
466920,25.0
466980,24.4
467040,25.8
467100,24.0
467160,24.2
467220,24.0
467280,24.0
467340,24.0
467400,24.4
467460,23.8
467520,24.8
467580,24.4
467640,23.4
467700,24.8
467760,24.4
467820,23.8
467880,24.0
467940,23.6
468000,23.6
468060,24.6
468120,23.6
468180,25.4
468240,23.4
468300,25.4
468360,24.2
468420,24.6
468480,24.0
468540,25.6
468600,24.6
468660,24.2
468720,24.0
468780,24.4
468840,24.2
468900,25.0
468960,25.6
469020,23.6
469080,23.2
469140,24.2
469200,23.6
469260,23.6
469320,24.8
469380,23.8
469440,25.0
469500,26.2
469560,25.0
469620,25.8
469680,23.0
469740,25.6
469800,24.8
469860,25.8
469920,25.4
469980,22.8
470040,22.8
470100,24.4
470160,25.2
470220,25.4
470280,24.6
470340,26.0
470400,25.4
470460,23.2
470520,25.0
470580,25.0
470640,24.0
470700,23.8
470760,23.6
470820,25.8
470880,23.8
470940,24.2
471000,25.0
471060,23.6
471120,24.6
471180,24.8
471240,23.8
471300,24.6
471360,24.8
471420,24.4
471480,24.8
471540,24.8
471600,25.8
471660,25.8
471720,25.4
471780,24.8
471840,24.4
471900,24.4
471960,24.6
472020,24.6
472080,26.2
472140,23.6
472200,23.8
472260,26.8
472320,25.0
472380,24.2
472440,24.2
472500,24.4
472560,23.6
472620,25.8
472680,24.0
472740,25.0
472800,24.8
472860,24.4
472920,26.2
472980,24.2
473040,24.6
473100,24.6
473160,24.8
473220,23.0
473280,23.6
473340,24.2
473400,24.6
473460,26.0
473520,24.2
473580,23.8
473640,23.6
473700,23.4
473760,25.0
473820,24.4
473880,21.8
473940,24.6
474000,23.2
474060,23.2
474120,22.4
474180,24.6
474240,23.0
474300,23.0
474360,23.0
474420,24.6
474480,22.4
474540,23.4
474600,23.6
474660,21.6
474720,23.0
474780,23.6
474840,23.6
474900,23.2
474960,24.4
475020,23.6
475080,23.6
475140,23.4
475200,24.4
475260,23.6
475320,23.6
475380,25.0
475440,24.0
475500,22.6
475560,24.4
475620,23.2
475680,23.0
475740,24.2
475800,24.4
475860,23.2
475920,23.8
475980,23.6
476040,22.6
476100,23.0
476160,23.0
476220,24.2
476280,22.8
476340,23.2
476400,24.2
476460,22.8
476520,22.4
476580,22.8
476640,22.8
476700,21.4
476760,22.0
476820,22.8
476880,22.8
476940,22.2
477000,23.6
477060,21.4
477120,20.4
477180,21.6
477240,21.8
477300,24.2
477360,22.4
477420,23.0
477480,23.8
477540,23.4
477600,23.6
477660,24.4
477720,23.8
477780,23.4
477840,22.2
477900,23.8
477960,22.4
478020,23.2
478080,24.2
478140,22.8
478200,22.6
478260,22.6
478320,23.6
478380,23.6
478440,23.6
478500,22.6
478560,24.8
478620,23.6
478680,23.4
478740,23.2
478800,23.2
478860,22.6
478920,22.8
478980,22.4
479040,22.0
479100,23.0
479160,22.8
479220,24.0
479280,23.0
479340,24.6
479400,23.6
479460,22.2
479520,23.6
479580,23.2
479640,23.4
479700,23.2
479760,22.8
479820,23.0
479880,24.0
479940,22.6
480000,24.0
480060,23.6
480120,23.2
480180,24.6
480240,22.6
480300,23.0
480360,23.2
480420,23.8
480480,23.4
480540,22.8
480600,24.0
480660,23.4
480720,24.2
480780,23.8
480840,23.0
480900,23.6
480960,22.8
481020,22.8
481080,22.8
481140,23.0
481200,23.4
481260,23.8
481320,22.4
481380,23.6
481440,23.6
481500,23.0
481560,23.6
481620,24.8
481680,23.2
481740,22.6
481800,24.4
481860,23.8
481920,23.8
481980,24.0
482040,22.4
482100,22.8
482160,24.2
482220,25.6
482280,23.4
482340,24.2
482400,24.2
482460,25.0
482520,25.0
482580,25.6
482640,24.0
482700,24.8
482760,23.0
482820,24.0
482880,23.6
482940,22.4
483000,24.2
483060,24.8
483120,25.0
483180,23.8
483240,24.4
483300,23.6
483360,23.8
483420,25.0
483480,22.2
483540,23.0
483600,23.6
483660,23.2
483720,23.4
483780,24.6
483840,22.2
483900,21.2
483960,23.4
484020,23.4
484080,22.6
484140,22.6
484200,23.4
484260,23.0
484320,21.8
484380,21.0
484440,23.8
484500,22.6
484560,22.6
484620,23.6
484680,22.6
484740,21.4
484800,22.8
484860,23.4
484920,23.8
484980,24.2
485040,23.4
485100,24.0
485160,24.6
485220,24.8
485280,24.2
485340,24.0
485400,24.2
485460,22.4
485520,23.4
485580,24.0
485640,24.8
485700,23.6
485760,24.2
485820,23.4
485880,22.8
485940,23.6
486000,24.4
486060,24.0
486120,23.2
486180,24.8
486240,25.4
486300,24.2
486360,25.0
486420,24.2
486480,24.2
486540,24.2
486600,22.6
486660,24.2
486720,25.6
486780,24.0
486840,23.6
486900,25.0
486960,25.2
487020,25.0
487080,23.0
487140,24.4
487200,23.8
487260,24.4
487320,24.4
487380,24.4
487440,23.8
487500,25.2
487560,24.6
487620,24.8
487680,25.0
487740,25.2
487800,24.6
487860,22.4
487920,24.2
487980,24.0
488040,23.4
488100,24.2
488160,24.6
488220,24.2
488280,23.2
488340,23.8
488400,24.8
488460,24.2
488520,25.6
488580,24.6
488640,24.6
488700,24.0
488760,25.2
488820,22.8
488880,22.6
488940,24.0
489000,23.8
489060,23.4
489120,23.4
489180,22.8
489240,23.4
489300,24.0
489360,23.2
489420,21.8
489480,24.0
489540,23.2
489600,23.6
489660,24.4
489720,22.8
489780,22.8
489840,24.8
489900,23.6
489960,24.6
490020,24.0
490080,23.4
490140,24.2
490200,24.2
490260,23.2
490320,24.0
490380,23.0
490440,23.8
490500,23.6
490560,22.4
490620,24.2
490680,23.8
490740,22.4
490800,22.8
490860,22.6
490920,21.0
490980,22.2
491040,22.4
491100,22.2
491160,22.8
491220,20.4
491280,23.4
491340,21.8
491400,22.8
491460,23.8
491520,21.8
491580,21.4
491640,24.2
491700,22.0
491760,21.6
491820,22.6
491880,21.2
491940,20.8
492000,22.2
492060,23.4
492120,22.0
492180,22.6
492240,22.0
492300,23.4
492360,22.4
492420,23.0
492480,22.0
492540,22.6
492600,22.6
492660,22.0
492720,21.8
492780,22.0
492840,21.2
492900,22.6
492960,21.2
493020,24.2
493080,24.2
493140,23.2
493200,22.4
493260,23.2
493320,23.2
493380,23.0
493440,24.8
493500,23.8
493560,24.2
493620,23.8
493680,23.4
493740,22.6
493800,24.4
493860,21.8
493920,24.4
493980,25.4
494040,23.6
494100,23.0
494160,23.2
494220,23.6
494280,22.4
494340,24.4
494400,23.4
494460,24.4
494520,23.8
494580,23.6
494640,23.8
494700,24.0
494760,22.6
494820,24.8
494880,24.8
494940,23.6
495000,24.0
495060,23.8
495120,22.8
495180,23.6
495240,24.2
495300,23.6
495360,24.4
495420,23.2
495480,24.6
495540,25.0
495600,23.4
495660,23.4
495720,24.6
495780,23.6
495840,25.2
495900,23.4
495960,26.6
496020,22.8
496080,23.6
496140,22.8
496200,23.0
496260,24.2
496320,25.4
496380,24.0
496440,25.0
496500,23.4
496560,22.8
496620,23.8
496680,23.2
496740,24.2
496800,24.0
496860,23.0
496920,22.6
496980,22.8
497040,25.0
497100,23.8
497160,24.6
497220,23.4
497280,22.4
497340,23.2
497400,24.0
497460,23.6
497520,24.4
497580,23.6
497640,23.6
497700,23.0
497760,24.2
497820,21.8
497880,23.4
497940,22.8
498000,23.6
498060,22.4
498120,23.2
498180,25.0
498240,23.6
498300,25.0
498360,23.6
498420,24.0
498480,24.2
498540,23.4
498600,24.8
498660,24.2
498720,23.6
498780,22.4
498840,23.2
498900,23.6
498960,24.0
499020,23.6
499080,24.0
499140,22.4
499200,23.0
499260,25.4
499320,23.2
499380,23.2
499440,24.0
499500,24.8
499560,23.2
499620,24.0
499680,23.6
499740,22.4
499800,23.6
499860,24.6
499920,23.2
499980,22.4
500040,24.2
500100,23.4
500160,23.0
500220,22.8
500280,24.2
500340,24.0
500400,24.8
500460,23.6
500520,23.0
500580,23.2
500640,23.8
500700,22.2
500760,22.6
500820,23.4
500880,25.4
500940,22.6
501000,23.0
501060,24.2
501120,22.6
501180,24.4
501240,23.0
501300,21.8
501360,22.4
501420,22.8
501480,22.6
501540,22.8
501600,22.4
501660,21.6
501720,22.2
501780,23.4
501840,22.2
501900,22.2
501960,24.2
502020,23.8
502080,22.0
502140,22.4
502200,23.8
502260,22.6
502320,23.2
502380,22.6
502440,22.4
502500,22.4
502560,23.2
502620,22.2
502680,22.8
502740,23.0
502800,22.6
502860,23.2
502920,23.6
502980,23.0
503040,23.0
503100,22.6
503160,22.2
503220,22.0
503280,23.2
503340,22.0
503400,21.4
503460,21.6
503520,22.0
503580,22.0
503640,24.0
503700,21.8
503760,22.4
503820,23.0
503880,22.0
503940,22.4
504000,23.6
504060,22.6
504120,23.2
504180,23.0
504240,23.0
504300,23.6
504360,22.6
504420,21.8
504480,22.6
504540,23.2
504600,22.4
504660,22.6
504720,24.2
504780,24.6
504840,23.0
504900,25.0
504960,25.2
505020,23.0
505080,23.6
