#Steps,score
60,1.0
120,1.0
180,1.0
240,1.4
300,0.6
360,1.2
420,0.4
480,1.0
540,0.8
600,0.6
660,1.4
720,1.0
780,0.4
840,0.8
900,1.0
960,1.4
1020,1.6
1080,1.6
1140,1.6
1200,1.6
1260,2.2
1320,1.0
1380,1.4
1440,1.6
1500,1.0
1560,1.6
1620,1.4
1680,1.2
1740,1.0
1800,1.4
1860,0.4
1920,1.2
1980,1.4
2040,0.8
2100,1.2
2160,1.0
2220,0.6
2280,0.8
2340,0.6
2400,1.4
2460,1.8
2520,0.8
2580,0.6
2640,1.6
2700,0.6
2760,1.2
2820,2.0
2880,1.2
2940,1.2
3000,0.6
3060,0.8
3120,0.6
3180,2.2
3240,1.2
3300,0.4
3360,1.8
3420,0.8
3480,0.8
3540,0.6
3600,0.6
3660,1.0
3720,1.6
3780,1.0
3840,1.4
3900,1.2
3960,1.0
4020,1.6
4080,0.6
4140,1.6
4200,1.0
4260,0.8
4320,2.4
4380,0.6
4440,1.0
4500,1.6
4560,2.2
4620,1.0
4680,1.0
4740,1.2
4800,1.0
4860,0.8
4920,1.4
4980,1.0
5040,1.4
5100,2.4
5160,1.4
5220,1.4
5280,1.2
5340,1.4
5400,1.8
5460,2.0
5520,1.6
5580,0.6
5640,1.6
5700,1.2
5760,1.8
5820,2.2
5880,1.4
5940,2.0
6000,0.8
6060,0.6
6120,0.6
6180,0.8
6240,1.6
6300,1.4
6360,1.2
6420,1.2
6480,1.8
6540,1.2
6600,1.4
6660,1.0
6720,1.4
6780,1.4
6840,1.4
6900,1.4
6960,2.6
7020,1.6
7080,1.2
7140,1.6
7200,0.4
7260,1.0
7320,1.6
7380,2.0
7440,1.8
7500,1.4
7560,1.0
7620,1.2
7680,1.2
7740,1.6
7800,1.8
7860,1.6
7920,1.4
7980,1.6
8040,1.6
8100,2.6
8160,1.6
8220,2.4
8280,1.4
8340,1.4
8400,1.8
8460,1.6
8520,1.2
8580,1.6
8640,1.6
8700,1.2
8760,2.8
8820,1.4
8880,0.8
8940,1.6
9000,0.6
9060,1.6
9120,0.6
9180,1.2
9240,1.0
9300,2.4
9360,1.2
9420,1.8
9480,1.0
9540,1.8
9600,1.8
9660,1.4
9720,1.8
9780,1.4
9840,1.6
9900,1.4
9960,1.0
10020,1.2
10080,1.2
10140,0.8
10200,1.6
10260,1.6
10320,0.8
10380,1.8
10440,1.2
10500,1.8
10560,0.6
10620,2.0
10680,1.2
10740,1.4
10800,1.6
10860,1.0
10920,0.4
10980,2.2
11040,1.4
11100,1.0
11160,2.4
11220,1.2
11280,2.0
11340,0.8
11400,1.6
11460,1.8
11520,1.4
11580,2.0
11640,1.2
11700,1.0
11760,1.0
11820,1.2
11880,1.4
11940,1.4
12000,2.2
12060,0.8
12120,1.6
12180,1.4
12240,2.0
12300,2.2
12360,1.8
12420,2.6
12480,1.0
12540,1.6
12600,1.4
12660,2.6
12720,1.2
12780,1.0
12840,1.4
12900,3.2
12960,0.8
13020,1.4
13080,2.0
13140,2.6
13200,1.6
13260,2.0
13320,1.0
13380,1.4
13440,1.4
13500,0.8
13560,1.6
13620,2.6
13680,3.0
13740,2.0
13800,1.0
13860,2.2
13920,2.8
13980,2.2
14040,2.0
14100,1.0
14160,2.0
14220,0.6
14280,2.4
14340,1.4
14400,2.2
14460,1.8
14520,2.2
14580,0.8
14640,2.4
14700,1.2
14760,1.0
14820,1.6
14880,1.6
14940,2.0
15000,2.4
15060,2.0
15120,3.0
15180,2.0
15240,3.2
15300,2.8
15360,2.8
15420,3.4
15480,4.0
15540,3.8
15600,3.4
15660,2.6
15720,3.6
15780,2.0
15840,2.0
15900,2.4
15960,2.8
16020,2.0
16080,2.2
16140,2.6
16200,2.2
16260,2.2
16320,1.8
16380,2.8
16440,2.2
16500,2.8
16560,2.8
16620,3.8
16680,2.0
16740,2.6
16800,3.4
16860,2.2
16920,2.4
16980,3.0
17040,2.6
17100,2.8
17160,2.4
17220,2.8
17280,4.0
17340,2.6
17400,4.6
17460,4.8
17520,3.2
17580,3.6
17640,4.4
17700,4.4
17760,5.4
17820,4.8
17880,5.8
17940,7.0
18000,5.2
18060,7.0
18120,9.8
18180,9.0
18240,11.0
18300,13.6
18360,16.4
18420,19.2
18480,20.0
18540,22.4
18600,21.0
18660,20.6
18720,19.4
18780,17.4
18840,19.2
18900,17.2
18960,17.4
19020,16.8
19080,18.0
19140,19.2
19200,19.4
19260,20.2
19320,20.0
19380,19.8
19440,21.4
19500,19.8
19560,22.2
19620,22.6
19680,21.8
19740,22.2
19800,23.4
19860,23.2
19920,22.8
19980,21.0
20040,24.0
20100,22.6
20160,21.4
20220,23.4
20280,24.2
20340,23.2
20400,24.0
20460,22.8
20520,23.2
20580,23.8
20640,23.8
20700,24.4
20760,24.4
20820,22.8
20880,22.2
20940,23.6
21000,23.8
21060,24.2
21120,25.4
21180,25.0
21240,22.8
21300,25.4
21360,24.8
21420,24.0
21480,24.8
21540,24.6
21600,25.2
21660,26.2
21720,24.6
21780,25.2
21840,22.4
21900,24.4
21960,24.8
22020,24.2
22080,25.0
22140,24.8
22200,25.6
22260,25.4
22320,24.6
22380,25.2
22440,23.8
22500,25.0
22560,23.2
22620,24.2
22680,24.6
22740,23.6
22800,25.0
22860,24.0
22920,23.4
22980,24.2
23040,23.8
23100,24.6
23160,24.8
23220,23.2
23280,24.8
23340,24.6
23400,24.4
23460,24.6
23520,22.6
23580,23.6
23640,25.0
23700,23.2
23760,23.6
23820,24.8
23880,24.2
23940,25.2
24000,22.2
24060,23.0
24120,23.6
24180,25.0
24240,24.8
24300,23.2
24360,23.2
24420,24.0
24480,24.4
24540,24.6
24600,24.0
24660,24.0
24720,22.8
24780,23.0
24840,24.4
24900,24.0
24960,23.4
25020,24.2
25080,23.0
25140,22.4
25200,23.0
25260,23.4
25320,23.4
25380,24.0
25440,24.2
25500,23.8
25560,23.4
25620,23.0
25680,24.2
25740,23.4
25800,24.6
25860,23.6
25920,24.0
25980,23.8
26040,23.8
26100,22.8
26160,24.6
26220,25.0
26280,25.0
26340,24.2
26400,25.0
26460,24.4
26520,25.6
26580,23.6
26640,24.6
26700,24.6
26760,24.2
26820,24.8
26880,24.4
26940,24.2
27000,25.0
27060,23.2
27120,24.8
27180,23.8
27240,24.6
27300,24.6
27360,25.0
27420,25.6
27480,23.6
27540,24.0
27600,24.4
27660,23.6
27720,24.2
27780,23.8
27840,24.6
27900,25.8
27960,24.4
28020,24.6
28080,24.0
28140,23.4
28200,24.0
28260,23.0
28320,23.8
28380,23.4
28440,21.2
28500,23.8
28560,23.6
28620,23.4
28680,21.2
28740,21.6
28800,21.6
28860,22.8
28920,23.4
28980,22.2
29040,21.8
29100,24.4
29160,22.8
29220,22.8
29280,22.2
29340,22.8
29400,22.4
29460,21.8
29520,23.6
29580,23.6
29640,22.8
29700,22.4
29760,22.6
29820,23.4
29880,23.4
29940,22.8
30000,22.4
30060,24.0
30120,23.2
30180,23.6
30240,23.0
30300,23.8
30360,21.6
30420,24.0
30480,22.6
30540,23.4
30600,23.0
30660,25.0
30720,22.2
30780,23.8
30840,23.2
30900,23.6
30960,25.4
31020,24.2
31080,23.4
31140,23.0
31200,24.0
31260,23.6
31320,24.6
31380,26.6
31440,23.2
31500,23.4
31560,24.8
31620,23.6
31680,23.6
31740,23.8
31800,24.2
31860,25.0
31920,23.8
31980,23.8
32040,24.4
32100,25.2
32160,24.2
32220,22.8
32280,24.0
32340,23.8
32400,23.2
32460,24.2
32520,23.0
32580,23.8
32640,23.0
32700,23.0
32760,23.8
32820,23.4
32880,23.4
32940,23.4
33000,22.2
33060,23.4
33120,23.8
33180,22.2
33240,23.2
33300,25.0
33360,22.8
33420,23.8
33480,21.2
33540,23.2
33600,23.8
33660,24.4
33720,24.2
33780,23.8
33840,23.4
33900,22.6
33960,23.4
34020,22.0
34080,23.6
34140,23.6
34200,22.6
34260,23.2
34320,23.8
34380,24.0
34440,22.8
34500,25.2
34560,24.4
34620,23.2
34680,24.2
34740,23.4
34800,24.2
34860,22.4
34920,23.6
34980,24.4
35040,23.8
35100,22.2
35160,24.8
35220,23.8
35280,21.4
35340,21.2
35400,22.6
35460,24.4
35520,23.2
35580,23.4
35640,21.4
35700,23.8
35760,23.0
35820,22.8
35880,23.0
35940,23.2
36000,24.6
36060,24.0
36120,23.8
36180,23.0
36240,24.6
36300,23.8
36360,25.4
36420,24.2
36480,23.8
36540,24.0
36600,23.8
36660,24.4
36720,24.0
36780,26.2
36840,24.2
36900,24.6
36960,24.6
37020,24.2
37080,25.6
37140,24.2
37200,25.0
37260,24.8
37320,24.6
37380,23.2
37440,23.4
37500,24.4
37560,22.6
37620,24.2
37680,24.8
37740,23.6
37800,23.8
37860,22.0
37920,25.0
37980,24.0
38040,23.0
38100,24.4
38160,24.4
38220,22.4
38280,23.0
38340,22.6
38400,21.8
38460,23.2
38520,22.4
38580,20.8
38640,21.8
38700,21.8
38760,22.6
38820,22.4
38880,21.6
38940,22.2
39000,23.4
39060,21.8
39120,22.4
39180,21.6
39240,23.8
39300,24.0
39360,24.8
39420,23.6
39480,24.6
39540,25.4
39600,24.8
39660,25.2
39720,24.8
39780,24.4
39840,23.8
39900,24.2
39960,23.8
40020,23.8
40080,24.2
40140,23.6
40200,23.8
40260,23.8
40320,23.6
40380,24.6
40440,24.8
40500,24.2
40560,24.8
40620,24.4
40680,24.0
40740,23.2
40800,24.4
40860,24.0
40920,22.2
40980,23.0
41040,22.2
41100,23.6
41160,22.0
41220,22.4
41280,25.2
41340,23.2
41400,22.4
41460,21.8
41520,24.0
41580,22.4
41640,23.6
41700,23.8
41760,22.0
41820,23.0
41880,22.6
41940,22.8
42000,22.6
42060,22.0
42120,24.4
42180,22.2
42240,22.2
42300,22.8
42360,24.4
42420,23.6
42480,23.6
42540,23.8
42600,25.4
42660,24.4
42720,22.4
42780,24.4
42840,24.0
42900,23.8
42960,25.4
43020,25.0
43080,24.4
43140,24.6
43200,22.8
43260,24.4
43320,25.2
43380,24.4
43440,23.6
43500,24.2
43560,23.2
43620,24.8
43680,25.8
43740,24.0
43800,24.6
43860,24.6
43920,25.0
43980,24.0
44040,24.0
44100,25.4
44160,24.2
44220,23.0
44280,24.8
44340,24.2
44400,24.8
44460,24.6
44520,23.6
44580,24.0
44640,23.0
44700,23.8
44760,23.4
44820,22.0
44880,22.8
44940,22.8
45000,25.8
45060,24.0
45120,24.0
45180,25.0
45240,23.4
45300,24.0
45360,24.0
45420,25.0
45480,23.8
45540,24.8
45600,23.6
45660,24.8
45720,24.4
45780,23.8
45840,24.4
45900,25.0
45960,24.0
46020,25.6
46080,24.2
46140,24.2
46200,24.2
46260,23.6
46320,24.6
46380,25.0
46440,24.6
46500,26.0
46560,23.8
46620,24.2
46680,24.4
46740,24.6
46800,25.0
46860,24.8
46920,25.6
46980,24.2
47040,25.4
47100,25.4
47160,24.6
47220,22.2
47280,22.6
47340,25.6
47400,23.8
47460,23.6
47520,23.8
47580,24.4
47640,24.6
47700,25.6
47760,23.6
47820,24.8
47880,22.6
47940,24.2
48000,23.0
48060,23.0
48120,23.2
48180,23.0
48240,22.6
48300,22.4
48360,22.2
48420,23.2
48480,20.8
48540,21.0
48600,21.2
48660,20.4
48720,22.6
48780,21.6
48840,20.2
48900,22.6
48960,22.4
49020,22.4
49080,21.4
49140,22.6
49200,22.8
49260,24.0
49320,24.4
49380,24.6
49440,24.8
49500,24.4
49560,24.2
49620,24.4
49680,25.8
49740,25.0
49800,24.4
49860,26.2
49920,22.8
49980,23.2
50040,23.6
50100,25.2
50160,25.2
50220,24.6
50280,24.2
50340,24.0
50400,26.0
50460,25.8
50520,25.2
50580,24.2
50640,24.4
50700,24.4
50760,24.2
50820,25.6
50880,25.6
50940,24.8
51000,24.0
51060,23.6
51120,23.8
51180,24.8
51240,24.2
51300,23.0
51360,24.0
51420,24.0
51480,23.2
51540,26.2
51600,24.4
51660,25.0
51720,24.6
51780,23.8
51840,24.0
51900,23.4
51960,24.4
52020,23.4
52080,24.0
52140,24.0
52200,22.4
52260,23.4
52320,21.8
52380,24.6
52440,24.4
52500,24.2
52560,22.8
52620,24.2
52680,24.4
52740,25.6
52800,24.8
52860,24.2
52920,24.8
52980,22.8
53040,23.8
53100,25.6
53160,21.8
53220,25.0
53280,22.6
53340,23.4
53400,23.2
53460,23.8
53520,24.0
53580,24.8
53640,23.0
53700,24.4
53760,26.2
53820,24.0
53880,23.8
53940,22.8
54000,23.4
54060,23.0
54120,24.0
54180,24.0
54240,23.4
54300,22.4
54360,23.4
54420,23.2
54480,22.6
54540,23.4
54600,23.0
54660,23.0
54720,23.8
54780,22.2
54840,22.6
54900,22.8
54960,25.4
55020,23.2
55080,24.4
55140,25.8
55200,24.8
55260,23.6
55320,23.4
55380,24.0
55440,24.8
55500,24.0
55560,23.6
55620,23.4
55680,24.8
55740,25.4
55800,23.4
55860,24.8
55920,23.8
55980,23.8
56040,24.6
56100,23.4
56160,22.8
56220,23.8
56280,23.6
56340,22.6
56400,23.6
56460,23.6
56520,23.8
56580,24.0
56640,24.4
56700,24.6
56760,23.2
56820,24.2
56880,24.8
56940,25.2
57000,25.6
57060,24.0
57120,24.4
57180,24.2
57240,25.0
57300,23.6
57360,23.8
57420,24.6
57480,24.4
57540,23.8
57600,24.8
57660,22.8
57720,23.2
57780,22.0
57840,24.0
57900,23.8
57960,23.2
58020,23.4
58080,23.6
58140,22.8
58200,21.4
58260,22.4
58320,21.8
58380,24.2
58440,23.0
58500,23.2
58560,23.8
58620,22.2
58680,21.6
58740,23.0
58800,24.0
58860,22.8
58920,23.8
58980,23.6
59040,25.2
59100,23.6
59160,24.2
59220,23.4
59280,23.6
59340,23.0
59400,23.6
59460,23.2
59520,22.4
59580,23.4
59640,23.4
59700,24.0
59760,24.8
59820,24.6
59880,23.0
59940,22.8
60000,23.8
60060,24.8
60120,24.6
60180,23.0
60240,23.0
60300,23.8
60360,23.6
60420,24.2
60480,23.8
60540,23.4
60600,22.4
60660,23.0
60720,23.2
60780,24.6
60840,23.2
60900,23.6
60960,24.2
61020,22.6
61080,22.8
61140,24.4
61200,22.6
61260,24.2
61320,24.4
61380,23.0
61440,24.2
61500,24.0
61560,23.0
61620,24.2
61680,24.4
61740,23.8
61800,24.2
61860,23.6
61920,24.4
61980,24.6
62040,24.6
62100,24.4
62160,24.2
62220,23.8
62280,24.8
62340,23.6
62400,25.6
62460,25.6
62520,23.0
62580,23.8
62640,24.2
62700,24.6
62760,23.6
62820,23.2
62880,22.4
62940,22.8
63000,23.4
63060,23.0
63120,24.4
63180,21.6
63240,23.4
63300,23.8
63360,23.8
63420,23.0
63480,23.8
63540,22.8
63600,24.0
63660,24.4
63720,22.2
63780,24.4
63840,24.4
63900,22.4
63960,23.8
64020,23.4
64080,23.6
64140,23.2
64200,23.8
64260,26.8
64320,22.8
64380,23.0
64440,25.4
64500,22.4
64560,25.6
64620,23.6
64680,23.6
64740,25.0
64800,24.8
64860,23.8
64920,25.6
64980,25.8
65040,23.8
65100,24.6
65160,24.6
65220,24.0
65280,23.0
65340,25.0
65400,25.6
65460,24.6
65520,26.0
65580,24.2
65640,25.2
65700,23.6
65760,25.2
65820,25.0
65880,26.4
65940,23.4
66000,24.0
66060,23.4
66120,24.6
66180,23.2
66240,23.8
66300,22.6
66360,24.0
66420,22.6
66480,23.0
66540,24.2
66600,22.4
66660,24.2
66720,24.0
66780,24.0
66840,23.6
66900,24.4
66960,23.0
67020,25.0
67080,23.2
67140,24.6
67200,23.0
67260,25.6
67320,24.4
67380,24.6
67440,25.2
67500,24.4
67560,23.6
67620,25.2
67680,23.2
67740,23.6
67800,24.6
67860,24.0
67920,23.6
67980,23.2
68040,23.0
68100,23.4
68160,23.4
68220,24.2
68280,23.0
68340,23.8
68400,24.2
68460,22.6
68520,23.8
68580,22.6
68640,23.8
68700,23.6
68760,23.4
68820,24.0
68880,23.6
68940,24.2
69000,22.8
69060,23.6
69120,23.6
69180,26.2
69240,23.6
69300,23.4
69360,22.6
69420,24.2
69480,24.8
69540,23.8
69600,25.0
69660,24.6
69720,24.4
69780,24.0
69840,25.4
69900,24.0
69960,24.8
70020,23.6
70080,24.0
70140,23.8
70200,24.8
70260,25.0
70320,23.8
70380,23.6
70440,25.0
70500,23.0
70560,22.6
70620,25.0
70680,23.4
70740,24.2
70800,23.8
70860,25.0
70920,24.0
70980,26.4
71040,24.6
71100,23.8
71160,23.2
71220,23.4
71280,24.4
71340,23.8
71400,23.6
71460,22.6
71520,22.0
71580,22.4
71640,23.2
71700,24.4
71760,24.6
71820,24.0
71880,24.4
71940,24.6
72000,24.4
72060,25.8
72120,24.2
72180,23.6
72240,23.0
72300,25.2
72360,24.4
72420,23.0
72480,21.8
72540,24.6
72600,23.8
72660,22.2
72720,23.8
72780,23.8
72840,23.4
72900,24.6
72960,23.4
73020,24.8
73080,24.0
73140,24.0
73200,22.4
73260,24.0
73320,23.6
73380,23.4
73440,24.4
73500,22.8
73560,24.6
73620,23.0
73680,24.6
73740,23.0
73800,24.2
73860,25.4
73920,23.2
73980,23.4
74040,21.6
74100,23.6
74160,25.0
74220,23.2
74280,24.2
74340,24.0
74400,24.0
74460,24.0
74520,24.6
74580,23.2
74640,23.4
74700,24.6
74760,24.4
74820,24.2
74880,24.2
74940,24.0
75000,23.0
75060,23.6
75120,24.4
75180,23.8
75240,25.8
75300,24.8
75360,24.6
75420,24.8
75480,23.8
75540,23.0
75600,25.2
