#Steps,score
60,1.0
120,0.6
180,1.2
240,0.4
300,1.2
360,0.4
420,0.8
480,1.2
540,1.2
600,0.8
660,1.2
720,1.6
780,0.4
840,0.4
900,1.2
960,1.2
1020,1.6
1080,1.2
1140,1.8
1200,1.0
1260,1.4
1320,1.4
1380,1.4
1440,1.6
1500,0.8
1560,0.4
1620,1.0
1680,0.8
1740,1.0
1800,0.8
1860,1.4
1920,1.6
1980,1.4
2040,1.0
2100,1.0
2160,1.2
2220,0.8
2280,2.4
2340,1.2
2400,1.2
2460,1.4
2520,1.0
2580,1.4
2640,0.4
2700,1.0
2760,1.4
2820,0.6
2880,1.0
2940,0.8
3000,0.8
3060,1.6
3120,0.8
3180,1.6
3240,0.6
3300,0.4
3360,1.0
3420,2.2
3480,0.6
3540,0.8
3600,1.6
3660,1.4
3720,1.8
3780,0.6
3840,1.0
3900,1.2
3960,1.4
4020,1.6
4080,1.0
4140,1.2
4200,1.0
4260,1.8
4320,0.6
4380,1.0
4440,1.6
4500,2.0
4560,0.4
4620,2.0
4680,1.6
4740,2.8
4800,1.2
4860,1.2
4920,0.2
4980,1.6
5040,0.4
5100,2.4
5160,2.2
5220,1.6
5280,1.0
5340,1.2
5400,2.4
5460,0.6
5520,2.0
5580,0.4
5640,2.0
5700,0.4
5760,1.8
5820,1.2
5880,1.8
5940,1.2
6000,1.2
6060,0.6
6120,1.2
6180,1.0
6240,0.8
6300,1.6
6360,0.2
6420,0.4
6480,1.2
6540,0.6
6600,1.6
6660,1.0
6720,1.4
6780,0.8
6840,1.4
6900,1.4
6960,0.8
7020,0.8
7080,0.6
7140,1.6
7200,0.8
7260,1.4
7320,0.6
7380,0.6
7440,1.0
7500,1.2
7560,1.2
7620,2.0
7680,1.0
7740,0.8
7800,1.6
7860,1.2
7920,1.6
7980,1.4
8040,1.0
8100,0.6
8160,1.6
8220,2.4
8280,1.8
8340,1.0
8400,1.6
8460,1.4
8520,1.0
8580,0.6
8640,0.8
8700,0.6
8760,1.4
8820,0.6
8880,0.4
8940,2.0
9000,1.4
9060,1.2
9120,1.8
9180,1.2
9240,2.0
9300,1.2
9360,2.2
9420,0.8
9480,1.0
9540,1.0
9600,1.4
9660,0.8
9720,1.2
9780,1.0
9840,0.4
9900,1.8
9960,1.4
10020,1.0
10080,1.0
10140,1.4
10200,1.4
10260,1.0
10320,1.6
10380,0.8
10440,1.4
10500,1.0
10560,1.4
10620,1.0
10680,1.0
10740,2.4
10800,1.2
10860,2.0
10920,1.4
10980,1.8
11040,1.8
11100,1.4
11160,2.2
11220,1.2
11280,1.8
11340,1.2
11400,3.0
11460,0.8
11520,1.4
11580,1.6
11640,2.2
11700,1.6
11760,0.6
11820,2.2
11880,1.0
11940,1.6
12000,1.4
12060,1.0
12120,1.4
12180,0.6
12240,1.6
12300,0.8
12360,1.2
12420,2.0
12480,1.0
12540,0.8
12600,1.6
12660,1.6
12720,0.8
12780,0.8
12840,1.6
12900,1.4
12960,1.4
13020,0.6
13080,1.6
13140,1.0
13200,1.6
13260,1.0
13320,1.4
13380,1.2
13440,0.6
13500,0.8
13560,1.0
13620,2.6
13680,0.8
13740,0.6
13800,1.8
13860,1.0
13920,1.6
13980,1.2
14040,0.8
14100,0.8
14160,1.0
14220,1.6
14280,0.8
14340,1.0
14400,0.6
14460,2.0
14520,1.8
14580,0.6
14640,1.8
14700,1.2
14760,1.2
14820,1.0
14880,2.0
14940,1.6
15000,0.4
15060,1.6
15120,0.8
15180,0.6
15240,0.4
15300,1.6
15360,0.8
15420,1.2
15480,1.4
15540,0.8
15600,1.0
15660,1.8
15720,1.2
15780,0.8
15840,1.4
15900,1.2
15960,1.2
16020,2.0
16080,0.4
16140,1.2
16200,1.8
16260,0.8
16320,1.2
16380,0.8
16440,0.8
16500,1.0
16560,0.8
16620,1.4
16680,0.8
16740,1.4
16800,1.6
16860,2.0
16920,1.4
16980,2.6
17040,1.4
17100,0.8
17160,1.8
17220,1.4
17280,2.8
17340,1.4
17400,1.4
17460,0.8
17520,1.8
17580,1.0
17640,2.0
17700,0.8
17760,1.0
17820,1.6
17880,2.2
17940,1.4
18000,0.8
18060,1.0
18120,1.2
18180,1.4
18240,1.6
18300,0.6
18360,1.8
18420,1.0
18480,1.0
18540,0.6
18600,1.2
18660,0.8
18720,2.6
18780,1.8
18840,1.4
18900,1.2
18960,2.0
19020,2.0
19080,1.8
19140,1.4
19200,0.6
19260,2.0
19320,1.0
19380,1.4
19440,1.8
19500,1.8
19560,1.4
19620,2.0
19680,1.8
19740,2.2
19800,1.4
19860,1.4
19920,1.4
19980,0.4
20040,1.4
20100,1.6
20160,1.6
20220,1.6
20280,1.4
20340,2.4
20400,2.8
20460,1.4
20520,0.6
20580,0.8
20640,2.0
20700,2.6
20760,1.6
20820,1.8
20880,0.4
20940,1.4
21000,2.2
21060,1.2
21120,1.6
21180,0.8
21240,3.2
21300,1.2
21360,2.2
21420,2.0
21480,2.4
21540,2.4
21600,2.2
21660,2.0
21720,1.2
21780,2.2
21840,1.4
21900,1.8
21960,0.6
22020,2.0
22080,2.4
22140,1.8
22200,0.6
22260,1.6
22320,0.8
22380,2.0
22440,1.6
22500,1.8
22560,2.0
22620,1.0
22680,2.2
22740,1.6
22800,1.6
22860,1.8
22920,2.4
22980,2.0
23040,1.8
23100,2.0
23160,1.2
23220,0.8
23280,1.8
23340,0.6
23400,1.8
23460,2.2
23520,2.2
23580,1.8
23640,1.4
23700,1.4
23760,2.0
23820,1.6
23880,1.8
23940,2.4
24000,1.0
24060,1.4
24120,0.6
24180,1.8
24240,1.2
24300,2.0
24360,2.2
24420,1.4
24480,1.8
24540,0.6
24600,0.8
24660,1.0
24720,1.4
24780,1.8
24840,2.4
24900,2.4
24960,2.8
25020,1.4
25080,2.0
25140,2.0
25200,1.8
25260,1.2
25320,1.2
25380,1.0
25440,0.8
25500,1.0
25560,1.4
25620,1.8
25680,1.8
25740,1.8
25800,1.8
25860,1.4
25920,2.0
25980,1.2
26040,1.6
26100,1.6
26160,1.6
26220,1.4
26280,2.0
26340,1.2
26400,2.4
26460,1.0
26520,2.0
26580,1.8
26640,1.2
26700,1.4
26760,1.2
26820,1.4
26880,2.6
26940,1.6
27000,1.6
27060,1.6
27120,1.2
27180,1.0
27240,1.6
27300,0.8
27360,2.2
27420,0.8
27480,2.0
27540,1.4
27600,2.0
27660,1.8
27720,1.6
27780,2.0
27840,1.6
27900,1.8
27960,1.0
28020,2.0
28080,2.0
28140,1.8
28200,1.4
28260,2.0
28320,2.4
28380,1.4
28440,0.8
28500,1.6
28560,1.2
28620,1.6
28680,1.4
28740,1.2
28800,1.2
28860,2.0
28920,1.8
28980,1.0
29040,1.6
29100,2.0
29160,1.8
29220,1.0
29280,1.4
29340,1.6
29400,1.2
29460,1.8
29520,1.4
29580,2.4
29640,1.4
29700,1.0
29760,1.6
29820,1.6
29880,2.0
29940,2.4
30000,2.0
30060,1.8
30120,1.2
30180,0.8
30240,1.6
30300,1.8
30360,1.2
30420,2.0
30480,1.6
30540,1.2
30600,0.8
30660,1.0
30720,1.2
30780,2.2
30840,0.8
30900,0.8
30960,1.2
31020,1.0
31080,2.0
31140,2.2
31200,2.2
31260,0.6
31320,2.0
31380,1.4
31440,2.2
31500,1.4
31560,1.6
31620,2.6
31680,1.6
31740,2.6
31800,1.0
31860,1.6
31920,1.6
31980,1.6
32040,2.0
32100,0.8
32160,1.6
32220,2.2
32280,1.8
32340,1.2
32400,1.8
32460,1.4
32520,1.4
32580,1.4
32640,1.2
32700,2.0
32760,1.8
32820,1.6
32880,1.0
32940,1.8
33000,1.8
33060,2.2
33120,0.8
33180,2.0
33240,1.0
33300,1.2
33360,1.0
33420,2.6
33480,3.0
33540,1.8
33600,1.8
33660,3.0
33720,1.8
33780,2.4
33840,1.6
33900,1.2
33960,1.4
34020,2.2
34080,1.2
34140,2.0
34200,1.2
34260,0.8
34320,1.8
34380,0.6
34440,1.4
34500,1.4
34560,2.2
34620,2.0
34680,1.8
34740,2.4
34800,2.2
34860,1.2
34920,3.0
34980,1.8
35040,2.6
35100,2.2
35160,3.0
35220,1.8
35280,1.4
35340,3.0
35400,1.2
35460,1.4
35520,1.8
35580,1.4
35640,2.8
35700,1.6
35760,1.6
35820,2.6
35880,2.2
35940,1.6
36000,1.2
36060,2.4
36120,2.2
36180,2.2
36240,2.2
36300,3.2
36360,3.8
36420,1.6
36480,2.8
36540,1.8
36600,2.8
36660,2.2
36720,1.2
36780,3.2
36840,3.6
36900,2.8
36960,2.0
37020,3.2
37080,1.6
37140,1.4
37200,2.4
37260,2.2
37320,3.0
37380,2.2
37440,2.2
37500,3.4
37560,2.2
37620,2.4
37680,2.0
37740,2.8
37800,3.0
37860,2.6
37920,2.6
37980,2.4
38040,2.4
38100,2.2
38160,4.0
38220,2.0
38280,3.0
38340,2.2
38400,1.8
38460,1.2
38520,1.2
38580,1.8
38640,1.6
38700,1.4
38760,1.6
38820,1.0
38880,3.0
38940,1.8
39000,2.4
39060,2.4
39120,2.0
39180,2.2
39240,1.8
39300,2.6
39360,2.2
39420,2.2
39480,2.8
39540,1.2
39600,3.2
39660,3.8
39720,2.8
39780,2.8
39840,2.8
39900,2.4
39960,2.6
40020,3.6
40080,3.2
40140,2.4
40200,2.0
40260,2.4
40320,1.8
40380,1.4
40440,2.4
40500,2.8
40560,3.0
40620,1.0
40680,1.8
40740,3.4
40800,2.6
40860,2.6
40920,2.4
40980,4.0
41040,2.4
41100,3.6
41160,2.6
41220,5.0
41280,4.4
41340,4.6
41400,3.2
41460,4.4
41520,3.2
41580,3.2
41640,3.6
41700,2.4
41760,3.8
41820,3.4
41880,3.2
41940,3.4
42000,2.6
42060,2.0
42120,2.8
42180,3.4
42240,3.4
42300,3.2
42360,2.8
42420,2.8
42480,2.6
42540,3.6
42600,4.8
42660,5.2
42720,4.4
42780,5.2
42840,7.8
42900,7.4
42960,9.6
43020,9.6
43080,10.6
43140,12.4
43200,14.8
43260,19.2
43320,19.4
43380,19.6
43440,19.6
43500,20.4
43560,20.4
43620,19.2
43680,18.0
43740,17.6
43800,16.6
43860,14.4
43920,15.0
43980,14.0
44040,10.8
44100,12.2
44160,12.4
44220,9.6
44280,9.8
44340,10.4
44400,9.6
44460,9.0
44520,8.2
44580,8.8
44640,8.0
44700,7.4
44760,8.4
44820,10.0
44880,9.2
44940,6.8
45000,8.6
45060,8.6
45120,9.4
45180,9.2
45240,9.4
45300,10.0
45360,7.4
45420,10.8
45480,10.2
45540,12.2
45600,10.8
45660,14.4
45720,15.8
45780,13.6
45840,15.4
45900,18.2
45960,15.6
46020,17.8
46080,19.6
46140,18.0
46200,7.2
46260,15.8
46320,11.4
46380,12.0
46440,18.6
46500,18.2
46560,9.4
46620,18.4
46680,17.6
46740,20.0
46800,18.0
46860,19.8
46920,19.0
46980,19.6
47040,17.2
47100,19.2
47160,18.8
47220,17.2
47280,20.6
47340,21.0
47400,18.2
47460,19.6
47520,12.8
47580,16.0
47640,22.0
47700,20.4
47760,19.2
47820,21.8
47880,22.6
47940,21.0
48000,21.6
48060,23.0
48120,24.8
48180,22.8
48240,22.2
48300,21.2
48360,22.8
48420,23.2
48480,24.4
48540,24.0
48600,23.4
48660,23.4
48720,23.4
48780,23.8
48840,25.2
48900,23.0
48960,24.2
49020,24.2
49080,23.6
49140,24.6
49200,24.2
49260,24.4
49320,25.4
49380,25.2
49440,24.8
49500,24.8
49560,22.8
49620,26.0
49680,25.8
49740,24.2
49800,23.2
49860,24.2
49920,24.8
49980,25.4
50040,25.6
50100,25.0
50160,24.0
50220,24.6
50280,22.8
50340,24.0
50400,23.8
50460,22.8
50520,25.2
50580,25.8
50640,26.0
50700,24.0
50760,25.8
50820,24.2
50880,24.4
50940,24.4
51000,24.8
51060,23.4
51120,25.2
51180,24.0
51240,24.4
51300,24.8
51360,25.2
51420,24.4
51480,25.2
51540,23.0
51600,26.2
51660,25.0
51720,23.6
51780,23.8
51840,25.8
51900,23.2
51960,23.4
52020,24.6
52080,23.8
52140,24.8
52200,23.6
52260,23.8
52320,23.8
52380,25.2
52440,25.4
52500,25.4
52560,25.2
52620,26.6
52680,23.8
52740,24.6
52800,24.8
52860,26.4
52920,23.2
52980,23.0
53040,24.4
53100,25.4
53160,24.4
53220,24.2
53280,24.4
53340,25.2
53400,24.0
53460,25.0
53520,25.8
53580,25.0
53640,25.0
53700,24.4
53760,25.0
53820,25.6
53880,24.8
53940,23.6
54000,26.2
54060,24.2
54120,25.0
54180,24.8
54240,26.6
54300,23.4
54360,25.6
54420,25.2
54480,24.6
54540,25.8
54600,24.0
54660,24.8
54720,26.2
54780,25.0
54840,25.8
54900,26.0
54960,24.6
55020,26.6
55080,27.8
55140,24.4
55200,25.0
55260,25.8
55320,25.0
55380,24.6
55440,24.8
55500,24.2
55560,25.4
55620,24.2
55680,24.0
55740,26.8
55800,26.6
55860,25.6
55920,26.6
55980,25.6
56040,25.6
56100,25.2
56160,25.0
56220,26.8
56280,25.2
56340,26.8
56400,25.8
56460,24.6
56520,23.0
56580,26.2
56640,24.6
56700,24.6
56760,24.8
56820,26.2
56880,25.8
56940,26.2
57000,25.4
57060,24.2
57120,25.8
57180,25.2
57240,25.6
57300,25.2
57360,25.2
57420,25.8
57480,26.0
57540,23.4
57600,26.2
57660,25.6
57720,25.0
57780,25.8
57840,25.4
57900,25.8
57960,24.6
58020,25.2
58080,24.2
58140,25.8
58200,24.4
58260,24.4
58320,26.0
58380,24.2
58440,24.0
58500,27.2
58560,25.0
58620,25.2
58680,25.4
58740,26.2
58800,24.8
58860,25.0
58920,25.6
58980,26.4
59040,26.4
59100,25.0
59160,24.8
59220,24.4
59280,24.8
59340,24.4
59400,25.6
59460,25.4
59520,24.8
59580,26.8
59640,26.0
59700,25.0
59760,25.4
59820,25.4
59880,24.8
59940,26.6
60000,26.0
60060,25.0
60120,25.2
60180,25.6
60240,23.8
60300,24.4
60360,25.8
60420,24.4
60480,25.8
60540,24.0
60600,24.8
60660,24.8
60720,26.6
60780,24.2
60840,25.2
60900,26.2
60960,25.0
61020,26.2
61080,26.0
61140,26.2
61200,26.6
61260,24.8
61320,25.2
61380,24.2
61440,24.8
61500,26.0
61560,26.0
61620,25.4
61680,25.4
61740,24.0
61800,25.2
61860,25.2
61920,26.0
61980,24.6
62040,27.6
62100,26.2
62160,24.2
62220,25.6
62280,24.8
62340,24.4
62400,25.6
62460,24.4
62520,25.6
62580,25.8
62640,24.0
62700,25.6
62760,26.0
62820,24.2
62880,23.8
62940,24.0
63000,25.6
63060,25.0
63120,26.0
63180,23.4
63240,25.6
63300,25.8
63360,25.4
63420,27.0
63480,25.2
63540,23.8
63600,25.6
63660,26.8
63720,25.6
63780,25.6
63840,25.4
63900,25.0
63960,25.4
64020,25.6
64080,25.2
64140,24.4
64200,25.2
64260,25.4
64320,23.6
64380,25.2
64440,25.2
64500,25.2
64560,23.8
64620,25.0
64680,25.0
64740,25.8
64800,24.6
64860,23.6
64920,25.0
64980,24.8
65040,26.8
65100,25.6
65160,26.4
65220,25.6
65280,24.6
65340,26.0
65400,25.2
65460,26.4
65520,25.8
65580,25.6
65640,24.8
65700,26.8
65760,25.2
65820,23.4
65880,25.2
65940,25.4
66000,24.4
66060,24.8
66120,25.8
66180,25.2
66240,26.8
66300,25.6
66360,24.6
66420,24.8
66480,25.6
66540,25.0
66600,25.2
66660,24.6
66720,24.4
66780,26.2
66840,24.8
66900,25.8
66960,24.6
67020,25.8
67080,25.6
67140,27.4
67200,25.2
67260,24.8
67320,25.6
67380,25.6
67440,24.4
67500,26.8
67560,25.2
67620,23.6
67680,24.6
67740,25.6
67800,24.8
67860,24.8
67920,25.6
67980,25.6
68040,27.4
68100,25.8
68160,25.8
68220,25.0
68280,24.6
68340,25.4
68400,24.8
68460,26.4
68520,23.8
68580,25.8
68640,26.0
68700,26.2
68760,25.2
68820,26.0
68880,26.8
68940,26.4
69000,26.8
69060,26.6
69120,24.6
69180,24.6
69240,26.0
69300,25.2
69360,26.2
69420,25.2
69480,24.0
69540,26.6
69600,26.2
69660,24.2
69720,25.2
69780,26.0
69840,25.4
69900,25.8
69960,26.0
70020,25.2
70080,26.2
70140,25.8
70200,25.2
70260,25.2
70320,25.6
70380,26.4
70440,26.4
70500,25.6
70560,25.6
70620,26.4
70680,24.8
70740,24.4
70800,26.6
70860,26.6
70920,26.2
70980,26.8
71040,25.2
71100,24.8
71160,24.6
71220,25.6
71280,24.8
71340,24.4
71400,26.8
71460,24.8
71520,25.8
71580,24.2
71640,24.4
71700,26.0
71760,25.0
71820,25.2
71880,24.6
71940,23.6
72000,24.6
72060,25.4
72120,25.6
72180,24.8
72240,24.0
72300,24.2
72360,24.8
72420,23.8
72480,24.4
72540,25.8
72600,23.2
72660,24.0
72720,25.2
72780,22.2
72840,22.2
72900,22.6
72960,22.8
73020,23.6
73080,22.6
73140,22.2
73200,21.6
73260,22.0
73320,22.0
73380,22.4
73440,21.4
73500,21.6
73560,21.2
73620,21.6
73680,23.6
73740,22.8
73800,23.4
73860,24.6
73920,24.2
73980,22.0
74040,24.4
74100,23.6
74160,23.0
74220,24.8
74280,22.8
74340,24.0
74400,24.4
74460,24.6
74520,23.6
74580,24.4
74640,26.6
74700,26.4
74760,25.0
74820,24.6
74880,24.0
74940,25.0
75000,24.0
75060,25.4
75120,26.2
75180,24.6
75240,25.6
75300,25.6
75360,26.2
75420,24.6
75480,25.0
75540,24.4
75600,24.6
75660,26.6
75720,24.2
75780,25.2
75840,24.4
75900,23.4
75960,25.4
76020,24.6
76080,24.2
76140,26.4
76200,24.0
76260,25.0
76320,25.4
76380,25.2
76440,25.8
76500,26.6
76560,25.4
76620,25.4
76680,25.4
76740,24.8
76800,24.6
76860,25.2
76920,24.4
76980,25.4
77040,24.8
77100,24.8
77160,25.6
77220,25.6
77280,26.4
77340,25.0
77400,23.8
77460,25.4
77520,25.0
77580,24.6
77640,25.0
77700,23.8
77760,23.0
77820,25.0
77880,23.4
77940,22.8
78000,24.2
78060,24.0
78120,25.0
78180,23.4
78240,24.6
78300,24.8
78360,23.4
78420,24.8
78480,25.4
78540,23.2
78600,23.6
78660,24.8
78720,23.2
78780,25.0
78840,23.8
78900,23.8
78960,24.0
79020,25.0
79080,24.4
79140,24.2
79200,24.2
79260,24.6
79320,23.6
79380,24.6
79440,24.4
79500,24.4
79560,24.6
79620,25.2
79680,24.0
79740,23.4
79800,24.4
79860,23.6
79920,24.0
79980,24.4
80040,23.6
80100,24.4
80160,23.2
80220,23.4
80280,24.0
80340,23.0
80400,23.8
80460,24.6
80520,25.2
80580,24.2
80640,25.4
80700,24.0
80760,24.0
80820,24.6
80880,24.6
80940,25.4
81000,25.2
81060,25.6
81120,26.8
81180,26.0
81240,24.6
81300,24.8
81360,24.4
81420,24.2
81480,25.6
81540,25.0
81600,24.4
81660,24.0
81720,24.6
81780,23.4
81840,21.6
81900,22.2
81960,24.6
82020,24.6
82080,24.2
82140,24.4
82200,24.0
82260,24.0
82320,25.2
82380,24.4
82440,25.8
82500,25.4
82560,24.4
82620,23.4
82680,25.6
82740,25.4
82800,25.4
82860,25.6
82920,24.2
82980,25.0
83040,24.4
83100,26.0
83160,26.0
83220,24.4
83280,25.6
83340,25.0
83400,25.2
83460,24.8
83520,24.2
83580,24.4
83640,24.0
83700,24.8
83760,24.6
83820,23.8
83880,23.0
83940,24.6
84000,23.8
84060,24.2
84120,24.4
84180,24.8
84240,23.4
84300,24.6
84360,25.0
84420,24.2
84480,23.6
84540,24.2
84600,23.4
84660,22.4
84720,23.6
84780,23.8
84840,22.4
84900,23.6
84960,23.0
85020,22.8
85080,22.2
85140,22.0
85200,25.0
85260,22.4
85320,23.2
85380,23.0
85440,24.6
85500,25.0
85560,22.0
85620,23.6
85680,23.8
85740,23.8
85800,25.4
85860,24.2
85920,24.2
85980,23.0
86040,24.8
86100,25.4
86160,26.0
86220,24.0
86280,24.2
86340,24.0
86400,25.0
86460,24.8
86520,25.6
86580,26.8
86640,24.4
86700,24.2
86760,25.4
86820,24.0
86880,26.0
86940,25.4
87000,24.4
87060,24.8
87120,25.8
87180,24.8
87240,26.2
87300,24.8
87360,24.2
87420,26.2
87480,25.4
87540,26.0
87600,23.6
87660,25.0
87720,26.2
87780,26.0
87840,25.6
87900,26.6
87960,24.8
88020,24.6
88080,26.2
88140,24.6
88200,26.0
88260,26.6
88320,23.8
88380,25.0
88440,26.0
88500,26.0
88560,22.8
88620,26.0
88680,25.2
88740,25.8
88800,26.6
88860,25.4
88920,24.0
88980,26.2
89040,26.8
89100,25.4
89160,24.8
89220,24.6
89280,25.8
89340,24.6
89400,24.8
89460,24.8
89520,25.4
89580,24.4
89640,25.2
89700,24.8
89760,23.8
89820,24.8
89880,24.8
89940,25.0
90000,24.4
90060,25.4
90120,23.6
90180,24.8
90240,25.2
90300,25.4
90360,23.8
90420,23.8
90480,24.6
90540,25.0
90600,24.0
90660,24.2
90720,23.0
90780,24.4
90840,24.2
90900,24.0
90960,24.0
91020,22.8
91080,24.6
91140,24.0
91200,24.8
91260,24.8
91320,25.4
91380,23.8
91440,25.0
91500,24.8
91560,25.2
91620,24.8
91680,23.8
91740,23.6
91800,23.2
91860,24.8
91920,24.8
91980,24.6
92040,24.4
92100,22.0
92160,23.0
92220,24.4
92280,24.0
92340,24.6
92400,25.0
92460,24.4
92520,24.0
92580,24.0
92640,26.0
92700,24.8
92760,25.6
92820,24.6
92880,23.8
92940,24.4
93000,24.2
93060,23.4
93120,23.6
93180,24.6
93240,25.8
93300,24.8
93360,25.0
93420,24.2
93480,24.8
93540,23.0
93600,23.8
93660,24.4
93720,25.4
93780,23.8
93840,24.8
93900,25.4
93960,23.0
94020,24.2
94080,23.6
94140,22.8
94200,24.0
94260,23.8
94320,24.8
94380,25.8
94440,23.4
94500,24.2
94560,23.4
94620,24.6
94680,24.0
94740,24.8
94800,23.0
94860,23.2
94920,23.2
94980,24.4
95040,24.8
95100,23.6
95160,24.0
95220,24.0
95280,23.8
95340,24.2
95400,26.0
95460,24.8
95520,25.6
95580,23.6
95640,22.4
95700,24.4
95760,23.2
95820,24.0
95880,24.6
95940,24.4
96000,24.6
96060,24.0
96120,23.2
96180,25.0
96240,24.6
96300,23.6
96360,23.4
96420,23.0
96480,24.2
96540,24.2
96600,25.4
96660,25.2
96720,25.6
96780,24.0
96840,24.0
96900,24.4
96960,23.8
97020,23.4
97080,24.2
97140,24.4
97200,23.6
97260,23.6
97320,24.0
97380,22.8
97440,23.8
97500,23.0
97560,22.4
97620,21.6
97680,22.6
97740,22.4
97800,21.2
97860,20.2
97920,21.4
97980,20.8
98040,21.2
98100,22.2
98160,21.6
98220,20.8
98280,21.6
98340,22.0
98400,21.4
98460,23.4
98520,21.8
98580,23.4
98640,22.8
98700,22.4
98760,22.2
98820,21.4
98880,21.0
98940,22.4
99000,24.4
99060,22.0
99120,24.0
99180,21.8
99240,22.8
99300,21.8
99360,23.4
99420,21.6
99480,23.6
99540,24.0
99600,24.2
99660,25.0
99720,24.4
99780,24.2
99840,23.8
99900,26.2
99960,24.4
100020,23.4
100080,24.8
100140,24.0
100200,23.8
100260,24.4
100320,23.8
100380,24.0
100440,23.4
100500,24.2
100560,24.4
100620,25.0
100680,23.4
100740,24.2
100800,25.2
100860,24.0
100920,24.2
100980,25.2
101040,26.0
101100,25.8
101160,24.6
101220,25.4
101280,25.0
101340,23.6
101400,23.8
101460,27.2
101520,25.4
101580,25.6
101640,26.6
101700,25.6
101760,24.8
101820,24.6
101880,24.0
101940,23.0
102000,23.2
102060,24.4
102120,24.8
102180,26.2
102240,25.6
102300,24.8
102360,24.2
102420,24.2
102480,24.0
102540,23.6
102600,25.6
102660,25.6
102720,25.6
102780,25.2
102840,25.2
102900,24.2
102960,24.6
103020,24.2
103080,25.4
103140,25.4
103200,25.0
103260,23.6
103320,24.2
103380,24.4
103440,24.0
103500,23.6
103560,23.8
103620,24.0
103680,23.8
103740,23.8
103800,24.0
103860,25.8
103920,26.2
103980,25.8
104040,25.0
104100,25.4
104160,25.4
104220,24.6
104280,23.8
104340,24.4
104400,25.6
104460,25.2
104520,26.4
104580,24.0
104640,24.0
104700,24.0
104760,27.8
104820,24.6
104880,24.2
104940,25.6
105000,24.4
105060,25.6
105120,24.8
105180,24.6
105240,25.0
105300,23.8
105360,24.0
105420,24.0
105480,25.0
105540,25.0
105600,25.6
105660,24.8
105720,24.0
105780,24.0
105840,25.0
105900,24.6
105960,22.8
106020,25.0
106080,23.8
106140,23.8
106200,23.6
106260,23.8
106320,24.6
106380,23.8
106440,24.2
106500,23.4
106560,23.4
106620,24.4
106680,22.2
106740,23.4
106800,22.8
106860,22.6
106920,22.2
106980,22.0
107040,22.6
107100,22.6
107160,21.6
107220,22.4
107280,22.8
107340,22.6
107400,22.6
107460,22.8
107520,22.8
107580,23.0
107640,22.6
107700,22.0
107760,22.0
107820,22.2
107880,23.6
107940,21.6
108000,22.0
108060,21.6
108120,20.6
108180,22.4
108240,22.6
108300,23.2
108360,22.6
108420,23.6
108480,24.0
108540,22.8
108600,23.0
108660,22.4
108720,25.2
108780,23.2
108840,22.6
108900,23.8
108960,23.8
109020,22.2
109080,23.0
109140,22.6
109200,22.8
109260,23.6
109320,24.2
109380,24.4
109440,23.8
109500,25.8
109560,22.4
109620,24.2
109680,23.0
109740,23.2
109800,23.4
109860,23.8
109920,23.6
109980,24.2
110040,23.2
110100,22.2
110160,22.4
110220,23.2
110280,22.8
110340,23.6
110400,23.4
110460,23.6
110520,24.2
110580,23.0
110640,24.8
110700,23.4
110760,24.4
110820,22.0
110880,22.0
110940,23.2
111000,23.6
111060,23.6
111120,23.0
111180,22.0
111240,24.2
111300,22.2
111360,21.8
111420,23.4
111480,24.6
111540,23.2
111600,23.2
111660,22.2
111720,24.2
111780,23.8
111840,22.4
111900,23.4
111960,22.8
112020,23.6
112080,21.0
112140,21.8
112200,21.2
112260,23.0
112320,22.2
112380,22.8
112440,22.2
112500,21.4
112560,23.8
112620,22.2
112680,23.4
112740,23.6
112800,22.8
112860,22.4
112920,23.2
112980,22.6
113040,21.6
113100,22.2
113160,21.6
113220,24.0
113280,21.6
113340,21.6
113400,24.2
113460,20.8
113520,21.6
113580,23.2
113640,24.2
113700,23.2
113760,22.4
113820,22.6
113880,25.2
113940,25.6
114000,23.8
114060,23.4
114120,24.4
114180,24.8
114240,23.4
114300,25.0
114360,23.6
114420,24.4
114480,24.2
114540,23.6
114600,24.4
114660,23.6
114720,24.6
114780,23.6
114840,25.4
114900,24.4
114960,24.6
115020,24.2
115080,24.2
115140,25.6
115200,24.6
115260,26.2
115320,24.8
115380,23.0
115440,26.6
115500,23.2
115560,25.4
115620,24.0
115680,25.2
115740,24.8
115800,25.6
115860,25.6
115920,25.8
115980,24.6
116040,25.4
116100,26.2
116160,24.8
116220,24.6
116280,24.2
116340,25.6
116400,24.0
116460,25.2
116520,24.8
116580,25.0
116640,24.4
116700,25.6
116760,26.2
116820,26.0
116880,25.8
116940,27.8
117000,24.2
117060,24.6
117120,25.6
117180,24.6
117240,25.8
117300,23.0
117360,24.0
117420,25.0
117480,24.6
117540,25.0
117600,25.0
117660,25.2
117720,24.8
117780,25.0
117840,23.2
117900,25.0
117960,25.0
118020,26.8
118080,25.4
118140,26.4
118200,24.8
118260,23.6
118320,24.8
118380,24.8
118440,24.8
118500,22.4
118560,23.8
118620,24.0
118680,24.2
118740,25.2
118800,24.2
118860,24.6
118920,24.4
118980,25.4
119040,24.0
119100,24.6
119160,24.0
119220,24.8
119280,24.8
119340,24.4
119400,23.8
119460,25.2
119520,24.0
119580,23.4
119640,22.6
119700,24.6
119760,23.8
119820,25.0
119880,23.2
119940,23.4
120000,24.6
120060,24.2
120120,24.0
120180,24.8
120240,23.4
120300,24.0
120360,23.2
120420,23.0
120480,24.4
120540,24.8
120600,24.2
120660,24.2
120720,24.8
120780,22.4
120840,22.6
120900,24.8
120960,23.4
121020,23.6
121080,25.0
121140,25.4
121200,25.0
121260,24.0
121320,25.4
121380,24.4
121440,24.4
121500,24.4
121560,25.0
121620,23.6
121680,23.8
121740,25.4
121800,24.2
121860,23.0
121920,25.2
121980,24.4
122040,23.4
122100,24.2
122160,24.4
122220,24.8
122280,24.0
122340,23.6
122400,23.2
122460,25.0
122520,24.6
122580,27.2
122640,23.2
122700,24.4
122760,24.0
122820,24.8
122880,25.4
122940,24.4
123000,24.2
123060,25.0
123120,23.8
123180,23.8
123240,23.2
123300,23.8
123360,24.2
123420,22.8
123480,25.6
123540,24.0
123600,24.0
123660,24.6
123720,24.0
123780,24.0
123840,22.6
123900,25.2
123960,25.4
124020,23.8
124080,23.8
124140,25.6
124200,26.0
124260,23.4
124320,23.0
124380,22.4
124440,24.4
124500,24.6
124560,26.8
124620,23.8
124680,22.6
124740,24.8
124800,23.0
124860,25.8
124920,24.8
124980,24.0
125040,26.6
125100,24.4
125160,23.8
125220,24.2
125280,23.4
125340,24.8
125400,23.8
125460,24.6
125520,24.2
125580,23.4
125640,23.4
125700,24.8
125760,23.6
125820,25.0
125880,24.2
125940,25.0
126000,24.4
126060,24.8
126120,23.6
126180,23.8
126240,24.4
126300,23.8
126360,25.2
126420,24.4
126480,22.6
126540,25.6
126600,23.6
126660,23.2
126720,24.6
126780,24.4
126840,25.4
126900,24.0
126960,25.0
127020,23.6
127080,24.6
127140,25.2
127200,24.0
127260,23.8
127320,23.8
127380,23.8
127440,24.8
127500,24.6
127560,24.4
127620,23.6
127680,23.2
127740,23.4
127800,25.8
127860,24.4
127920,23.0
127980,23.8
128040,24.4
128100,22.8
128160,23.8
128220,22.2
128280,25.0
128340,24.8
128400,24.0
128460,23.6
128520,24.8
128580,24.8
128640,22.6
128700,24.0
128760,24.4
128820,22.0
128880,22.6
128940,24.4
129000,23.2
129060,23.2
129120,23.6
129180,23.2
129240,22.8
129300,22.4
129360,23.2
129420,22.6
129480,23.2
129540,25.0
129600,22.6
129660,22.6
129720,22.6
129780,23.8
129840,22.8
129900,23.0
129960,23.0
130020,22.6
130080,23.0
130140,22.2
130200,22.2
130260,22.2
130320,21.4
130380,22.0
130440,20.2
130500,22.0
130560,20.8
130620,23.6
130680,21.2
130740,22.0
130800,22.6
130860,21.4
130920,23.2
130980,23.0
131040,22.2
131100,22.6
131160,25.0
131220,22.0
131280,23.2
131340,22.0
131400,23.4
131460,22.2
131520,22.4
131580,22.4
131640,23.2
131700,23.8
131760,24.8
131820,22.6
131880,21.4
131940,22.6
132000,24.8
132060,23.6
132120,24.2
132180,22.4
132240,23.8
132300,23.6
132360,24.6
132420,23.0
132480,24.8
132540,24.4
132600,24.4
132660,26.6
132720,25.8
132780,24.8
132840,25.0
132900,24.8
132960,25.6
133020,24.0
133080,27.2
133140,23.2
133200,24.6
133260,25.8
133320,25.6
133380,24.6
133440,24.6
133500,26.6
133560,25.6
133620,25.2
133680,24.2
133740,24.0
133800,25.2
133860,24.8
133920,24.8
133980,24.6
134040,23.8
134100,23.8
134160,22.8
134220,25.4
134280,25.2
134340,24.0
134400,24.0
134460,24.4
134520,26.2
134580,24.0
134640,24.4
134700,25.6
134760,26.6
134820,24.8
134880,25.0
134940,25.2
135000,24.2
135060,24.2
135120,24.2
135180,24.8
135240,25.0
135300,24.6
135360,23.6
135420,26.0
135480,24.4
135540,25.2
135600,24.8
135660,24.6
135720,23.8
135780,25.0
135840,26.2
135900,25.6
135960,24.4
136020,24.4
136080,25.2
136140,23.0
136200,25.0
136260,23.6
136320,24.2
136380,25.4
136440,22.8
136500,22.0
136560,23.8
136620,24.2
136680,23.8
136740,23.8
136800,24.0
136860,24.4
136920,23.6
136980,25.4
137040,25.6
137100,24.6
137160,24.4
137220,25.8
137280,23.8
137340,25.6
137400,25.2
137460,22.6
137520,24.4
137580,24.2
137640,25.0
137700,24.4
137760,23.6
137820,24.4
137880,22.8
137940,25.0
138000,23.8
138060,23.4
138120,23.2
138180,23.2
138240,21.8
138300,22.8
138360,23.2
138420,22.6
138480,23.0
138540,22.8
138600,23.4
138660,22.0
138720,23.0
138780,21.8
138840,22.6
138900,22.6
138960,23.0
139020,23.2
139080,22.4
139140,23.0
139200,22.2
139260,22.6
139320,21.8
139380,22.0
139440,23.8
139500,23.2
139560,23.4
139620,23.2
139680,23.2
139740,22.4
139800,23.4
139860,23.0
139920,22.8
139980,23.0
140040,22.0
140100,21.6
140160,22.8
140220,22.6
140280,24.8
140340,23.0
140400,24.8
140460,25.2
140520,23.6
140580,23.4
140640,22.6
140700,25.0
140760,23.2
140820,23.6
140880,23.6
140940,25.4
141000,24.2
141060,24.2
141120,25.2
141180,24.4
141240,24.2
141300,23.6
141360,24.4
141420,24.2
141480,23.4
141540,24.4
141600,24.0
141660,24.6
141720,24.8
141780,24.8
141840,22.8
141900,23.4
141960,23.8
142020,24.6
142080,25.0
142140,23.0
142200,26.4
142260,26.0
142320,23.8
142380,25.0
142440,24.8
142500,23.8
142560,24.0
142620,24.8
142680,26.0
142740,24.0
142800,24.8
142860,23.2
142920,24.0
142980,24.6
143040,25.0
143100,24.0
143160,24.6
143220,23.4
143280,24.6
143340,23.2
143400,26.0
143460,24.0
143520,23.4
143580,24.6
143640,24.4
143700,24.0
143760,24.0
143820,23.2
143880,23.8
143940,24.6
144000,23.4
144060,23.8
144120,24.0
144180,23.2
144240,24.0
144300,24.2
144360,25.2
144420,23.8
144480,23.8
144540,22.8
144600,24.8
144660,24.2
144720,25.4
144780,24.6
144840,24.8
144900,26.6
144960,22.8
145020,24.0
145080,24.6
145140,22.4
145200,24.8
145260,23.6
145320,24.4
145380,24.0
145440,24.0
145500,24.4
145560,23.4
145620,24.4
145680,22.8
145740,24.0
145800,25.0
145860,25.0
145920,23.2
145980,23.8
146040,24.8
146100,23.8
146160,25.8
146220,22.8
146280,25.8
146340,23.8
146400,23.2
146460,24.6
146520,23.8
146580,24.8
146640,24.0
146700,23.2
146760,22.4
146820,22.2
146880,24.0
146940,22.8
147000,23.0
147060,24.2
147120,23.0
147180,22.4
147240,23.4
147300,23.2
147360,22.6
147420,22.8
147480,21.6
147540,22.0
147600,23.4
147660,22.0
147720,22.6
147780,22.0
147840,22.6
147900,22.0
147960,22.4
148020,23.4
148080,21.4
148140,22.6
148200,21.0
148260,22.0
148320,25.4
148380,23.6
148440,24.4
148500,23.8
148560,23.2
148620,23.2
148680,24.0
148740,22.2
148800,23.8
148860,22.2
148920,24.4
148980,23.2
149040,24.4
149100,23.2
149160,22.8
149220,23.8
149280,23.8
149340,23.4
149400,23.6
149460,23.6
149520,22.8
149580,23.0
149640,22.8
149700,23.6
149760,22.0
149820,24.0
149880,25.0
149940,22.4
150000,23.6
150060,23.8
150120,23.2
150180,23.8
150240,24.6
150300,23.6
150360,23.2
150420,23.6
150480,24.4
150540,25.6
150600,24.8
150660,26.0
150720,25.8
150780,23.8
150840,20.8
150900,23.8
150960,22.8
151020,23.4
151080,24.0
151140,24.8
151200,22.8
151260,23.0
151320,23.2
151380,22.4
151440,22.8
151500,23.8
151560,24.4
151620,23.6
151680,24.0
151740,23.8
151800,25.2
151860,22.8
151920,23.6
151980,24.8
152040,23.8
152100,23.0
152160,22.6
152220,23.4
152280,22.6
152340,23.2
152400,22.6
152460,23.0
152520,25.2
152580,23.8
152640,22.6
152700,22.6
152760,23.0
152820,23.0
152880,22.8
152940,21.8
153000,23.2
153060,23.4
153120,23.8
153180,23.0
153240,20.8
153300,21.2
153360,23.4
153420,20.8
153480,22.2
153540,22.8
153600,22.6
153660,23.0
153720,24.0
153780,22.2
153840,22.2
153900,23.0
153960,24.2
154020,25.6
154080,23.2
154140,25.2
154200,25.6
154260,24.2
154320,23.8
154380,24.0
154440,24.0
154500,25.4
154560,23.8
154620,24.4
154680,24.4
154740,24.2
154800,23.0
154860,25.4
154920,24.6
154980,25.0
155040,23.4
155100,23.8
155160,25.4
155220,24.0
155280,24.6
155340,24.0
155400,24.4
155460,23.2
155520,23.8
155580,23.6
155640,23.6
155700,24.4
155760,25.8
155820,23.8
155880,25.0
155940,23.4
156000,26.2
156060,25.0
156120,23.8
156180,25.0
156240,23.8
156300,24.0
156360,23.6
156420,24.0
156480,24.0
156540,22.4
156600,22.2
156660,22.2
156720,22.2
156780,22.8
156840,21.2
156900,22.0
156960,23.6
157020,23.0
157080,23.0
157140,22.0
157200,22.6
157260,21.0
157320,24.0
157380,22.8
157440,23.2
157500,21.6
157560,22.6
157620,22.0
157680,24.0
157740,23.2
157800,22.8
157860,23.0
157920,22.2
157980,22.2
158040,24.4
158100,22.4
158160,21.8
158220,22.8
158280,22.2
158340,23.6
158400,23.2
158460,22.6
158520,23.2
158580,24.2
158640,23.2
158700,24.8
158760,23.6
158820,24.6
158880,24.0
158940,22.8
159000,22.4
159060,25.2
159120,22.6
159180,24.6
159240,23.6
159300,24.0
159360,25.0
159420,23.4
159480,21.8
159540,23.4
159600,23.6
159660,23.2
159720,22.4
159780,22.0
159840,24.0
159900,23.4
159960,22.2
160020,23.0
160080,23.2
160140,22.6
160200,23.0
160260,23.2
160320,24.0
160380,23.4
160440,23.2
160500,23.6
160560,23.6
160620,23.8
160680,23.2
160740,22.8
160800,22.8
160860,23.4
160920,23.0
160980,22.8
161040,22.0
161100,23.4
161160,22.2
161220,23.6
161280,24.0
161340,23.0
161400,22.6
161460,23.8
161520,22.6
161580,22.2
161640,24.0
161700,23.6
161760,22.8
161820,25.0
161880,23.4
161940,24.0
162000,25.0
162060,23.8
162120,24.6
162180,24.0
162240,25.2
162300,23.2
162360,23.2
162420,23.6
162480,22.8
162540,22.8
162600,24.8
162660,22.6
162720,23.6
162780,25.0
162840,22.4
162900,24.4
162960,24.4
163020,24.0
163080,23.8
163140,23.8
163200,23.8
163260,23.6
163320,23.8
163380,24.4
163440,25.0
163500,25.2
163560,23.6
163620,23.0
163680,23.2
163740,23.8
163800,21.6
163860,23.6
163920,23.2
163980,23.8
164040,22.6
164100,25.8
164160,25.4
164220,21.6
164280,23.4
164340,22.2
164400,22.8
164460,25.4
164520,24.4
164580,23.6
164640,22.0
164700,23.6
164760,24.0
164820,23.0
164880,24.8
164940,23.0
165000,25.0
165060,24.8
165120,24.4
165180,24.4
165240,22.8
165300,23.8
165360,25.6
165420,25.4
165480,23.6
165540,23.6
165600,24.2
165660,24.2
165720,24.0
165780,24.8
165840,24.6
165900,24.0
165960,26.4
166020,24.0
166080,24.4
166140,23.6
166200,26.0
166260,23.6
166320,24.0
166380,25.4
166440,24.2
166500,24.0
166560,24.4
166620,24.8
166680,24.2
166740,24.4
166800,23.8
166860,23.8
166920,25.0
166980,25.0
167040,24.0
167100,23.2
167160,26.2
167220,23.6
167280,23.8
167340,24.2
167400,25.0
167460,25.0
167520,25.4
167580,25.0
167640,24.6
167700,25.0
167760,24.0
167820,25.8
167880,24.4
167940,24.6
168000,23.6
168060,23.8
168120,25.8
168180,23.8
168240,24.4
168300,24.2
168360,24.4
168420,24.0
168480,24.4
168540,23.8
168600,25.8
168660,23.6
168720,24.8
168780,22.8
168840,24.6
168900,24.2
168960,24.0
169020,23.8
169080,23.0
169140,23.2
169200,24.6
169260,22.0
169320,24.2
169380,24.0
169440,24.6
169500,24.2
169560,24.8
169620,23.8
169680,25.6
169740,23.6
169800,23.8
169860,24.4
169920,23.4
169980,23.2
170040,24.2
170100,23.2
170160,24.4
170220,24.2
170280,23.2
170340,24.6
170400,22.8
170460,23.0
170520,24.8
170580,23.8
170640,23.8
170700,22.8
170760,22.8
170820,23.8
170880,22.6
170940,21.4
171000,23.8
171060,24.4
171120,23.8
171180,22.8
171240,23.4
171300,23.4
171360,23.2
171420,20.8
171480,22.4
171540,23.2
171600,22.2
171660,23.4
171720,23.4
171780,21.4
171840,22.6
171900,22.4
171960,22.0
172020,23.4
172080,23.0
172140,21.2
172200,21.0
172260,24.6
172320,23.0
172380,22.2
172440,23.0
172500,21.2
172560,23.6
172620,22.2
172680,21.6
172740,23.4
172800,21.8
172860,23.2
172920,22.0
172980,23.2
173040,22.6
173100,24.2
173160,23.2
173220,22.8
173280,21.6
173340,22.2
173400,22.6
173460,22.8
173520,23.6
173580,23.4
173640,22.6
173700,22.6
173760,23.2
173820,23.2
173880,23.4
173940,22.2
174000,22.4
174060,22.0
174120,23.6
174180,22.0
174240,22.2
174300,22.8
174360,22.8
174420,23.0
174480,22.4
174540,23.8
174600,24.0
174660,21.6
174720,23.0
174780,22.0
174840,23.6
174900,22.8
174960,22.8
175020,21.6
175080,24.6
175140,23.2
175200,23.8
175260,24.8
175320,23.4
175380,24.0
175440,23.2
175500,23.6
175560,22.6
175620,24.2
175680,22.4
175740,23.0
175800,23.0
175860,23.6
175920,23.8
175980,23.0
176040,23.4
176100,23.8
176160,23.4
176220,24.0
176280,23.0
176340,23.6
176400,23.8
176460,23.4
176520,23.8
176580,24.4
176640,24.2
176700,23.8
176760,23.2
176820,23.0
176880,24.8
176940,24.6
177000,23.0
177060,23.4
177120,25.4
177180,23.8
177240,23.6
177300,22.8
177360,23.4
177420,21.8
177480,23.2
177540,25.0
177600,24.2
177660,23.6
177720,23.4
177780,23.8
177840,24.6
177900,22.8
177960,23.8
178020,23.8
178080,23.8
178140,24.0
178200,22.6
178260,24.6
178320,23.2
178380,23.4
178440,21.8
178500,22.2
178560,21.4
178620,21.4
178680,22.2
178740,23.8
178800,21.8
178860,24.4
178920,23.2
178980,22.0
179040,24.0
179100,23.6
179160,22.4
179220,22.8
179280,22.4
179340,21.6
179400,23.0
179460,23.0
179520,23.2
179580,23.0
179640,22.8
179700,23.2
179760,23.2
179820,25.0
179880,23.0
179940,23.0
180000,23.4
180060,23.8
180120,22.8
180180,23.6
180240,23.8
180300,22.8
180360,23.0
180420,23.0
180480,24.8
180540,23.4
180600,24.2
180660,24.6
180720,25.2
180780,23.6
180840,24.6
180900,23.8
180960,23.8
181020,24.0
181080,23.0
181140,24.6
181200,24.0
181260,25.2
181320,24.4
181380,23.2
181440,23.4
181500,24.4
181560,23.4
181620,24.0
181680,24.6
181740,24.0
181800,23.4
181860,23.4
181920,23.8
181980,24.6
182040,23.4
182100,23.2
182160,23.8
182220,23.6
182280,23.6
182340,24.8
182400,25.6
182460,24.6
182520,23.8
182580,24.6
182640,23.8
182700,24.8
182760,25.0
182820,24.8
182880,23.8
182940,25.2
183000,24.8
183060,24.6
183120,25.8
183180,23.8
183240,24.6
183300,24.4
183360,24.8
183420,23.4
183480,22.6
183540,23.8
183600,25.2
183660,25.0
183720,23.8
183780,24.0
183840,23.8
183900,24.0
183960,26.2
184020,25.0
184080,24.0
184140,25.0
184200,25.6
184260,23.8
184320,24.8
184380,24.6
184440,24.8
184500,24.8
184560,24.6
184620,24.0
184680,25.2
184740,24.2
184800,24.4
184860,25.8
184920,25.4
184980,24.2
185040,24.2
185100,25.8
185160,25.4
185220,24.8
185280,25.8
185340,23.2
185400,23.4
185460,23.8
185520,26.8
185580,25.0
185640,25.2
185700,24.2
185760,24.6
185820,23.8
185880,26.4
185940,24.2
186000,25.4
186060,24.2
186120,24.4
186180,23.2
186240,23.4
186300,23.8
186360,23.2
186420,24.4
186480,25.8
186540,24.4
186600,26.0
186660,25.4
186720,24.6
186780,24.2
186840,23.4
186900,25.4
186960,24.2
187020,24.2
187080,25.4
187140,24.2
187200,23.6
187260,25.2
187320,23.8
187380,25.2
187440,23.6
187500,23.4
187560,24.6
187620,24.0
187680,23.6
187740,24.0
187800,24.0
187860,26.2
187920,23.0
187980,23.6
188040,23.4
188100,26.0
188160,24.6
188220,23.4
188280,24.4
188340,24.2
188400,22.8
188460,24.2
188520,23.4
188580,24.6
188640,23.2
188700,25.4
188760,23.0
188820,25.8
188880,24.4
188940,25.2
189000,24.6
189060,24.0
189120,25.0
189180,24.8
189240,25.2
189300,25.4
189360,24.2
189420,24.2
189480,24.8
189540,25.2
189600,23.8
189660,24.6
189720,24.2
189780,24.8
189840,25.4
189900,27.0
189960,23.8
190020,24.8
190080,25.0
190140,25.4
190200,25.0
190260,24.6
190320,26.2
190380,23.8
190440,24.4
190500,24.2
190560,24.2
190620,25.4
190680,25.4
190740,25.0
190800,24.8
190860,25.8
190920,22.4
190980,24.4
191040,24.2
191100,24.8
191160,23.6
191220,23.8
191280,25.4
191340,24.8
191400,23.6
191460,23.4
191520,24.0
191580,24.8
191640,24.6
191700,24.0
191760,23.8
191820,23.8
191880,24.4
191940,25.2
192000,25.4
192060,25.2
192120,25.0
192180,23.8
192240,22.4
192300,24.4
192360,24.8
192420,23.4
192480,23.8
192540,23.6
192600,24.2
192660,24.6
192720,24.6
192780,24.2
192840,24.8
192900,24.6
192960,24.0
193020,23.6
193080,22.6
193140,24.6
193200,24.2
193260,24.2
193320,23.4
193380,24.2
193440,23.2
193500,23.4
193560,23.2
193620,23.4
193680,23.8
193740,24.2
193800,22.6
193860,23.0
193920,24.6
193980,23.4
194040,25.0
194100,23.8
194160,23.0
194220,23.8
194280,22.4
194340,23.8
194400,24.4
194460,23.8
194520,24.0
194580,23.4
194640,22.6
194700,23.4
194760,24.8
194820,23.0
194880,23.0
194940,24.4
195000,24.0
195060,23.0
195120,23.8
195180,24.4
195240,23.8
195300,22.8
195360,23.0
195420,21.8
195480,24.2
195540,24.4
195600,23.4
195660,24.4
195720,24.0
195780,23.4
195840,22.2
195900,25.2
195960,23.4
196020,23.0
196080,23.2
196140,22.0
196200,23.6
196260,22.8
196320,23.4
196380,22.2
196440,22.6
196500,23.4
196560,23.8
196620,23.2
196680,24.4
196740,25.8
196800,23.8
196860,24.6
196920,23.4
196980,22.6
197040,22.2
197100,24.4
197160,24.4
197220,22.8
197280,24.2
197340,25.0
197400,22.0
197460,23.8
197520,23.2
197580,23.8
197640,23.2
197700,22.6
197760,23.6
197820,23.2
197880,22.6
197940,22.6
198000,22.6
198060,24.4
198120,23.0
198180,23.2
198240,22.2
198300,24.6
198360,23.2
198420,23.2
198480,24.4
198540,24.2
198600,23.8
198660,23.6
198720,24.6
198780,23.0
198840,23.4
198900,22.6
198960,24.8
199020,23.8
199080,23.6
199140,23.8
199200,23.4
199260,23.4
199320,23.6
199380,23.0
199440,22.8
199500,24.2
199560,23.0
199620,21.6
199680,22.6
199740,22.8
199800,22.4
199860,21.0
199920,23.8
199980,25.2
200040,22.8
200100,23.4
200160,24.4
200220,23.2
200280,23.2
200340,24.6
200400,24.2
200460,23.2
200520,24.0
200580,24.2
200640,23.2
200700,22.6
200760,23.6
200820,22.2
200880,23.2
200940,24.0
201000,23.4
201060,23.4
201120,25.0
201180,23.2
201240,24.2
201300,24.0
201360,24.0
201420,24.2
201480,24.6
201540,24.8
201600,22.8
201660,22.4
201720,23.2
201780,25.0
201840,22.0
201900,23.8
201960,24.2
202020,22.2
202080,22.4
202140,22.8
202200,23.8
202260,25.2
202320,23.2
202380,23.0
202440,23.4
202500,23.2
202560,23.8
202620,23.6
202680,22.8
202740,22.6
202800,23.6
202860,24.2
202920,22.4
202980,24.2
203040,22.8
203100,24.4
203160,23.2
203220,24.8
203280,24.8
203340,24.2
203400,23.6
203460,24.0
203520,24.0
203580,24.6
203640,24.2
203700,24.8
203760,24.8
203820,23.8
203880,24.2
203940,25.2
204000,25.8
204060,22.6
204120,23.0
204180,24.2
204240,22.6
204300,25.0
204360,24.6
204420,25.6
204480,24.2
204540,24.2
204600,24.6
204660,24.0
204720,24.2
204780,23.8
204840,25.2
204900,25.2
204960,24.2
205020,22.8
205080,24.2
205140,23.6
205200,24.6
205260,23.4
205320,22.6
205380,23.6
205440,23.4
205500,23.6
205560,23.8
205620,22.6
205680,24.4
205740,25.6
205800,25.0
205860,24.4
205920,26.2
205980,25.8
206040,23.4
206100,25.4
206160,23.0
206220,24.2
206280,24.6
206340,24.6
206400,24.6
206460,24.0
206520,24.8
206580,23.0
206640,24.8
206700,24.2
206760,23.4
206820,23.2
206880,23.8
206940,25.2
207000,24.8
207060,23.0
207120,23.6
207180,23.4
207240,24.8
207300,24.2
207360,22.6
207420,24.8
207480,22.8
207540,22.6
207600,23.2
207660,24.2
207720,23.0
207780,24.0
207840,23.6
207900,23.8
207960,24.4
208020,23.2
208080,24.2
208140,23.2
208200,25.2
208260,25.0
208320,23.0
208380,24.4
208440,23.4
208500,24.2
208560,24.0
208620,24.0
208680,23.0
208740,24.6
208800,24.0
208860,25.4
208920,23.8
208980,22.8
209040,24.6
209100,23.0
209160,23.8
209220,25.0
209280,23.0
209340,22.8
209400,24.2
209460,22.8
209520,23.6
209580,23.2
209640,25.0
209700,23.6
209760,25.4
209820,23.2
209880,25.2
209940,23.6
210000,24.0
210060,24.6
210120,22.8
210180,25.8
210240,23.8
210300,24.4
210360,26.0
210420,25.0
210480,23.8
210540,26.0
210600,24.2
210660,26.0
210720,25.4
210780,25.6
210840,24.0
210900,24.4
210960,25.8
211020,24.8
211080,24.6
211140,24.4
211200,25.2
211260,23.8
211320,24.0
211380,24.6
211440,24.0
211500,25.0
211560,25.4
211620,23.6
211680,24.8
211740,24.8
211800,23.0
211860,25.0
211920,24.0
211980,25.8
212040,24.4
212100,24.6
212160,24.6
212220,25.0
212280,24.6
212340,23.8
212400,22.0
212460,23.6
212520,24.0
212580,23.2
212640,24.4
212700,24.6
212760,22.4
212820,23.0
212880,23.4
212940,22.8
213000,24.2
213060,23.8
213120,23.2
213180,23.0
213240,23.8
213300,23.6
213360,23.2
213420,22.4
213480,22.6
213540,22.8
213600,26.4
213660,23.2
213720,23.4
213780,24.2
213840,24.8
213900,23.8
213960,21.8
214020,23.0
214080,24.0
214140,24.6
214200,24.6
214260,24.0
214320,22.8
214380,24.6
214440,24.0
214500,23.8
214560,24.4
214620,24.4
214680,23.8
214740,24.6
214800,23.8
214860,23.4
214920,24.2
214980,24.6
215040,24.4
215100,24.4
215160,23.8
215220,25.0
215280,22.6
215340,24.0
215400,22.6
215460,24.2
215520,23.2
215580,23.2
215640,22.6
215700,22.8
215760,21.8
215820,25.0
215880,22.0
215940,22.2
216000,22.8
216060,24.4
216120,23.6
216180,22.6
216240,22.8
216300,23.4
216360,22.8
216420,23.8
216480,22.8
216540,22.2
216600,22.0
216660,23.6
216720,23.2
216780,22.2
216840,23.2
216900,22.4
216960,23.6
217020,23.6
217080,24.4
217140,23.2
217200,23.8
217260,23.0
217320,23.4
217380,23.8
217440,24.4
217500,23.8
217560,24.0
217620,24.2
217680,23.0
217740,24.4
217800,23.2
217860,24.4
217920,24.4
217980,23.0
218040,23.2
218100,24.2
218160,23.4
218220,24.0
218280,24.2
218340,24.0
218400,23.2
218460,23.0
218520,24.4
218580,24.0
218640,24.8
218700,23.4
218760,24.2
218820,22.8
218880,23.4
218940,24.6
219000,25.0
219060,22.6
219120,23.8
219180,24.6
219240,22.6
219300,23.8
219360,24.0
219420,25.0
219480,24.0
219540,24.2
219600,23.0
219660,24.2
219720,23.6
219780,25.0
219840,24.2
219900,24.8
219960,24.6
220020,25.0
220080,24.8
220140,24.4
220200,23.8
220260,24.0
220320,24.8
220380,25.2
220440,25.0
220500,25.0
220560,24.2
220620,24.6
220680,23.8
220740,23.8
220800,25.8
220860,25.2
220920,24.6
220980,25.6
221040,24.0
221100,24.8
221160,22.6
221220,25.0
221280,24.6
221340,25.6
221400,25.4
221460,24.2
221520,23.6
221580,25.0
221640,24.2
221700,23.6
221760,27.0
221820,27.0
221880,24.2
221940,24.2
222000,23.8
222060,25.4
222120,25.6
222180,25.0
222240,24.0
222300,24.6
222360,25.6
222420,24.2
222480,24.6
222540,25.8
222600,25.2
222660,25.2
222720,25.4
222780,24.4
222840,27.0
222900,24.4
222960,25.0
223020,24.4
223080,25.0
223140,25.6
223200,25.4
223260,24.4
223320,25.6
223380,26.0
223440,24.6
223500,23.8
223560,23.8
223620,25.8
223680,25.2
223740,25.2
223800,25.2
223860,27.0
223920,24.4
223980,24.0
224040,23.2
224100,23.8
224160,24.8
224220,24.4
224280,25.2
224340,25.2
224400,26.0
224460,24.6
224520,24.2
224580,26.6
224640,25.2
224700,25.6
224760,23.8
224820,25.4
224880,24.2
224940,22.8
225000,25.0
225060,26.2
225120,25.2
225180,24.6
225240,24.8
225300,25.6
225360,25.6
225420,25.6
225480,25.0
225540,26.2
225600,26.8
225660,24.2
225720,26.4
225780,24.6
225840,25.0
225900,25.4
225960,24.8
226020,26.4
226080,25.0
226140,23.2
226200,26.0
226260,23.4
226320,24.6
226380,24.6
226440,25.4
226500,24.6
226560,24.0
226620,24.6
226680,25.2
226740,24.4
226800,24.2
226860,23.2
226920,25.6
226980,26.0
227040,24.2
227100,24.6
227160,25.4
227220,25.8
227280,21.8
227340,26.2
227400,24.4
227460,25.8
227520,24.0
227580,24.6
227640,24.0
227700,25.2
227760,24.6
227820,24.2
227880,25.0
227940,24.4
228000,23.6
228060,24.8
228120,24.4
228180,23.4
228240,23.4
228300,24.6
228360,23.4
228420,24.0
228480,23.6
228540,23.2
228600,23.0
228660,23.2
228720,21.6
228780,22.2
228840,22.0
228900,20.8
228960,22.6
229020,21.6
229080,23.0
229140,24.2
229200,23.4
229260,21.8
229320,22.8
229380,23.0
229440,22.6
229500,24.0
229560,25.2
229620,25.6
229680,22.8
229740,24.2
229800,24.6
229860,24.8
229920,23.8
229980,24.0
230040,25.0
230100,24.0
230160,24.0
230220,23.0
230280,23.8
230340,24.2
230400,24.6
230460,23.6
230520,24.6
230580,23.4
230640,23.6
230700,23.6
230760,22.8
230820,23.0
230880,23.0
230940,24.4
231000,22.6
231060,24.4
231120,23.6
231180,24.0
231240,24.0
231300,23.2
231360,22.6
231420,21.6
231480,23.4
231540,23.4
231600,24.4
231660,23.0
231720,21.8
231780,25.0
231840,25.0
231900,26.0
231960,24.8
232020,22.6
232080,23.2
232140,23.8
232200,22.0
232260,24.6
232320,23.0
232380,24.2
232440,23.4
232500,24.4
232560,24.2
232620,22.6
232680,23.8
232740,24.4
232800,24.0
232860,23.0
232920,25.8
232980,24.4
233040,24.6
233100,24.0
233160,25.6
233220,25.2
233280,24.8
233340,24.6
233400,24.8
233460,25.6
233520,25.6
233580,25.8
233640,24.6
233700,25.8
233760,24.8
233820,24.6
233880,25.2
233940,25.2
234000,25.8
234060,26.6
234120,24.8
234180,24.2
234240,22.2
234300,25.2
234360,24.4
234420,25.4
234480,24.8
234540,25.6
234600,25.4
234660,25.2
234720,25.8
234780,26.0
234840,27.4
234900,24.2
234960,25.6
235020,26.8
235080,24.0
235140,25.8
235200,25.2
235260,24.6
235320,24.2
235380,25.6
235440,24.2
235500,25.0
235560,23.4
235620,24.2
235680,24.6
235740,23.6
235800,24.2
235860,25.0
235920,25.8
235980,24.2
236040,23.2
236100,25.0
236160,25.8
236220,23.0
236280,24.0
236340,23.6
236400,23.6
236460,24.2
236520,25.2
236580,23.4
236640,26.0
236700,24.4
236760,24.8
236820,24.2
236880,24.8
236940,24.0
237000,23.6
237060,23.6
237120,25.4
237180,24.0
237240,23.8
237300,25.6
237360,23.0
237420,25.0
237480,25.6
237540,24.8
237600,23.2
237660,24.0
237720,24.0
237780,23.6
237840,23.4
237900,24.2
237960,23.4
238020,23.8
238080,23.8
238140,23.8
238200,23.6
238260,24.2
238320,23.6
238380,23.8
238440,24.4
238500,24.2
238560,26.0
238620,25.2
238680,25.6
238740,25.0
238800,26.8
238860,25.6
238920,25.0
238980,25.4
239040,24.6
239100,25.2
239160,25.4
239220,25.6
239280,24.8
239340,24.0
239400,24.6
239460,24.4
239520,25.8
239580,25.2
239640,26.4
239700,24.6
239760,25.6
239820,25.8
239880,23.4
239940,24.6
240000,25.4
240060,25.0
240120,25.2
240180,25.4
240240,24.6
240300,25.6
240360,25.6
240420,26.0
240480,25.6
240540,25.4
240600,24.6
240660,26.4
240720,24.6
240780,24.6
240840,25.4
240900,24.2
240960,25.4
241020,24.4
241080,23.6
241140,24.8
241200,26.8
241260,23.8
241320,25.8
241380,26.8
241440,25.2
241500,25.0
241560,24.8
241620,24.6
241680,26.0
241740,25.0
241800,25.0
241860,26.2
241920,25.4
241980,25.8
242040,25.2
242100,26.4
242160,26.2
242220,26.4
242280,24.4
242340,25.8
242400,24.8
242460,25.4
242520,25.6
242580,25.8
242640,25.2
242700,25.0
242760,25.6
242820,25.0
242880,24.6
242940,25.0
243000,24.4
243060,25.8
243120,25.6
243180,23.6
243240,25.0
243300,24.0
243360,25.6
243420,23.2
243480,24.2
243540,23.6
243600,24.4
243660,23.8
243720,24.0
243780,24.2
243840,23.6
243900,24.2
243960,24.8
244020,24.4
244080,24.4
244140,23.8
244200,24.4
244260,25.6
244320,25.6
244380,25.4
244440,24.8
244500,24.4
244560,24.0
244620,23.8
244680,26.2
244740,25.0
244800,25.2
244860,24.4
244920,23.2
244980,25.6
245040,24.4
245100,24.2
245160,25.6
245220,25.0
245280,26.6
245340,24.4
245400,25.8
245460,24.6
245520,24.0
245580,24.8
245640,25.2
245700,26.0
245760,24.8
245820,24.8
245880,24.0
245940,24.8
246000,24.0
246060,23.4
246120,24.2
246180,23.0
246240,24.2
246300,25.6
246360,24.2
246420,23.8
246480,25.2
246540,25.4
246600,25.8
246660,24.6
246720,24.8
246780,24.2
246840,23.2
246900,24.6
246960,24.4
247020,24.4
247080,24.8
247140,25.4
247200,24.6
247260,24.0
247320,23.4
247380,25.6
247440,23.0
247500,25.2
247560,23.6
247620,23.6
247680,23.2
247740,22.8
247800,22.8
247860,23.6
247920,23.8
247980,23.6
248040,22.4
248100,25.2
248160,23.6
248220,25.2
248280,23.0
248340,24.0
248400,22.8
248460,23.8
248520,22.8
248580,23.4
248640,23.4
248700,22.2
248760,22.2
248820,21.8
248880,22.6
248940,23.4
249000,22.2
249060,22.6
249120,22.4
249180,20.8
249240,21.6
249300,20.8
249360,22.2
249420,22.6
249480,23.2
249540,22.6
249600,20.4
249660,23.6
249720,22.8
249780,22.6
249840,23.8
249900,23.2
249960,25.2
250020,23.4
250080,24.2
250140,22.6
250200,22.6
250260,21.6
250320,23.8
250380,24.4
250440,23.8
250500,23.6
250560,22.8
250620,23.0
250680,24.0
250740,22.0
250800,22.6
250860,23.2
250920,24.2
250980,22.6
251040,22.8
251100,23.2
251160,22.2
251220,22.6
251280,24.4
251340,23.6
251400,24.8
251460,23.6
251520,24.2
251580,24.2
251640,24.0
251700,25.6
251760,26.0
251820,24.0
251880,24.0
251940,24.2
252000,23.0
252060,24.6
252120,23.8
252180,24.0
252240,24.6
252300,24.0
252360,22.6
252420,25.6
252480,24.6
252540,23.8
252600,23.8
252660,23.6
252720,23.8
252780,23.6
252840,23.8
252900,23.6
252960,24.0
253020,22.2
253080,21.4
253140,24.6
253200,23.6
253260,24.0
253320,23.4
253380,23.8
253440,23.8
253500,23.4
253560,22.6
253620,23.2
253680,23.8
253740,22.0
253800,23.8
253860,23.4
253920,23.2
253980,23.8
254040,22.2
254100,23.0
254160,24.4
254220,23.8
254280,23.6
254340,24.4
254400,23.2
254460,22.8
254520,24.0
254580,23.0
254640,23.0
254700,22.4
254760,23.6
254820,23.2
254880,23.8
254940,24.0
255000,23.8
255060,24.0
255120,23.2
255180,24.4
255240,22.6
255300,23.4
255360,23.4
255420,23.2
255480,22.2
255540,22.2
255600,24.6
255660,23.4
255720,24.2
255780,25.2
255840,24.2
255900,22.6
255960,22.0
256020,23.0
256080,22.0
256140,22.0
256200,21.4
256260,22.4
256320,23.4
256380,22.6
256440,24.0
256500,24.4
256560,23.2
256620,24.4
256680,24.2
256740,23.4
256800,22.8
256860,24.2
256920,22.4
256980,23.2
257040,23.6
257100,23.8
257160,24.8
257220,23.0
257280,24.4
257340,24.6
257400,24.0
257460,23.2
257520,24.4
257580,23.2
257640,23.2
257700,23.2
257760,24.8
257820,23.8
257880,23.6
257940,23.6
258000,24.2
258060,24.2
258120,23.6
258180,24.2
258240,24.0
258300,23.6
258360,24.0
258420,24.2
258480,22.0
258540,23.6
258600,22.6
258660,23.2
258720,23.0
258780,22.4
258840,23.6
258900,23.6
258960,23.0
259020,23.6
259080,23.6
259140,21.8
259200,22.2
259260,21.8
259320,23.8
259380,22.6
259440,24.2
259500,23.4
259560,22.6
259620,24.4
259680,23.6
259740,24.2
259800,23.2
259860,23.4
259920,22.2
259980,24.2
260040,23.2
260100,23.2
260160,22.6
260220,23.0
260280,23.4
260340,22.2
260400,23.0
260460,23.8
260520,23.8
260580,23.2
