#Steps,score
60,0.8
120,1.6
180,2.4
240,1.0
300,0.6
360,1.6
420,2.0
480,1.4
540,1.2
600,1.4
660,0.8
720,1.4
780,0.8
840,0.6
900,0.6
960,2.0
1020,1.0
1080,0.6
1140,1.0
1200,1.6
1260,0.8
1320,1.0
1380,2.0
1440,0.6
1500,0.6
1560,1.4
1620,0.8
1680,1.8
1740,1.2
1800,0.6
1860,1.6
1920,1.6
1980,1.2
2040,1.0
2100,0.6
2160,0.8
2220,1.0
2280,1.2
2340,1.2
2400,1.2
2460,0.2
2520,1.2
2580,0.6
2640,1.6
2700,1.6
2760,0.6
2820,2.2
2880,1.4
2940,1.4
3000,2.2
3060,0.8
3120,1.6
3180,1.4
3240,1.8
3300,0.6
3360,1.0
3420,2.4
3480,1.2
3540,1.6
3600,0.6
3660,2.0
3720,1.4
3780,1.2
3840,1.2
3900,1.0
3960,1.0
4020,0.8
4080,1.2
4140,1.6
4200,1.0
4260,1.2
4320,1.2
4380,1.6
4440,1.0
4500,0.6
4560,1.0
4620,1.4
4680,1.2
4740,0.8
4800,1.6
4860,0.8
4920,0.4
4980,2.8
5040,0.8
5100,0.2
5160,0.2
5220,0.8
5280,1.2
5340,2.2
5400,1.8
5460,1.4
5520,1.2
5580,0.2
5640,2.2
5700,1.6
5760,0.6
5820,0.4
5880,1.6
5940,0.6
6000,0.8
6060,1.4
6120,1.0
6180,0.6
6240,1.6
6300,1.6
6360,1.2
6420,1.4
6480,1.0
6540,0.4
6600,1.0
6660,1.2
6720,1.4
6780,1.2
6840,1.0
6900,2.0
6960,0.6
7020,1.8
7080,1.6
7140,0.8
7200,1.0
7260,1.4
7320,0.4
7380,1.6
7440,0.6
7500,1.4
7560,1.2
7620,1.0
7680,0.4
7740,0.4
7800,2.0
7860,1.2
7920,1.0
7980,1.8
8040,1.2
8100,0.8
8160,1.2
8220,1.2
8280,1.0
8340,2.4
8400,1.4
8460,1.2
8520,2.0
8580,1.2
8640,1.2
8700,1.2
8760,2.0
8820,1.4
8880,1.2
8940,1.8
9000,1.2
9060,0.8
9120,0.8
9180,0.8
9240,0.4
9300,0.2
9360,1.2
9420,0.4
9480,0.8
9540,0.6
9600,1.4
9660,0.8
9720,1.0
9780,1.0
9840,1.4
9900,0.8
9960,1.0
10020,1.0
10080,1.2
10140,0.0
10200,1.4
10260,1.2
10320,0.8
10380,1.6
10440,1.2
10500,1.6
10560,1.2
10620,2.2
10680,1.0
10740,1.4
10800,1.0
10860,1.4
10920,1.4
10980,1.4
11040,1.2
11100,0.6
11160,1.6
11220,1.8
11280,1.2
11340,0.8
11400,1.6
11460,2.2
11520,1.2
11580,1.2
11640,1.6
11700,0.8
11760,1.0
11820,0.4
11880,1.0
11940,0.6
12000,0.4
12060,2.0
12120,1.8
12180,1.4
12240,1.2
12300,1.2
12360,1.2
12420,1.0
12480,1.0
12540,0.8
12600,0.2
12660,1.0
12720,1.8
12780,1.2
12840,0.4
12900,1.6
12960,1.4
13020,0.4
13080,1.4
13140,1.2
13200,1.6
13260,1.4
13320,1.0
13380,1.0
13440,0.6
13500,0.6
13560,1.4
13620,0.4
13680,1.2
13740,0.8
13800,0.8
13860,1.8
13920,1.2
13980,0.0
14040,1.6
14100,1.2
14160,1.4
14220,1.0
14280,1.4
14340,0.8
14400,2.0
14460,0.6
14520,1.0
14580,0.8
14640,0.6
14700,0.8
14760,1.6
14820,1.6
14880,1.8
14940,1.0
15000,0.8
15060,1.0
15120,1.8
15180,0.6
15240,1.2
15300,1.0
15360,0.2
15420,0.8
15480,1.0
15540,1.0
15600,0.6
15660,1.4
15720,1.6
15780,0.4
15840,1.2
15900,2.0
15960,1.0
16020,0.8
16080,1.4
16140,1.4
16200,1.2
16260,0.8
16320,1.0
16380,0.6
16440,1.4
16500,1.0
16560,1.2
16620,0.4
16680,1.6
16740,1.4
16800,1.8
16860,2.4
16920,1.0
16980,1.4
17040,1.8
17100,1.4
17160,1.8
17220,1.0
17280,1.0
17340,2.0
17400,1.0
17460,1.0
17520,2.0
17580,1.8
17640,1.2
17700,1.6
17760,2.6
17820,1.0
17880,1.2
17940,0.2
18000,1.6
18060,1.0
18120,1.2
18180,1.2
18240,1.2
18300,0.8
18360,1.8
18420,1.6
18480,1.0
18540,0.8
18600,1.4
18660,1.2
18720,1.2
18780,0.6
18840,2.6
18900,1.0
18960,2.0
19020,1.4
19080,0.0
19140,1.2
19200,0.6
19260,1.0
19320,1.6
19380,1.6
19440,2.0
19500,1.4
19560,1.0
19620,1.0
19680,2.0
19740,0.4
19800,1.4
19860,0.8
19920,1.6
19980,0.8
20040,1.2
20100,1.4
20160,2.0
20220,2.0
20280,2.0
20340,2.0
20400,0.6
20460,1.4
20520,1.2
20580,1.8
20640,0.6
20700,1.4
20760,1.4
20820,1.0
20880,0.8
20940,1.2
21000,1.2
21060,2.0
21120,1.4
21180,2.8
21240,1.6
21300,0.8
21360,2.0
21420,0.2
21480,0.8
21540,0.8
21600,1.4
21660,1.0
21720,1.6
21780,1.8
21840,1.8
21900,1.8
21960,2.4
22020,1.8
22080,1.4
22140,2.0
22200,1.2
22260,1.6
22320,1.2
22380,2.2
22440,1.8
22500,2.0
22560,1.2
22620,1.8
22680,1.0
22740,1.8
22800,2.4
22860,1.6
22920,1.0
22980,1.6
23040,1.2
23100,1.6
23160,0.8
23220,1.6
23280,0.8
23340,1.8
23400,1.0
23460,1.6
23520,1.6
23580,1.6
23640,1.8
23700,1.8
23760,1.4
23820,1.6
23880,2.0
23940,2.4
24000,1.8
24060,2.0
24120,2.0
24180,1.6
24240,0.6
24300,1.8
24360,1.2
24420,2.4
24480,1.6
24540,1.8
24600,1.8
24660,1.4
24720,2.2
24780,2.4
24840,1.4
24900,1.2
24960,2.4
25020,2.0
25080,1.6
25140,1.0
25200,1.2
25260,1.8
25320,1.4
25380,2.4
25440,1.4
25500,1.8
25560,0.8
25620,2.2
25680,1.2
25740,1.6
25800,1.8
25860,1.4
25920,1.6
25980,1.4
26040,1.6
26100,2.0
26160,1.6
26220,2.6
26280,1.6
26340,1.2
26400,1.0
26460,1.0
26520,1.2
26580,0.6
26640,1.4
26700,1.4
26760,0.2
26820,1.8
26880,1.4
26940,1.0
27000,1.2
27060,2.4
27120,1.4
27180,1.2
27240,1.0
27300,2.6
27360,1.0
27420,1.0
27480,1.2
27540,1.6
27600,1.0
27660,1.6
27720,2.6
27780,2.0
27840,1.4
27900,2.0
27960,1.2
28020,2.2
28080,2.2
28140,1.8
28200,1.2
28260,1.2
28320,2.6
28380,2.8
28440,1.4
28500,1.6
28560,2.6
28620,2.6
28680,1.2
28740,1.8
28800,2.8
28860,2.0
28920,1.8
28980,2.0
29040,2.0
29100,1.8
29160,0.4
29220,1.6
29280,1.6
29340,1.6
29400,1.8
29460,1.4
29520,2.0
29580,2.2
29640,1.6
29700,2.0
29760,2.4
29820,0.8
29880,1.6
29940,1.8
30000,1.4
30060,1.8
30120,1.4
30180,1.2
30240,2.0
30300,1.6
30360,1.4
30420,2.2
30480,1.2
30540,1.4
30600,2.0
30660,1.2
30720,1.4
30780,1.0
30840,1.0
30900,1.6
30960,0.6
31020,1.6
31080,2.2
31140,1.4
31200,2.2
31260,2.2
31320,1.2
31380,2.0
31440,1.4
31500,2.2
31560,1.6
31620,1.6
31680,1.8
31740,1.4
31800,2.6
31860,2.0
31920,1.2
31980,1.4
32040,1.0
32100,1.0
32160,1.4
32220,1.8
32280,0.8
32340,1.4
32400,1.8
32460,1.4
32520,1.4
32580,2.4
32640,2.8
32700,1.0
32760,1.8
32820,1.4
32880,0.6
32940,3.4
33000,1.6
33060,2.6
33120,1.8
33180,1.6
33240,2.0
33300,2.6
33360,3.2
33420,3.8
33480,3.8
33540,3.2
33600,3.8
33660,4.2
33720,3.6
33780,3.0
33840,4.4
33900,3.2
33960,4.6
34020,3.4
34080,4.4
34140,5.4
34200,5.4
34260,6.8
34320,8.6
34380,11.4
34440,9.0
34500,12.4
34560,14.6
34620,15.8
34680,18.2
34740,16.4
34800,16.0
34860,15.0
34920,13.6
34980,10.6
35040,11.6
35100,12.0
35160,11.0
35220,13.4
35280,11.4
35340,11.2
35400,11.2
35460,12.2
35520,12.4
35580,14.2
35640,14.8
35700,15.4
35760,14.0
35820,14.6
35880,13.6
35940,15.0
36000,14.8
36060,12.6
36120,12.4
36180,13.0
36240,14.2
36300,13.4
36360,14.2
36420,12.6
36480,13.2
36540,15.6
36600,15.6
36660,15.4
36720,16.6
36780,16.8
36840,16.6
36900,18.6
36960,17.4
37020,17.2
37080,18.0
37140,19.4
37200,17.4
37260,20.0
37320,20.0
37380,19.2
37440,19.8
37500,18.8
37560,17.0
37620,17.0
37680,16.2
37740,14.8
37800,16.0
37860,15.6
37920,14.8
37980,15.0
38040,15.0
38100,14.4
38160,16.8
38220,16.4
38280,14.4
38340,17.2
38400,18.4
38460,19.0
38520,18.0
38580,20.4
38640,19.0
38700,20.4
38760,21.4
38820,20.4
38880,21.0
38940,22.2
39000,22.2
39060,22.0
39120,22.4
39180,22.2
39240,21.2
39300,21.8
39360,21.4
39420,21.8
39480,21.2
39540,21.0
39600,22.4
39660,21.8
39720,24.8
39780,22.4
39840,21.6
39900,22.2
39960,23.0
40020,22.2
40080,22.2
40140,22.8
40200,22.8
40260,23.0
40320,21.2
40380,23.0
40440,21.2
40500,20.6
40560,21.6
40620,21.2
40680,22.0
40740,21.0
40800,19.4
40860,20.8
40920,20.0
40980,20.0
41040,21.2
41100,21.0
41160,19.0
41220,20.6
41280,21.8
41340,19.4
41400,20.2
41460,20.0
41520,21.0
41580,22.8
41640,24.0
41700,21.6
41760,22.8
41820,22.0
41880,24.0
41940,22.2
42000,23.4
42060,22.6
42120,23.6
42180,23.2
42240,22.4
42300,24.0
42360,23.2
42420,23.8
42480,22.8
42540,22.8
42600,24.4
42660,22.4
42720,23.6
42780,20.6
42840,23.8
42900,22.4
42960,22.2
43020,22.6
43080,23.8
43140,22.2
43200,21.4
43260,22.8
43320,21.6
43380,21.6
43440,22.6
43500,24.2
43560,21.4
43620,22.8
43680,23.8
43740,22.2
43800,21.8
43860,23.6
43920,22.4
43980,23.0
44040,23.0
44100,24.8
44160,21.8
44220,22.0
44280,21.2
44340,23.2
44400,23.0
44460,25.0
44520,24.2
44580,24.0
44640,24.2
44700,23.2
44760,24.8
44820,23.4
44880,23.8
44940,24.6
45000,23.6
45060,24.2
45120,25.0
45180,23.8
45240,24.8
45300,22.4
45360,24.0
45420,25.0
45480,23.2
45540,24.0
45600,23.4
45660,23.4
45720,24.4
45780,25.0
45840,25.2
45900,25.4
45960,24.6
46020,24.4
46080,24.4
46140,25.0
46200,25.0
46260,23.8
46320,23.6
46380,23.2
46440,24.2
46500,23.2
46560,24.6
46620,24.6
46680,23.6
46740,24.4
46800,25.0
46860,24.8
46920,24.0
46980,23.8
47040,24.4
47100,23.6
47160,26.2
47220,25.0
47280,24.4
47340,24.0
47400,24.8
47460,24.0
47520,23.6
47580,23.4
47640,24.8
47700,26.0
47760,22.6
47820,22.2
47880,23.8
47940,24.4
48000,24.4
48060,23.2
48120,24.2
48180,25.6
48240,24.8
48300,25.6
48360,25.2
48420,23.0
48480,23.6
48540,23.2
48600,23.8
48660,23.8
48720,24.8
48780,25.0
48840,25.0
48900,24.0
48960,24.4
49020,25.0
49080,23.0
49140,24.4
49200,24.6
49260,22.8
49320,22.8
49380,24.6
49440,24.2
49500,22.6
49560,23.6
49620,22.8
49680,23.8
49740,22.8
49800,22.4
49860,23.2
49920,23.6
49980,21.0
50040,22.8
50100,24.4
50160,23.0
50220,23.2
50280,23.4
50340,23.6
50400,22.2
50460,24.6
50520,23.4
50580,24.6
50640,24.0
50700,23.4
50760,23.4
50820,24.4
50880,23.6
50940,23.6
51000,24.6
51060,23.6
51120,22.6
51180,22.6
51240,24.0
51300,23.6
51360,23.6
51420,24.0
51480,23.8
51540,24.8
51600,25.6
51660,25.0
51720,24.0
51780,22.4
51840,22.6
51900,21.6
51960,22.0
52020,21.4
52080,23.0
52140,20.0
52200,21.6
52260,20.2
52320,21.8
52380,21.2
52440,22.0
52500,20.2
52560,22.6
52620,22.8
52680,23.6
52740,22.2
52800,21.4
52860,21.0
52920,21.8
52980,21.6
53040,22.4
53100,22.8
53160,22.4
53220,23.4
53280,23.0
53340,21.8
53400,21.2
53460,22.6
53520,21.8
53580,22.4
53640,22.6
53700,21.4
53760,23.0
53820,22.8
53880,23.4
53940,21.2
54000,22.0
54060,24.4
54120,22.4
54180,24.0
54240,22.8
54300,24.2
54360,22.0
54420,23.6
54480,23.6
54540,23.6
54600,23.6
54660,22.4
54720,24.0
54780,22.6
54840,21.0
54900,24.0
54960,22.8
55020,23.8
55080,23.6
55140,22.4
55200,23.0
55260,23.8
55320,22.6
55380,21.0
55440,24.4
55500,23.0
55560,21.6
55620,22.4
55680,22.4
55740,23.6
55800,23.0
55860,23.8
55920,24.0
55980,23.8
56040,23.6
56100,24.0
56160,22.2
56220,24.4
56280,22.6
56340,23.4
56400,23.8
56460,24.2
56520,23.4
56580,24.0
56640,23.8
56700,23.8
56760,23.4
56820,23.0
56880,23.2
56940,24.4
57000,24.2
57060,21.8
57120,23.4
57180,24.6
57240,24.6
57300,23.0
57360,23.0
57420,23.4
57480,22.4
57540,21.6
57600,21.8
57660,23.0
57720,22.0
57780,22.0
57840,21.8
57900,22.8
57960,22.6
58020,21.2
58080,21.2
58140,22.2
58200,21.6
58260,21.6
58320,22.0
58380,22.4
58440,21.0
58500,23.6
58560,23.0
58620,23.4
58680,24.0
58740,23.0
58800,22.8
58860,24.4
58920,23.2
58980,25.2
59040,23.6
59100,22.6
59160,24.0
59220,23.0
59280,22.2
59340,22.6
59400,22.8
59460,22.0
59520,21.6
59580,23.0
59640,22.8
59700,22.4
59760,22.6
59820,23.4
59880,22.8
59940,23.0
60000,21.8
60060,23.4
60120,22.4
60180,22.8
60240,22.4
60300,23.4
60360,23.2
60420,24.4
60480,23.4
60540,21.4
60600,23.0
60660,23.6
60720,22.4
60780,22.0
60840,21.4
60900,21.6
60960,24.8
61020,22.2
61080,22.4
61140,23.0
61200,22.2
61260,22.0
61320,20.8
61380,21.2
61440,21.8
61500,22.8
61560,21.4
61620,22.6
61680,22.2
61740,21.8
61800,21.4
61860,23.6
61920,23.0
61980,23.8
62040,22.8
62100,22.6
62160,23.2
62220,24.2
62280,24.2
62340,24.6
62400,23.8
62460,24.2
62520,24.4
62580,24.0
62640,23.8
62700,24.6
62760,24.4
62820,24.0
62880,24.2
62940,25.4
63000,25.8
63060,23.2
63120,25.0
63180,23.2
63240,25.0
63300,25.2
63360,26.0
63420,24.6
63480,25.6
63540,23.8
63600,25.2
63660,24.4
63720,25.2
63780,24.2
63840,24.2
63900,24.4
63960,25.4
64020,24.2
64080,23.6
64140,25.6
64200,24.6
64260,24.4
64320,25.2
64380,25.2
64440,24.2
64500,25.0
64560,24.4
64620,25.0
64680,23.0
64740,25.6
64800,26.2
64860,24.6
64920,24.6
64980,25.2
65040,23.2
65100,26.2
65160,24.0
65220,24.8
65280,23.0
65340,26.2
65400,24.2
65460,26.2
65520,25.0
65580,25.2
65640,24.2
65700,24.2
65760,25.4
65820,23.6
65880,23.8
65940,24.4
66000,25.0
66060,26.0
66120,25.4
66180,24.2
66240,21.4
66300,24.4
66360,24.8
66420,25.6
66480,25.0
66540,23.8
66600,24.4
66660,24.2
66720,24.0
66780,24.8
66840,24.0
66900,23.6
66960,25.0
67020,23.8
67080,24.4
67140,25.0
67200,23.8
67260,23.8
67320,24.6
67380,24.4
67440,23.4
67500,25.8
67560,24.2
67620,24.8
67680,23.4
67740,23.8
67800,24.2
67860,24.8
67920,23.4
67980,24.4
68040,24.2
68100,22.8
68160,23.8
68220,23.6
68280,25.0
68340,23.0
68400,23.2
68460,22.8
68520,22.8
68580,21.6
68640,22.8
68700,23.0
68760,22.8
68820,23.8
68880,23.8
68940,24.0
69000,23.4
69060,23.8
69120,23.2
69180,23.4
69240,23.8
69300,24.4
69360,25.6
69420,22.6
69480,23.8
69540,23.0
69600,24.8
69660,24.0
69720,23.8
69780,24.8
69840,23.2
69900,22.8
69960,22.6
70020,22.8
70080,23.0
70140,23.6
70200,24.8
70260,24.2
70320,24.4
70380,24.0
70440,25.0
70500,23.0
70560,23.4
70620,23.2
70680,23.4
70740,24.4
70800,23.2
70860,24.8
70920,23.4
70980,23.4
71040,23.6
71100,24.8
71160,23.0
71220,24.6
71280,24.6
71340,25.2
71400,23.0
71460,23.8
71520,22.8
71580,24.2
71640,23.8
71700,25.8
71760,24.6
71820,23.6
71880,26.4
71940,23.6
72000,24.2
72060,23.2
72120,24.6
72180,23.0
72240,23.6
72300,23.6
72360,24.6
72420,24.2
72480,24.0
72540,24.0
72600,24.0
72660,24.6
72720,24.6
72780,23.2
72840,24.2
72900,24.2
72960,24.0
73020,23.4
73080,24.4
73140,22.8
73200,24.2
73260,23.6
73320,23.2
73380,23.4
73440,25.2
73500,24.0
73560,25.2
73620,23.4
73680,24.4
73740,24.2
73800,24.0
73860,24.4
73920,23.6
73980,23.0
74040,24.8
74100,24.2
74160,24.4
74220,23.8
74280,23.6
74340,23.4
74400,24.8
74460,24.6
74520,24.6
74580,23.4
74640,23.0
74700,23.8
74760,22.8
74820,22.2
74880,24.4
74940,25.2
75000,23.0
75060,23.6
75120,24.0
75180,22.4
75240,24.4
75300,22.0
75360,24.4
75420,23.0
75480,21.6
75540,24.0
75600,25.2
75660,23.8
75720,23.0
75780,22.8
75840,22.2
75900,22.8
75960,24.4
76020,24.0
76080,24.4
76140,23.8
76200,23.6
76260,24.0
76320,25.2
76380,24.0
76440,23.6
76500,23.8
76560,24.0
76620,24.8
76680,24.6
76740,24.8
76800,24.4
76860,24.0
76920,25.4
76980,25.0
77040,23.6
77100,26.6
77160,24.2
77220,24.0
77280,24.2
77340,24.6
77400,24.8
77460,24.2
77520,23.4
77580,23.0
77640,23.0
77700,24.0
77760,24.6
77820,23.8
77880,22.2
77940,22.6
78000,24.2
78060,23.6
78120,23.2
78180,23.8
78240,24.4
78300,23.0
78360,23.4
78420,23.0
78480,23.0
78540,23.4
78600,23.6
78660,23.4
78720,24.4
78780,24.0
78840,23.0
78900,23.8
78960,23.8
79020,23.8
79080,22.2
79140,23.0
79200,24.2
79260,22.6
79320,23.8
79380,23.8
79440,22.2
79500,22.8
79560,23.6
79620,23.8
79680,24.8
79740,24.6
79800,23.2
79860,24.6
79920,24.2
79980,22.4
80040,23.2
80100,24.0
80160,23.2
80220,23.6
80280,23.4
80340,23.4
80400,24.0
80460,24.8
80520,23.4
80580,23.0
80640,23.6
80700,26.0
80760,22.6
80820,23.8
80880,23.0
80940,25.2
81000,22.8
81060,24.8
81120,23.8
81180,23.2
81240,23.6
81300,24.2
81360,24.8
81420,24.0
81480,23.6
81540,25.0
81600,25.0
81660,23.0
81720,22.2
81780,25.0
81840,23.2
81900,25.2
81960,23.2
82020,23.4
82080,26.2
82140,24.8
82200,23.4
82260,24.8
82320,25.4
82380,24.0
82440,24.2
82500,26.0
82560,24.0
82620,24.2
82680,24.4
82740,25.0
82800,23.6
82860,23.8
82920,24.2
82980,23.8
83040,23.6
83100,24.6
83160,24.0
83220,23.8
83280,25.4
83340,24.4
83400,24.6
83460,22.8
83520,24.8
83580,23.4
83640,25.6
83700,24.4
83760,24.2
83820,24.8
83880,24.2
83940,24.8
84000,25.2
84060,24.8
84120,24.6
84180,25.0
84240,23.4
84300,23.6
84360,24.8
84420,24.8
84480,24.8
84540,23.8
84600,26.2
84660,24.2
84720,25.4
84780,25.6
84840,25.8
84900,25.8
84960,24.0
85020,25.2
85080,24.2
85140,24.2
85200,25.4
85260,24.0
85320,25.4
85380,24.4
85440,24.6
85500,25.0
85560,25.0
85620,24.2
85680,23.2
85740,24.2
85800,23.4
85860,26.0
85920,24.6
85980,23.8
86040,25.4
86100,24.8
86160,24.8
86220,25.4
86280,23.0
86340,23.8
86400,23.8
86460,23.8
86520,24.2
86580,23.8
86640,22.8
86700,22.8
86760,23.4
86820,23.0
86880,23.0
86940,21.6
87000,22.4
87060,20.8
87120,22.6
87180,22.8
87240,22.2
87300,22.2
87360,21.8
87420,22.6
87480,22.0
87540,23.2
87600,22.8
87660,22.8
87720,23.8
87780,22.4
87840,22.0
87900,22.6
87960,23.8
88020,23.0
88080,24.2
88140,24.8
88200,23.0
88260,24.4
88320,22.8
88380,24.4
88440,23.4
88500,25.4
88560,23.2
88620,23.8
88680,23.0
88740,24.6
88800,23.0
88860,22.8
88920,24.0
88980,22.2
89040,24.2
89100,24.0
89160,26.4
89220,23.4
89280,23.8
89340,23.2
89400,23.8
89460,23.2
89520,23.4
89580,23.6
89640,24.8
89700,23.6
89760,25.4
89820,22.8
89880,24.2
89940,25.6
90000,24.4
90060,25.2
90120,21.8
90180,23.0
90240,24.6
90300,25.0
90360,23.4
90420,23.0
90480,24.0
90540,23.4
90600,25.0
90660,25.0
90720,23.2
90780,24.0
90840,23.6
90900,24.8
90960,24.8
91020,24.2
91080,25.2
91140,23.6
91200,23.4
91260,22.8
91320,23.6
91380,24.4
91440,24.2
91500,23.4
91560,24.8
91620,23.6
91680,24.2
91740,23.8
91800,23.8
91860,22.6
91920,25.0
91980,24.0
92040,23.0
92100,25.2
92160,23.4
92220,25.2
92280,23.2
92340,24.2
92400,23.8
92460,24.0
92520,24.2
92580,24.2
92640,24.4
92700,24.4
92760,24.2
92820,24.8
92880,23.8
92940,25.2
93000,24.8
93060,24.2
93120,24.8
93180,23.2
93240,24.0
93300,23.2
93360,24.8
93420,24.6
93480,23.2
93540,23.8
93600,23.8
93660,25.0
93720,24.6
93780,24.4
93840,25.2
93900,24.2
93960,25.0
94020,25.0
94080,24.8
94140,23.2
94200,27.0
94260,25.6
94320,24.4
94380,24.0
94440,24.0
94500,25.6
94560,26.2
94620,24.8
94680,24.0
94740,25.0
94800,24.6
94860,26.2
94920,24.8
94980,25.2
95040,25.0
95100,25.8
95160,24.2
95220,23.0
95280,23.6
95340,23.2
95400,25.6
95460,24.6
95520,23.8
95580,25.8
95640,23.8
95700,23.6
95760,25.4
95820,25.2
95880,26.6
95940,25.0
96000,22.6
96060,25.0
96120,24.6
96180,25.2
96240,23.8
96300,24.0
96360,23.6
96420,24.4
96480,23.4
96540,24.2
96600,24.6
96660,23.0
96720,23.2
96780,23.2
96840,23.0
96900,22.4
96960,22.8
97020,23.6
97080,24.4
97140,24.2
97200,24.0
97260,23.2
97320,23.6
97380,24.0
97440,23.4
97500,25.2
97560,23.2
97620,23.8
97680,23.6
97740,24.4
97800,23.8
97860,24.4
97920,24.0
97980,23.0
98040,22.6
98100,23.4
98160,25.6
98220,25.4
98280,24.2
98340,23.2
98400,23.0
98460,22.6
98520,24.0
98580,24.2
98640,23.4
98700,23.8
98760,24.6
98820,24.2
98880,23.0
98940,25.0
99000,23.8
99060,23.6
99120,24.4
99180,23.4
99240,23.2
99300,21.8
99360,23.0
99420,24.2
99480,22.4
99540,23.4
99600,24.0
99660,24.4
99720,22.4
99780,22.8
99840,25.0
99900,24.4
99960,24.2
100020,22.6
100080,23.2
100140,23.6
100200,23.6
100260,21.8
100320,23.6
100380,22.8
100440,24.8
100500,23.8
100560,24.8
100620,23.4
100680,24.4
100740,24.0
100800,23.8
100860,23.0
100920,23.2
100980,23.8
101040,23.6
101100,23.2
101160,22.8
101220,26.4
101280,25.2
101340,24.4
101400,22.0
101460,26.2
101520,23.4
101580,26.0
101640,23.2
101700,23.4
101760,25.4
101820,23.4
101880,25.2
101940,23.8
102000,24.4
102060,24.4
102120,25.8
102180,24.6
102240,26.4
102300,24.0
102360,24.4
102420,23.8
102480,25.2
102540,25.0
102600,23.6
102660,24.2
102720,24.0
102780,24.4
102840,23.2
102900,24.4
102960,24.8
103020,24.8
103080,23.8
103140,24.2
103200,23.6
103260,22.8
103320,24.2
103380,23.8
103440,23.4
103500,23.8
103560,25.2
103620,22.4
103680,22.6
103740,23.8
103800,24.8
103860,22.0
103920,23.8
103980,22.6
104040,26.0
104100,23.6
104160,23.6
104220,23.8
104280,22.6
104340,24.2
104400,24.6
104460,25.0
104520,24.0
104580,23.6
104640,22.2
104700,24.4
104760,23.0
104820,23.0
104880,22.6
104940,24.2
105000,23.6
105060,23.2
105120,25.6
105180,23.6
105240,23.6
105300,24.6
105360,23.8
105420,23.4
105480,24.8
105540,24.6
105600,25.0
105660,24.2
105720,23.4
105780,23.8
105840,23.4
105900,22.6
105960,24.6
106020,23.2
106080,23.0
106140,25.2
106200,23.8
106260,24.4
106320,23.4
106380,24.4
106440,24.4
106500,25.4
106560,24.8
106620,25.4
106680,24.8
106740,24.2
106800,24.4
106860,24.2
106920,22.8
106980,24.2
107040,24.0
107100,25.0
107160,23.4
107220,25.2
107280,24.0
107340,24.8
107400,24.4
107460,25.0
107520,23.4
107580,23.4
107640,23.2
107700,23.4
107760,23.8
107820,23.0
107880,23.0
107940,22.6
108000,22.0
108060,23.8
108120,22.6
108180,22.6
108240,22.6
108300,22.4
108360,21.6
108420,21.0
108480,23.0
108540,21.2
108600,22.4
108660,22.6
108720,23.4
108780,23.0
108840,24.4
108900,23.8
108960,22.0
109020,23.6
109080,22.8
109140,24.4
109200,22.0
109260,24.2
109320,23.8
109380,23.4
109440,22.6
109500,23.2
109560,23.0
109620,24.4
109680,24.8
109740,24.0
109800,23.4
109860,24.6
109920,24.6
109980,23.0
110040,24.4
110100,24.8
110160,24.0
110220,24.0
110280,24.4
110340,25.2
110400,24.0
110460,22.6
110520,23.2
110580,24.0
110640,22.8
110700,25.2
110760,22.8
110820,22.6
110880,23.0
110940,24.6
111000,23.0
111060,21.6
111120,24.2
111180,23.4
111240,23.2
111300,24.4
111360,23.4
111420,22.4
111480,22.6
111540,22.8
111600,23.2
111660,23.8
111720,23.6
111780,24.0
111840,23.8
111900,23.4
111960,23.4
112020,24.6
112080,24.8
112140,23.8
112200,23.8
112260,23.8
112320,23.2
112380,23.0
112440,23.0
112500,22.8
112560,23.2
112620,23.0
112680,23.2
112740,22.6
112800,22.8
112860,23.8
112920,24.2
112980,24.6
113040,23.4
113100,23.4
113160,23.2
113220,24.2
113280,23.8
113340,23.2
113400,24.2
113460,25.2
113520,24.4
113580,24.4
113640,24.4
113700,25.0
113760,23.4
113820,24.8
113880,24.6
113940,23.4
114000,23.8
114060,25.4
114120,24.0
114180,25.6
114240,25.8
114300,24.8
114360,26.2
114420,24.6
114480,22.6
114540,24.4
114600,24.2
114660,24.6
114720,22.8
114780,24.2
114840,24.8
114900,22.8
114960,22.8
115020,23.6
115080,23.4
115140,23.0
115200,22.8
115260,23.8
115320,25.0
115380,24.2
115440,23.4
115500,24.8
115560,23.6
115620,24.4
115680,23.6
115740,24.2
115800,22.0
115860,24.8
115920,24.6
115980,24.2
116040,24.4
116100,22.8
116160,24.4
116220,24.8
116280,24.2
116340,23.2
116400,24.2
116460,24.8
116520,22.8
116580,24.2
116640,23.8
116700,23.8
116760,22.8
116820,24.2
116880,23.4
116940,23.2
117000,23.2
117060,24.0
117120,22.4
117180,24.6
117240,24.8
117300,23.6
117360,23.4
117420,24.2
117480,22.8
117540,23.2
117600,22.8
117660,23.8
117720,22.6
117780,22.2
117840,21.6
117900,21.6
117960,24.0
118020,22.4
118080,21.2
118140,21.0
118200,20.8
118260,21.8
118320,22.4
118380,23.2
118440,21.2
118500,24.2
118560,21.6
118620,22.0
118680,22.4
118740,23.2
118800,22.2
118860,23.0
118920,24.6
118980,24.4
119040,23.4
119100,25.6
119160,24.2
119220,22.8
119280,25.0
119340,25.0
119400,26.2
119460,24.2
119520,24.2
119580,25.4
119640,26.4
119700,24.6
119760,22.8
119820,25.0
119880,24.2
119940,24.8
120000,23.8
120060,24.4
120120,23.8
120180,24.8
120240,24.0
120300,24.4
120360,24.4
120420,24.0
120480,23.2
120540,23.8
120600,24.4
120660,25.8
120720,23.4
120780,24.0
120840,24.0
120900,25.0
120960,24.0
121020,23.4
121080,23.6
121140,23.0
121200,24.4
121260,22.6
121320,23.4
121380,23.4
121440,24.0
121500,24.8
121560,23.2
121620,24.0
121680,24.2
121740,22.4
121800,24.0
121860,25.4
121920,24.6
121980,24.2
122040,23.0
122100,23.0
122160,21.8
122220,23.6
122280,23.6
122340,24.6
122400,25.0
122460,24.2
122520,23.2
122580,24.0
122640,24.0
122700,23.6
122760,23.6
122820,24.4
122880,25.0
122940,25.4
123000,23.2
123060,23.0
123120,23.4
123180,23.2
123240,24.4
123300,25.8
123360,24.6
123420,24.0
123480,25.0
123540,23.0
123600,24.4
123660,24.6
123720,23.2
123780,25.0
123840,22.8
123900,23.2
123960,23.6
124020,23.2
124080,25.8
124140,23.8
124200,23.4
124260,23.6
124320,23.6
124380,22.2
124440,23.6
124500,24.0
124560,24.4
124620,23.0
124680,23.4
124740,22.2
124800,23.4
124860,23.8
124920,22.8
124980,22.8
125040,22.8
125100,21.8
125160,21.6
125220,23.4
125280,21.8
125340,22.4
125400,23.6
125460,22.8
125520,23.4
125580,22.2
125640,22.2
125700,21.0
125760,23.6
125820,21.8
125880,23.4
125940,23.4
126000,21.6
126060,23.8
126120,23.6
126180,24.2
126240,23.4
126300,23.8
126360,22.6
126420,23.2
126480,25.6
126540,22.2
126600,23.2
126660,23.4
126720,23.2
126780,22.6
126840,24.2
126900,23.2
126960,23.2
127020,23.8
127080,23.2
127140,21.4
127200,23.0
127260,21.6
127320,21.6
127380,22.2
127440,22.6
127500,21.4
127560,22.0
127620,21.8
127680,22.6
127740,22.4
127800,22.4
127860,23.4
127920,22.4
127980,23.0
128040,22.8
128100,23.8
128160,24.4
128220,23.2
128280,23.2
128340,22.8
128400,22.2
128460,22.8
128520,21.4
128580,21.6
128640,22.2
128700,23.4
128760,22.2
128820,23.0
128880,22.8
128940,23.2
129000,22.6
129060,23.6
129120,24.2
129180,22.8
129240,24.0
129300,24.4
129360,24.4
129420,24.4
129480,24.2
129540,25.2
129600,23.0
129660,24.2
129720,23.6
129780,25.2
129840,23.6
129900,23.4
129960,23.4
130020,23.6
130080,23.6
130140,22.8
130200,24.0
130260,24.6
130320,23.2
130380,23.2
130440,23.6
130500,23.0
130560,21.8
130620,24.2
130680,22.6
130740,22.8
130800,24.0
130860,23.0
130920,23.6
130980,22.2
131040,23.4
131100,24.4
131160,21.6
131220,22.0
131280,25.0
131340,23.4
131400,23.8
131460,22.8
131520,22.2
131580,24.4
131640,23.6
131700,22.2
131760,23.0
131820,22.8
131880,21.8
131940,24.2
132000,23.4
132060,24.0
132120,24.6
132180,25.4
132240,24.4
132300,23.2
132360,23.2
132420,23.4
132480,21.8
132540,24.4
132600,24.2
132660,23.4
132720,23.2
132780,24.0
132840,25.0
132900,23.6
132960,23.2
133020,25.0
133080,22.4
133140,24.4
133200,25.4
133260,23.8
133320,23.4
133380,25.2
133440,24.6
133500,23.0
133560,24.2
133620,23.4
133680,24.0
133740,24.6
133800,25.2
133860,23.8
133920,23.4
133980,23.8
134040,23.8
134100,24.2
134160,22.6
134220,24.8
134280,24.4
134340,24.6
134400,24.6
134460,25.2
134520,24.8
134580,24.6
134640,25.0
134700,23.4
134760,24.4
134820,24.0
134880,25.2
134940,24.4
135000,24.4
135060,24.4
135120,25.4
135180,25.4
135240,23.6
135300,23.4
135360,25.2
135420,25.4
135480,25.0
135540,24.4
135600,22.6
135660,24.4
135720,24.8
135780,24.8
135840,22.2
135900,24.8
135960,24.4
136020,24.0
136080,25.4
136140,24.6
136200,23.8
136260,22.0
136320,23.6
136380,23.6
136440,23.0
136500,24.2
136560,23.8
136620,23.6
136680,24.0
136740,24.2
136800,23.4
136860,24.8
136920,24.8
136980,24.4
137040,25.4
137100,24.4
137160,25.8
137220,23.6
137280,25.2
137340,24.8
137400,25.0
137460,25.6
137520,25.2
137580,24.8
137640,24.6
137700,23.8
137760,26.0
137820,25.0
137880,24.8
137940,23.8
138000,25.4
138060,25.4
138120,24.4
138180,26.4
138240,26.6
138300,26.0
138360,24.0
138420,25.0
138480,24.6
138540,24.8
138600,25.0
138660,25.6
138720,24.8
138780,24.0
138840,25.4
138900,25.0
138960,25.0
139020,26.6
139080,24.4
139140,25.2
139200,24.4
139260,25.8
139320,24.4
139380,24.2
139440,24.0
139500,26.2
139560,25.8
139620,25.0
139680,24.8
139740,26.4
139800,24.8
139860,24.8
139920,24.6
139980,25.0
140040,25.8
140100,26.8
140160,24.6
140220,25.6
140280,24.8
140340,25.4
140400,25.4
140460,26.2
140520,25.4
140580,24.2
140640,25.4
140700,25.0
140760,25.8
140820,24.0
140880,24.8
140940,26.6
141000,25.4
141060,24.6
141120,25.2
141180,25.6
141240,24.4
141300,26.2
141360,24.4
141420,25.0
141480,25.4
141540,25.2
141600,26.4
141660,25.6
141720,26.8
141780,25.4
141840,25.4
141900,25.0
141960,25.8
142020,26.4
142080,25.2
142140,26.8
142200,25.4
142260,25.4
142320,25.6
142380,24.6
142440,25.4
142500,27.4
142560,25.4
142620,25.0
142680,25.4
142740,25.4
142800,25.0
142860,24.8
142920,25.6
142980,24.8
143040,25.8
143100,25.8
143160,26.2
143220,25.4
143280,25.0
143340,26.0
143400,24.8
143460,25.8
143520,24.8
143580,26.6
143640,26.0
143700,26.4
143760,25.0
143820,25.0
143880,26.0
143940,24.8
144000,25.8
144060,26.4
144120,24.8
144180,24.6
144240,25.0
144300,25.4
144360,24.8
144420,25.6
144480,25.4
144540,24.4
144600,23.4
144660,24.4
144720,25.6
144780,24.8
144840,23.6
144900,24.2
144960,25.8
145020,23.8
145080,23.6
145140,25.0
145200,26.6
145260,25.2
145320,25.0
145380,27.4
145440,26.4
145500,25.0
145560,25.0
145620,25.4
145680,24.2
145740,25.4
145800,24.8
145860,24.4
145920,24.6
145980,25.6
146040,24.0
146100,26.4
146160,24.6
146220,25.0
146280,27.4
146340,24.6
146400,23.8
146460,27.0
146520,25.8
146580,24.8
146640,26.0
146700,25.0
146760,25.4
146820,25.0
146880,25.0
146940,26.6
147000,25.2
147060,23.6
147120,24.2
147180,25.8
147240,25.4
147300,24.2
147360,25.8
147420,24.8
147480,24.4
147540,23.2
147600,24.0
147660,23.4
147720,24.8
147780,25.2
147840,25.6
147900,24.4
147960,24.4
148020,23.4
148080,24.6
148140,24.8
148200,25.4
148260,24.6
148320,26.0
148380,24.0
148440,25.0
148500,24.0
148560,24.6
148620,24.4
148680,25.6
148740,25.0
148800,24.4
148860,25.8
148920,27.2
148980,24.0
149040,24.6
149100,23.8
149160,24.4
149220,24.2
149280,23.8
149340,24.6
149400,23.6
149460,24.8
149520,23.8
149580,24.0
149640,24.8
149700,24.4
149760,24.4
149820,25.4
149880,22.8
149940,25.4
150000,22.8
150060,22.6
150120,23.8
150180,24.4
150240,24.2
150300,22.4
150360,24.2
150420,22.0
150480,24.6
150540,22.8
150600,22.4
150660,23.6
150720,24.2
150780,23.4
150840,24.0
150900,23.0
150960,23.0
151020,22.6
151080,22.8
151140,22.0
151200,23.6
151260,24.6
151320,23.4
151380,24.4
151440,23.6
151500,22.8
151560,24.2
151620,23.0
151680,24.8
151740,24.2
151800,23.4
151860,23.2
151920,24.6
151980,23.8
152040,24.0
152100,23.8
152160,25.4
152220,23.6
152280,24.6
152340,24.4
152400,24.8
152460,23.8
152520,23.6
152580,24.6
152640,23.6
152700,25.4
152760,23.4
152820,24.8
152880,24.0
152940,24.0
153000,23.8
153060,24.8
153120,23.4
153180,23.8
153240,24.0
153300,25.6
153360,24.2
153420,24.8
153480,25.2
153540,24.2
153600,23.8
153660,23.2
153720,24.4
153780,23.2
153840,24.8
153900,24.6
153960,23.6
154020,23.0
154080,23.8
154140,24.0
154200,24.4
154260,23.8
154320,23.0
154380,25.4
154440,24.0
154500,25.4
154560,24.6
154620,24.0
154680,23.6
154740,25.0
154800,23.4
154860,23.4
154920,24.8
154980,24.4
155040,25.4
155100,24.2
155160,24.2
155220,25.6
155280,23.2
155340,23.4
155400,24.4
155460,23.8
155520,24.6
155580,22.8
155640,22.0
155700,24.8
155760,23.2
155820,24.4
155880,24.8
155940,24.2
156000,23.8
156060,22.2
156120,23.8
156180,22.4
156240,22.4
156300,21.4
156360,24.4
156420,24.4
156480,23.6
156540,22.6
156600,23.6
156660,22.8
156720,23.0
156780,23.0
156840,23.6
156900,25.2
156960,23.6
157020,23.0
157080,23.0
157140,22.8
157200,23.0
157260,25.2
157320,23.8
157380,24.0
157440,24.4
157500,23.2
157560,23.6
157620,24.4
157680,23.0
157740,23.6
157800,23.6
157860,24.2
157920,25.8
157980,25.6
158040,23.0
158100,23.4
158160,24.4
158220,25.2
158280,23.6
158340,24.0
158400,25.6
158460,24.8
158520,25.6
158580,26.0
158640,25.0
158700,25.4
158760,24.2
158820,23.6
158880,25.4
158940,24.2
159000,25.2
159060,25.8
159120,25.0
159180,25.0
159240,25.2
159300,26.6
159360,23.8
159420,24.2
159480,23.4
159540,23.2
159600,24.4
159660,25.2
159720,23.4
159780,26.4
159840,23.6
159900,25.6
159960,25.8
160020,25.2
160080,24.8
160140,26.4
160200,24.0
160260,25.6
160320,23.4
160380,24.4
160440,25.6
160500,25.0
160560,25.2
160620,24.6
160680,25.0
160740,25.2
160800,24.8
160860,24.6
160920,25.0
160980,24.6
161040,24.4
161100,24.8
161160,25.8
161220,24.0
161280,24.0
161340,25.0
161400,24.4
161460,24.6
161520,24.2
161580,23.4
161640,22.2
161700,23.2
161760,23.4
161820,22.4
161880,24.4
161940,23.2
162000,23.2
162060,24.4
162120,23.0
162180,23.2
162240,23.4
162300,23.4
162360,24.6
162420,24.4
162480,25.0
162540,23.0
162600,24.4
162660,23.2
162720,25.4
162780,24.8
162840,23.2
162900,24.8
162960,24.6
163020,24.2
163080,23.8
163140,24.6
163200,23.4
163260,24.0
163320,24.4
163380,24.8
163440,26.0
163500,26.8
163560,25.2
163620,23.8
163680,24.2
163740,24.4
163800,23.4
163860,24.4
163920,26.4
163980,26.0
164040,26.6
164100,23.2
164160,24.0
164220,23.2
164280,26.0
164340,24.8
164400,25.8
164460,24.0
164520,25.4
164580,24.0
164640,24.8
164700,25.2
164760,25.6
164820,25.2
164880,25.2
164940,25.0
165000,25.2
165060,24.6
165120,24.6
165180,24.2
165240,24.0
165300,25.2
165360,26.0
165420,24.2
165480,24.6
165540,24.2
165600,23.8
165660,24.6
165720,24.8
165780,25.2
165840,26.2
165900,23.8
165960,25.2
166020,25.0
166080,24.8
166140,24.8
166200,24.8
166260,23.8
166320,25.6
166380,24.8
166440,24.8
166500,23.6
166560,25.4
166620,26.2
166680,24.8
166740,24.6
166800,23.0
166860,26.4
166920,24.6
166980,25.4
167040,26.2
167100,25.0
167160,26.6
167220,24.0
167280,24.4
167340,22.2
167400,25.2
167460,24.6
167520,26.4
167580,24.8
167640,24.6
167700,25.2
167760,24.4
167820,23.8
167880,23.0
167940,24.6
168000,22.6
168060,24.8
168120,24.0
168180,23.8
168240,24.6
168300,23.6
168360,23.8
168420,24.2
168480,23.2
168540,23.4
168600,23.6
168660,22.6
168720,22.2
168780,23.8
168840,23.8
168900,23.0
168960,22.0
169020,23.6
169080,24.0
169140,22.2
169200,23.0
169260,23.2
169320,23.0
169380,23.4
169440,23.2
169500,24.2
169560,23.0
169620,23.0
169680,22.8
169740,24.0
169800,22.2
169860,22.2
169920,24.8
169980,23.6
170040,23.6
170100,23.6
170160,24.2
170220,22.6
170280,23.8
170340,23.6
170400,24.0
170460,23.4
170520,24.0
170580,24.2
170640,23.4
170700,23.4
170760,24.0
170820,22.6
170880,22.8
170940,23.2
171000,21.6
171060,22.0
171120,22.6
171180,21.4
171240,22.0
171300,21.8
171360,21.0
171420,20.8
171480,22.6
171540,21.6
171600,22.6
171660,21.4
171720,22.0
171780,22.4
171840,21.0
171900,21.8
171960,23.6
172020,24.0
172080,22.6
172140,22.6
172200,24.0
172260,23.4
172320,23.2
172380,22.4
172440,24.4
172500,23.0
172560,23.6
172620,23.2
172680,24.0
172740,23.0
172800,23.0
172860,22.4
172920,23.6
172980,23.4
173040,23.2
173100,23.4
173160,24.4
173220,24.0
173280,24.2
173340,23.4
173400,24.0
173460,23.0
173520,25.0
173580,23.6
173640,23.8
173700,25.0
173760,26.2
173820,24.6
173880,24.4
173940,25.2
174000,25.0
174060,24.4
174120,24.2
174180,26.0
174240,25.0
174300,24.4
174360,26.2
174420,24.0
174480,24.6
174540,26.4
174600,25.0
174660,25.4
174720,24.8
174780,25.0
174840,26.2
174900,23.8
174960,22.8
175020,26.4
175080,23.4
175140,25.6
175200,26.4
175260,25.8
175320,24.8
175380,24.2
175440,26.8
175500,25.6
175560,25.8
175620,26.0
175680,26.2
175740,25.2
175800,25.4
175860,24.0
175920,24.8
175980,27.2
176040,24.8
176100,24.4
176160,27.6
176220,25.4
176280,24.6
176340,25.0
176400,25.4
176460,24.8
176520,27.6
176580,25.2
176640,24.8
176700,27.0
176760,25.4
176820,25.4
176880,26.2
176940,23.6
177000,25.6
177060,25.0
177120,25.6
177180,24.8
177240,24.4
177300,25.0
177360,24.6
177420,25.4
177480,25.8
177540,26.0
177600,25.2
177660,26.2
177720,23.8
177780,25.6
177840,25.6
177900,23.6
177960,26.4
178020,24.0
178080,25.4
178140,25.0
178200,26.4
178260,25.2
178320,23.2
178380,25.6
178440,25.4
178500,25.4
178560,26.4
178620,24.2
178680,25.8
178740,27.0
178800,25.4
178860,24.8
178920,25.4
178980,24.4
179040,25.4
179100,25.6
179160,23.8
179220,24.0
179280,25.2
179340,24.8
179400,26.4
179460,24.8
179520,25.6
179580,23.8
179640,24.2
179700,24.2
179760,23.4
179820,25.6
179880,23.6
179940,24.6
180000,24.4
180060,22.8
180120,23.8
180180,25.0
180240,25.6
180300,23.4
180360,24.4
180420,23.8
180480,25.8
180540,25.6
180600,25.6
180660,23.0
180720,23.4
180780,23.4
180840,24.6
180900,26.2
180960,24.8
181020,25.2
181080,25.0
181140,24.4
181200,24.4
181260,24.8
181320,23.8
181380,22.6
181440,25.2
181500,26.6
181560,25.4
181620,23.8
181680,24.6
181740,25.8
181800,23.8
181860,24.2
181920,25.0
181980,26.0
182040,25.0
182100,25.0
182160,25.6
182220,24.6
182280,26.2
182340,25.8
182400,24.2
182460,25.0
182520,25.6
182580,25.0
182640,26.0
182700,26.6
182760,25.4
182820,26.0
182880,23.6
182940,23.8
183000,24.0
183060,25.2
183120,25.0
183180,25.6
183240,25.0
183300,25.0
183360,24.6
183420,25.0
183480,25.2
183540,25.4
183600,24.4
183660,24.0
183720,24.2
183780,25.0
183840,24.4
183900,25.2
183960,25.0
184020,23.2
184080,24.2
184140,24.0
184200,24.4
184260,24.2
184320,24.4
184380,25.6
184440,24.0
184500,25.0
184560,24.4
184620,23.6
184680,25.0
184740,23.8
184800,24.6
184860,25.6
184920,24.2
184980,24.0
185040,23.8
185100,24.0
185160,23.0
185220,23.2
185280,22.8
185340,24.6
185400,23.0
185460,23.2
185520,22.8
185580,23.0
185640,24.0
185700,23.6
185760,22.0
185820,24.8
185880,24.0
185940,22.8
186000,22.6
186060,22.2
186120,24.0
186180,24.0
186240,22.4
186300,22.2
186360,23.6
186420,22.6
186480,22.2
186540,23.8
186600,24.0
186660,23.8
186720,23.2
186780,22.6
186840,23.8
186900,23.4
186960,23.2
187020,23.6
187080,24.2
187140,23.0
187200,24.2
187260,23.2
187320,24.8
187380,22.6
187440,22.0
187500,22.4
187560,23.8
187620,21.4
187680,25.0
187740,23.4
187800,24.8
187860,23.8
187920,23.6
187980,23.8
188040,24.4
188100,24.4
188160,24.2
188220,25.6
188280,24.0
188340,24.6
188400,24.6
188460,24.4
188520,24.4
188580,23.6
188640,22.8
188700,24.6
188760,25.0
188820,25.0
188880,24.4
188940,23.4
189000,25.2
189060,24.4
189120,22.6
189180,25.2
189240,23.2
189300,25.2
189360,23.2
189420,24.2
189480,24.4
189540,24.8
189600,24.8
189660,24.0
189720,25.8
189780,24.0
189840,23.6
189900,24.6
189960,23.6
190020,23.8
190080,24.4
190140,25.6
190200,23.6
190260,24.4
190320,23.8
190380,22.6
190440,24.8
190500,23.8
190560,25.6
190620,25.6
190680,25.2
190740,24.6
190800,24.4
190860,23.0
190920,24.6
190980,25.0
191040,25.8
191100,25.6
191160,23.8
191220,24.4
191280,24.2
191340,22.8
191400,24.8
191460,25.0
191520,24.8
191580,24.6
191640,24.2
191700,22.8
191760,23.4
191820,24.6
191880,24.8
191940,23.4
192000,24.4
192060,25.4
192120,24.2
192180,25.0
192240,24.2
192300,24.0
192360,23.8
192420,22.8
192480,24.6
192540,25.0
192600,23.6
192660,25.4
192720,23.0
192780,24.2
192840,23.0
192900,23.2
192960,22.2
193020,22.6
193080,23.0
193140,22.4
193200,22.2
193260,23.2
193320,23.0
193380,24.0
193440,22.6
193500,22.4
193560,23.6
193620,23.8
193680,22.6
193740,23.8
193800,22.0
193860,23.6
193920,22.8
193980,24.6
194040,24.2
194100,24.4
194160,23.2
194220,23.8
194280,24.8
194340,23.4
194400,23.8
194460,22.8
194520,24.0
194580,23.8
194640,23.0
194700,25.2
194760,24.2
194820,23.2
194880,24.4
194940,25.6
195000,22.8
195060,23.4
195120,23.6
195180,22.0
195240,23.2
195300,24.4
195360,25.2
195420,25.4
195480,24.6
195540,25.8
195600,24.2
195660,24.4
195720,24.2
195780,25.8
195840,25.6
195900,25.4
195960,26.4
196020,23.6
196080,25.6
196140,24.4
196200,22.6
196260,24.8
196320,24.8
196380,24.4
196440,25.8
196500,24.0
196560,25.0
196620,24.4
196680,25.0
196740,25.0
196800,26.6
196860,25.2
196920,23.8
196980,24.6
197040,25.6
197100,26.0
197160,24.8
197220,25.4
197280,24.4
197340,25.4
197400,26.6
197460,24.8
197520,24.2
197580,24.8
197640,25.6
197700,25.6
197760,24.0
197820,25.0
197880,23.4
197940,25.4
198000,25.2
198060,24.4
198120,25.2
198180,24.8
198240,25.2
198300,25.8
198360,24.4
198420,23.4
198480,22.2
198540,26.0
198600,24.6
198660,23.4
198720,25.0
198780,25.4
198840,24.0
198900,24.0
198960,25.2
199020,24.6
199080,26.0
199140,26.2
199200,23.8
199260,24.0
199320,22.8
199380,24.4
199440,24.6
199500,26.2
199560,23.6
199620,23.6
199680,24.8
199740,25.4
199800,25.0
199860,26.4
199920,25.0
199980,25.0
200040,25.0
200100,25.4
200160,24.0
200220,24.4
200280,24.2
200340,24.6
200400,25.4
200460,26.0
200520,24.4
200580,25.4
200640,25.0
200700,22.8
200760,23.6
200820,24.0
200880,24.4
200940,25.2
201000,23.6
201060,24.8
201120,25.0
201180,23.6
201240,24.6
201300,25.2
201360,23.0
201420,24.0
201480,24.2
201540,23.6
201600,24.8
201660,22.8
201720,23.4
201780,23.4
201840,24.8
201900,23.8
201960,22.6
202020,22.8
202080,22.2
202140,24.6
202200,21.6
202260,23.2
202320,22.2
202380,22.8
202440,22.8
202500,23.6
202560,23.6
202620,23.2
202680,23.4
202740,22.6
202800,24.0
202860,22.8
202920,24.0
202980,25.0
203040,23.8
203100,23.4
203160,22.6
203220,24.0
203280,23.8
203340,24.2
203400,24.0
203460,23.4
203520,23.4
203580,22.8
203640,23.0
203700,23.2
203760,24.6
203820,25.4
203880,25.2
203940,22.4
204000,24.0
204060,23.0
204120,24.6
204180,24.0
204240,23.0
204300,23.6
204360,24.4
204420,23.4
204480,24.4
204540,23.6
204600,23.4
204660,23.4
204720,25.0
204780,23.8
204840,23.0
204900,23.8
204960,25.4
205020,26.0
205080,22.4
205140,24.4
205200,23.8
205260,25.4
205320,23.4
205380,23.0
205440,23.8
205500,23.2
205560,23.4
205620,23.2
205680,23.0
205740,23.4
205800,22.6
205860,22.2
205920,22.6
205980,23.4
206040,23.2
206100,23.8
206160,23.0
206220,26.6
206280,24.6
206340,24.2
206400,24.6
206460,23.6
206520,23.2
206580,22.6
206640,22.8
206700,23.0
206760,23.4
206820,22.6
206880,23.2
206940,23.2
207000,24.2
207060,22.0
207120,23.8
207180,24.0
207240,22.4
207300,22.8
207360,24.8
207420,24.6
207480,23.8
207540,22.6
207600,21.4
207660,22.8
207720,22.0
207780,22.6
207840,22.4
207900,24.8
207960,23.0
208020,22.6
208080,23.6
208140,22.4
208200,22.6
208260,23.4
208320,25.0
208380,25.0
208440,22.4
208500,23.0
208560,22.0
208620,24.0
208680,25.0
208740,22.8
208800,21.8
208860,23.6
208920,24.2
208980,23.8
209040,24.4
209100,23.0
209160,23.2
209220,24.6
209280,23.8
209340,24.6
209400,25.2
209460,25.0
209520,23.4
209580,25.2
209640,25.6
209700,23.0
209760,23.4
209820,23.6
209880,24.0
209940,23.0
210000,24.0
210060,22.4
210120,23.0
210180,23.4
210240,24.0
210300,23.2
210360,24.0
210420,25.0
210480,23.0
210540,23.8
210600,24.4
210660,23.4
210720,24.0
210780,23.8
210840,25.2
210900,24.2
210960,23.2
211020,24.6
211080,25.0
211140,23.4
211200,23.8
211260,24.2
211320,23.8
211380,23.6
211440,22.6
211500,24.2
211560,24.8
211620,23.6
211680,23.6
211740,24.6
211800,24.2
211860,25.0
211920,24.4
211980,23.0
212040,25.2
212100,24.8
212160,24.2
212220,25.2
212280,24.4
212340,24.2
212400,23.6
212460,23.6
212520,23.8
212580,23.2
212640,23.4
212700,25.0
212760,22.6
212820,23.8
212880,22.6
212940,22.6
213000,23.2
213060,24.4
213120,24.0
213180,23.8
213240,24.4
213300,23.8
213360,23.8
213420,24.0
213480,25.0
213540,23.6
213600,24.6
213660,22.8
213720,23.2
213780,24.6
213840,24.0
213900,26.0
213960,23.8
214020,24.8
214080,24.8
214140,23.6
214200,24.0
214260,25.0
214320,23.2
214380,24.0
214440,23.4
214500,24.8
214560,25.6
214620,24.2
214680,24.8
214740,24.4
214800,24.8
214860,25.4
214920,23.8
214980,24.8
215040,24.0
215100,23.0
215160,22.8
215220,24.2
215280,24.6
215340,23.2
215400,23.4
215460,25.2
215520,24.0
215580,23.2
215640,24.0
215700,23.4
215760,24.4
215820,24.6
215880,22.4
215940,24.8
216000,25.6
216060,23.4
216120,24.0
216180,25.0
216240,23.6
216300,23.8
216360,23.6
216420,24.2
216480,24.6
216540,25.8
216600,25.2
216660,23.4
216720,24.2
216780,23.4
216840,24.6
216900,24.0
216960,24.4
217020,23.6
217080,24.8
217140,24.8
217200,23.8
217260,23.8
217320,24.6
217380,24.6
217440,25.2
217500,24.2
217560,23.6
217620,23.2
217680,22.8
217740,25.2
217800,23.4
217860,23.6
217920,23.4
217980,23.0
218040,24.2
218100,22.6
218160,22.4
218220,22.6
218280,23.4
218340,23.2
218400,22.4
218460,23.8
218520,24.0
218580,25.8
218640,23.6
218700,23.8
218760,23.6
218820,23.4
218880,23.6
218940,22.4
219000,24.4
219060,23.6
219120,24.0
219180,24.4
219240,24.8
219300,23.8
219360,23.4
219420,25.2
219480,23.0
219540,24.4
219600,23.8
219660,24.2
219720,23.8
219780,24.2
219840,24.4
219900,25.0
219960,23.0
220020,24.6
220080,24.0
220140,24.0
220200,25.4
220260,23.2
220320,24.6
220380,24.6
220440,25.0
220500,24.2
220560,23.4
220620,23.4
220680,24.4
220740,23.8
220800,25.6
220860,24.6
220920,24.2
220980,25.2
221040,23.6
221100,23.8
221160,23.6
221220,25.0
221280,23.2
221340,25.6
221400,22.4
221460,22.8
221520,25.2
221580,22.2
221640,22.6
221700,22.8
221760,22.4
221820,24.0
221880,23.2
221940,23.6
222000,23.8
222060,22.4
222120,23.4
222180,22.6
222240,24.8
222300,23.4
222360,23.2
222420,24.2
222480,22.8
222540,24.2
222600,23.2
222660,22.6
222720,23.2
222780,23.8
222840,23.2
222900,23.0
222960,22.6
223020,23.8
223080,23.2
223140,22.8
223200,24.2
223260,24.6
223320,24.2
223380,22.8
223440,24.0
223500,23.2
223560,22.6
223620,24.2
223680,23.2
223740,23.6
223800,22.4
223860,23.8
223920,24.2
223980,22.4
224040,25.0
224100,24.2
224160,24.2
224220,23.2
224280,23.6
224340,23.8
224400,23.0
224460,23.8
224520,24.8
224580,25.0
224640,24.4
224700,22.6
224760,22.8
224820,23.2
224880,24.2
224940,24.2
225000,23.8
225060,24.8
225120,22.4
225180,24.6
225240,23.6
225300,23.6
225360,23.4
225420,24.2
225480,23.4
225540,22.0
225600,21.2
225660,23.8
225720,24.6
225780,24.2
225840,22.2
225900,23.2
225960,23.6
226020,22.4
226080,21.8
226140,22.8
226200,23.0
226260,21.6
226320,23.0
226380,22.8
226440,23.4
226500,22.8
226560,23.4
226620,24.2
226680,24.0
226740,23.8
226800,23.0
226860,22.8
226920,21.4
226980,22.6
227040,22.8
227100,24.2
227160,24.0
227220,24.0
227280,23.0
227340,23.8
227400,24.8
227460,23.6
227520,24.6
227580,22.6
227640,25.0
227700,25.0
227760,24.0
227820,23.0
227880,23.6
227940,22.8
228000,23.0
228060,22.4
228120,24.0
228180,23.8
228240,24.8
228300,23.8
228360,24.6
228420,24.4
228480,23.4
228540,24.8
228600,23.4
228660,24.6
228720,23.6
228780,25.4
228840,24.0
228900,23.8
228960,23.4
229020,25.8
229080,24.8
229140,24.8
229200,24.2
229260,23.6
229320,24.8
229380,22.2
229440,25.2
229500,24.8
229560,23.0
229620,24.8
229680,23.4
229740,24.2
229800,23.8
229860,24.8
229920,23.2
229980,24.2
230040,24.2
230100,25.2
230160,24.4
230220,24.6
230280,25.0
230340,23.2
230400,23.4
230460,25.8
230520,23.6
230580,23.8
230640,24.0
230700,23.0
230760,24.6
230820,24.6
230880,23.8
230940,25.6
231000,25.8
231060,23.0
231120,23.6
231180,24.0
231240,25.0
231300,24.2
231360,25.4
231420,25.0
231480,25.4
231540,24.2
231600,25.2
231660,23.2
231720,23.8
231780,26.0
231840,24.4
231900,26.6
231960,23.8
232020,25.4
232080,25.6
232140,25.2
232200,24.4
232260,24.4
232320,25.0
232380,24.2
232440,24.8
232500,25.2
232560,24.4
232620,26.2
232680,26.4
232740,25.6
232800,25.6
232860,24.8
232920,26.8
232980,25.2
233040,23.6
233100,25.0
233160,25.6
233220,25.8
233280,24.8
233340,26.4
233400,24.6
233460,26.6
233520,23.4
233580,24.8
233640,24.6
233700,27.4
233760,24.4
233820,25.2
233880,24.4
233940,24.8
234000,24.2
234060,25.8
234120,25.0
234180,25.0
234240,25.6
234300,24.2
234360,26.2
234420,26.4
234480,25.6
234540,24.2
234600,26.8
234660,25.2
234720,26.2
234780,25.0
234840,26.0
234900,24.8
234960,24.0
235020,26.0
235080,25.8
235140,24.8
235200,24.4
235260,26.0
235320,24.8
235380,24.8
235440,24.2
235500,25.6
235560,25.2
235620,23.6
235680,25.8
235740,24.8
235800,23.0
235860,26.2
235920,25.4
235980,26.2
236040,27.0
236100,25.0
236160,26.0
236220,24.2
236280,24.8
236340,24.4
236400,25.0
236460,25.6
236520,23.2
236580,24.0
236640,25.8
236700,23.0
236760,24.2
236820,23.8
236880,25.2
236940,24.4
237000,24.6
237060,24.8
237120,24.2
237180,25.2
237240,25.4
237300,25.4
237360,23.8
237420,24.4
237480,26.2
237540,25.6
237600,23.8
237660,25.6
237720,26.2
237780,25.0
237840,25.8
237900,23.8
237960,25.4
238020,25.0
238080,25.4
238140,23.4
238200,25.2
238260,25.0
238320,25.4
238380,26.0
238440,25.0
238500,24.8
238560,26.0
238620,24.8
238680,23.6
238740,25.0
238800,24.6
238860,24.6
238920,24.0
238980,23.4
239040,27.2
239100,26.0
239160,25.2
239220,26.0
239280,25.6
239340,24.8
239400,26.0
239460,24.8
239520,26.2
239580,26.2
239640,23.6
239700,24.8
239760,24.8
239820,24.4
239880,26.6
239940,25.4
240000,25.6
240060,24.8
240120,25.4
240180,24.6
240240,23.8
240300,25.4
240360,26.0
240420,25.2
240480,23.2
240540,25.0
240600,24.8
240660,26.0
240720,25.6
240780,25.0
240840,25.6
240900,24.8
240960,24.2
241020,26.4
241080,24.4
241140,26.2
241200,25.2
241260,24.2
241320,25.0
241380,26.2
241440,24.6
241500,25.0
241560,24.0
241620,26.8
241680,24.6
241740,23.2
241800,26.2
241860,25.8
241920,24.6
241980,24.8
242040,25.6
242100,24.6
242160,25.0
242220,24.0
242280,25.0
242340,24.4
242400,23.4
242460,24.4
242520,25.0
242580,26.2
242640,24.4
242700,23.2
242760,22.8
242820,24.0
242880,25.2
242940,25.4
243000,23.0
243060,23.6
243120,23.2
243180,23.6
243240,23.2
243300,24.0
243360,23.2
243420,23.2
243480,22.8
243540,23.8
243600,23.8
243660,23.4
243720,23.8
243780,24.0
243840,24.2
243900,24.6
243960,23.0
244020,23.0
244080,24.4
244140,23.6
244200,24.0
244260,23.4
244320,24.4
244380,25.4
244440,24.0
244500,23.4
244560,23.4
244620,24.6
244680,23.2
244740,23.4
244800,23.8
244860,25.4
244920,23.2
244980,22.0
245040,22.8
245100,22.6
245160,22.6
245220,24.0
245280,23.0
245340,25.0
245400,24.6
245460,23.4
245520,23.4
245580,23.2
245640,23.6
245700,23.6
245760,22.8
245820,25.0
245880,23.8
245940,24.6
246000,24.8
246060,23.8
246120,24.2
246180,26.0
246240,22.8
246300,24.6
246360,26.0
246420,24.0
246480,25.6
246540,25.0
246600,24.4
246660,25.4
246720,24.0
246780,24.8
246840,24.2
246900,25.4
246960,23.2
247020,24.8
247080,25.6
247140,25.2
247200,24.2
247260,24.4
247320,25.2
247380,24.6
247440,24.8
247500,22.4
247560,24.6
247620,25.2
247680,24.0
247740,23.8
247800,26.2
247860,23.8
247920,25.0
247980,23.6
248040,23.4
248100,24.0
248160,25.4
248220,24.2
248280,24.4
248340,22.0
248400,24.4
248460,24.2
248520,23.4
248580,25.6
248640,23.2
248700,25.0
248760,25.2
248820,23.6
248880,24.2
248940,25.0
249000,24.8
249060,23.0
249120,24.0
249180,23.4
249240,24.0
249300,24.8
249360,26.2
249420,25.4
249480,25.0
249540,26.2
249600,25.0
249660,23.4
249720,24.4
249780,24.8
249840,25.0
249900,24.2
249960,25.2
250020,25.6
250080,25.0
250140,26.2
250200,23.4
250260,24.2
250320,26.0
250380,24.4
250440,23.8
250500,24.6
250560,25.0
250620,23.8
250680,24.6
250740,24.2
250800,23.4
250860,25.0
250920,24.6
250980,24.0
251040,25.0
251100,25.8
251160,25.0
251220,26.8
251280,24.4
251340,25.8
251400,24.6
251460,25.2
251520,25.8
251580,24.8
251640,24.8
251700,24.8
251760,24.6
251820,25.2
251880,24.8
251940,25.0
252000,25.8
252060,25.6
252120,25.6
252180,24.6
252240,25.6
252300,25.6
252360,24.4
252420,24.6
252480,24.4
252540,25.8
252600,25.4
252660,24.8
252720,25.6
252780,25.0
252840,26.0
252900,26.2
252960,25.4
253020,24.8
253080,26.8
253140,26.6
253200,25.2
253260,26.0
253320,24.6
253380,25.8
253440,25.0
253500,24.0
253560,24.2
253620,25.4
253680,24.4
253740,24.6
253800,25.6
253860,25.4
253920,23.4
253980,24.0
254040,25.8
254100,24.6
254160,24.8
254220,24.4
254280,24.2
254340,24.6
254400,25.8
254460,24.4
254520,24.4
254580,24.8
254640,25.8
254700,23.8
254760,24.0
254820,23.4
254880,24.4
254940,24.8
255000,24.2
255060,24.6
255120,24.8
255180,23.8
255240,24.6
255300,25.8
255360,23.8
255420,23.8
255480,23.8
255540,23.6
255600,25.4
255660,26.2
255720,24.6
255780,24.8
255840,24.6
255900,24.8
255960,25.4
256020,25.2
256080,24.2
256140,26.6
256200,25.8
256260,25.2
256320,25.2
256380,25.0
256440,24.2
256500,24.2
256560,24.0
256620,24.6
256680,24.0
256740,24.0
256800,26.6
256860,24.6
256920,24.6
256980,25.2
257040,25.2
257100,25.0
257160,25.4
257220,25.0
257280,25.8
257340,24.6
257400,24.2
257460,25.4
257520,26.0
257580,24.2
257640,26.4
257700,24.8
257760,25.0
257820,26.2
257880,24.4
257940,26.4
258000,24.4
258060,25.2
258120,25.6
258180,24.4
258240,26.2
258300,24.8
258360,25.6
258420,24.8
258480,24.0
258540,24.0
258600,24.2
258660,26.2
258720,25.0
258780,26.6
258840,25.8
258900,25.2
258960,26.8
259020,25.6
259080,26.2
259140,25.4
259200,25.6
259260,25.6
259320,25.2
259380,25.0
259440,24.2
259500,25.6
259560,25.2
259620,26.0
259680,25.4
259740,25.2
259800,24.6
259860,25.8
259920,25.8
259980,24.4
260040,23.2
260100,26.4
260160,26.8
260220,27.4
260280,24.4
260340,24.4
260400,26.2
260460,24.4
260520,26.0
260580,26.4
260640,25.2
260700,25.6
260760,23.8
260820,24.6
260880,25.6
260940,24.8
261000,25.4
261060,26.4
261120,25.4
261180,25.6
261240,25.4
261300,24.4
261360,24.2
261420,26.8
261480,25.6
261540,25.8
261600,24.8
261660,24.0
261720,26.0
261780,26.8
261840,24.2
261900,25.0
261960,23.2
262020,24.6
262080,26.0
262140,25.6
262200,26.4
262260,26.6
262320,25.8
262380,26.8
262440,26.0
262500,25.2
262560,25.8
262620,25.8
262680,24.6
262740,26.4
262800,25.2
262860,24.6
262920,23.6
262980,26.6
263040,25.2
263100,25.4
263160,25.2
263220,26.4
263280,25.8
263340,26.0
263400,24.4
263460,24.2
263520,25.0
263580,25.0
263640,25.4
263700,25.8
263760,25.4
263820,24.0
263880,26.8
263940,25.2
264000,24.4
264060,25.2
264120,25.0
264180,25.2
264240,26.2
264300,27.8
264360,24.6
264420,26.0
264480,26.8
264540,24.4
264600,25.0
264660,25.8
264720,25.4
264780,24.6
264840,24.0
264900,26.0
264960,25.2
265020,25.0
265080,24.6
265140,25.8
265200,25.0
265260,26.6
265320,25.4
265380,26.6
265440,25.0
265500,24.6
265560,26.0
265620,24.8
265680,25.8
265740,24.0
265800,25.6
265860,25.4
265920,25.6
265980,24.4
266040,25.4
266100,24.8
266160,24.4
266220,26.2
266280,23.8
266340,24.8
266400,24.6
266460,25.0
266520,25.2
266580,25.2
266640,24.2
266700,26.2
266760,24.0
266820,25.2
266880,25.4
266940,25.2
267000,25.4
267060,26.0
267120,25.8
267180,24.4
267240,25.2
267300,24.0
267360,25.6
267420,25.6
267480,25.2
267540,26.4
267600,25.4
267660,26.0
267720,25.6
267780,25.0
267840,23.6
267900,24.0
267960,26.4
268020,23.4
268080,24.4
268140,24.6
268200,24.6
268260,25.8
268320,26.6
268380,26.2
268440,25.2
268500,25.2
268560,26.4
268620,25.4
268680,24.8
268740,25.4
268800,24.8
268860,23.4
268920,25.2
268980,24.0
269040,24.6
269100,22.8
269160,24.6
269220,23.6
269280,24.0
269340,23.8
269400,24.6
269460,23.4
269520,22.8
269580,24.6
269640,23.8
269700,23.4
269760,23.6
269820,23.2
269880,22.4
269940,24.2
270000,23.0
270060,23.8
270120,24.4
270180,21.8
270240,23.6
270300,23.8
270360,21.6
270420,23.0
270480,22.8
270540,23.2
270600,23.4
270660,23.2
270720,22.0
270780,22.0
270840,22.8
270900,21.4
270960,21.6
271020,21.4
271080,21.8
271140,22.6
271200,21.0
271260,22.4
271320,20.8
271380,22.6
271440,22.0
271500,22.4
271560,23.8
271620,23.6
271680,22.4
271740,21.8
271800,22.8
271860,23.0
271920,23.4
271980,22.6
272040,23.2
272100,22.0
272160,23.6
272220,22.8
272280,21.8
272340,24.6
272400,22.2
272460,24.2
272520,25.0
272580,25.8
272640,24.0
272700,24.8
272760,24.8
272820,25.4
272880,23.4
272940,23.8
273000,24.0
273060,24.6
273120,25.2
273180,22.6
273240,26.0
273300,25.2
273360,25.0
273420,25.8
273480,24.4
273540,25.2
273600,24.4
273660,25.0
273720,26.2
273780,24.2
273840,25.8
273900,25.8
273960,25.2
274020,24.4
274080,23.8
274140,23.8
274200,23.4
274260,25.6
274320,25.8
274380,23.8
274440,25.2
274500,25.6
274560,24.8
274620,25.0
274680,23.8
274740,25.2
274800,24.6
274860,24.2
274920,26.0
274980,25.4
275040,23.6
275100,23.2
275160,23.6
275220,23.8
275280,23.8
275340,25.0
275400,24.8
275460,22.8
275520,24.2
275580,24.4
275640,25.4
275700,24.0
275760,25.6
275820,24.4
275880,23.2
275940,24.0
276000,25.2
276060,24.4
276120,23.8
276180,24.2
276240,24.8
276300,24.8
276360,24.0
276420,25.8
276480,25.4
276540,24.0
276600,24.2
276660,24.6
276720,25.8
276780,23.8
276840,25.6
276900,24.2
276960,24.4
277020,24.0
277080,24.8
277140,25.4
277200,24.8
277260,24.8
277320,24.6
277380,24.6
277440,25.2
277500,23.8
277560,23.6
277620,25.2
277680,24.8
277740,23.6
277800,26.0
277860,23.8
277920,25.0
277980,25.2
278040,24.6
278100,25.4
278160,24.8
278220,25.4
278280,24.6
278340,24.6
278400,23.2
278460,24.0
278520,24.6
278580,23.4
278640,24.4
278700,23.6
278760,23.6
278820,25.4
278880,23.8
278940,24.8
279000,25.0
279060,23.8
279120,24.2
279180,24.0
279240,25.0
279300,25.8
279360,23.6
279420,24.4
279480,23.8
279540,25.6
279600,26.8
279660,25.0
279720,25.2
279780,25.4
279840,24.6
279900,23.8
279960,25.2
280020,24.8
280080,25.2
280140,24.0
280200,25.2
280260,24.6
280320,25.2
280380,23.4
280440,24.8
280500,24.8
280560,26.0
280620,25.0
280680,24.4
280740,24.8
280800,24.6
280860,23.6
280920,23.4
280980,26.2
281040,23.2
281100,25.2
281160,25.2
281220,24.0
281280,25.4
281340,25.2
281400,25.0
281460,26.0
281520,24.6
281580,24.2
281640,24.8
281700,25.0
281760,22.2
281820,24.4
281880,24.2
281940,23.4
282000,24.8
282060,24.0
282120,24.0
282180,22.8
282240,22.8
282300,24.4
282360,23.8
282420,24.8
282480,23.4
282540,23.0
282600,23.0
282660,24.0
282720,23.6
282780,25.6
282840,24.0
282900,23.2
282960,22.8
283020,21.8
283080,22.4
283140,23.6
283200,23.8
283260,22.0
283320,21.0
283380,21.0
283440,22.0
283500,21.4
283560,21.8
283620,22.8
283680,21.8
283740,20.8
283800,21.2
283860,20.4
283920,21.6
283980,20.4
284040,20.6
284100,21.2
284160,23.4
284220,22.0
284280,23.8
284340,22.8
284400,21.4
284460,22.8
284520,23.0
284580,23.0
284640,22.4
284700,22.2
284760,22.4
284820,23.2
284880,23.8
284940,23.0
285000,23.0
285060,24.4
285120,23.6
285180,22.6
285240,22.6
285300,23.6
285360,23.6
285420,24.6
285480,23.4
285540,25.2
285600,22.4
285660,25.4
285720,23.4
285780,23.8
285840,23.6
285900,23.8
285960,23.6
286020,25.0
286080,25.4
286140,24.8
286200,24.0
286260,25.4
286320,23.8
286380,23.0
286440,26.6
286500,23.6
286560,24.0
286620,25.0
286680,24.2
286740,24.4
286800,24.0
286860,24.2
286920,23.8
286980,24.4
287040,23.4
287100,24.6
287160,24.8
287220,23.6
287280,24.0
287340,24.0
287400,23.8
287460,24.4
287520,23.0
287580,23.6
287640,24.4
287700,24.4
287760,24.6
287820,23.6
287880,25.4
287940,24.4
288000,24.4
288060,23.4
288120,25.8
288180,24.4
288240,25.0
288300,24.0
288360,25.8
288420,24.0
288480,24.2
288540,23.6
288600,24.0
288660,23.0
288720,23.4
288780,24.2
288840,25.0
288900,24.6
288960,24.0
289020,22.8
289080,24.8
289140,22.2
289200,22.0
289260,24.4
289320,24.2
289380,24.6
289440,24.4
289500,24.8
289560,23.4
289620,23.6
289680,24.2
289740,23.8
289800,25.6
289860,24.8
289920,23.0
289980,23.6
290040,25.2
290100,23.8
290160,24.0
290220,24.0
290280,24.2
290340,25.4
290400,25.0
290460,24.4
290520,26.2
290580,24.4
290640,25.0
290700,25.4
290760,24.0
290820,24.6
290880,25.4
290940,25.0
291000,25.6
291060,24.2
291120,23.2
291180,23.6
291240,25.8
291300,25.2
291360,24.2
291420,23.8
291480,22.8
291540,24.2
291600,22.8
291660,23.6
291720,24.2
291780,25.2
291840,23.8
291900,25.4
291960,24.6
292020,23.4
292080,22.4
292140,23.2
292200,24.8
292260,23.6
292320,24.2
292380,24.8
292440,23.8
292500,24.6
292560,24.8
292620,23.0
292680,24.6
292740,24.0
292800,24.0
292860,23.2
292920,23.4
292980,24.0
293040,23.8
293100,24.4
293160,23.4
293220,23.6
293280,23.4
293340,23.2
293400,24.8
293460,25.0
293520,24.6
293580,23.8
293640,22.4
293700,22.4
293760,25.0
293820,23.6
293880,24.0
293940,23.0
294000,23.6
294060,23.2
294120,23.4
294180,23.4
294240,24.4
294300,24.0
294360,23.2
294420,25.6
294480,25.6
294540,25.2
294600,23.6
294660,24.6
294720,23.4
294780,25.4
294840,25.2
294900,23.2
294960,25.0
295020,24.2
295080,24.6
295140,22.2
295200,25.6
295260,24.0
295320,25.6
295380,25.2
295440,23.6
295500,24.2
295560,24.0
295620,23.8
295680,25.0
295740,22.8
295800,25.6
295860,25.0
295920,24.0
295980,23.6
296040,24.2
296100,23.8
296160,24.6
296220,25.4
296280,24.4
296340,25.0
296400,25.0
296460,24.4
296520,23.8
296580,25.8
296640,24.4
296700,24.8
296760,23.6
296820,26.2
296880,25.6
296940,24.4
297000,26.0
297060,24.8
297120,24.6
297180,25.0
297240,23.0
297300,22.8
297360,25.0
297420,24.2
297480,25.2
297540,23.4
297600,24.8
297660,24.4
297720,25.0
297780,24.8
297840,23.8
297900,23.8
297960,23.4
298020,24.8
298080,24.8
298140,25.2
298200,26.2
298260,23.4
298320,26.2
298380,24.8
298440,23.8
298500,24.4
298560,25.0
298620,24.0
298680,25.2
298740,24.6
298800,25.0
298860,22.6
298920,24.8
298980,23.8
299040,24.0
299100,25.0
299160,24.8
299220,23.8
299280,26.8
299340,23.4
299400,25.0
299460,23.8
299520,23.8
299580,25.6
299640,23.0
299700,24.8
299760,23.2
299820,26.0
299880,24.8
299940,24.4
300000,23.4
300060,23.0
300120,25.4
300180,23.6
300240,24.2
300300,24.4
300360,24.6
300420,25.0
300480,23.4
300540,25.0
300600,24.0
300660,24.8
300720,25.0
300780,24.8
300840,23.6
300900,25.0
300960,24.4
301020,25.4
301080,25.2
301140,23.8
301200,24.4
301260,24.6
301320,24.2
301380,23.8
301440,23.6
301500,25.0
301560,24.2
301620,24.6
301680,25.0
301740,24.6
301800,25.2
301860,25.2
301920,24.0
301980,23.8
302040,25.6
302100,24.8
302160,24.2
302220,26.4
302280,24.6
302340,25.4
302400,25.4
302460,25.2
302520,26.6
302580,23.2
302640,25.0
302700,24.6
302760,24.2
302820,25.6
302880,24.4
302940,25.4
303000,25.2
303060,26.8
303120,25.4
303180,24.2
303240,23.0
303300,23.8
303360,24.0
303420,24.2
303480,24.8
303540,24.4
303600,24.4
303660,25.6
303720,23.0
303780,24.6
303840,23.4
303900,25.2
303960,25.4
304020,25.2
304080,24.2
304140,23.8
304200,24.0
304260,24.4
304320,24.8
304380,25.6
304440,23.6
304500,23.0
304560,26.2
304620,24.0
304680,23.6
304740,24.4
304800,23.8
304860,23.4
304920,23.8
304980,23.8
305040,23.8
305100,24.4
305160,24.2
305220,24.0
305280,25.0
305340,25.0
305400,25.8
305460,25.6
305520,24.4
305580,24.4
305640,24.8
305700,23.4
305760,25.2
305820,24.2
305880,25.8
305940,25.0
306000,25.0
306060,24.2
306120,23.0
306180,25.0
306240,26.8
306300,24.8
306360,26.2
306420,25.4
306480,23.8
306540,23.6
306600,24.4
306660,23.6
306720,25.4
306780,25.4
306840,24.4
306900,23.0
306960,24.0
307020,25.8
307080,24.2
307140,24.2
307200,25.0
307260,25.2
307320,25.2
307380,24.2
307440,25.0
307500,25.2
307560,24.0
307620,24.2
307680,25.4
307740,25.2
307800,24.2
307860,25.4
307920,23.2
307980,24.2
308040,25.0
308100,23.8
308160,24.4
308220,24.4
308280,25.0
308340,25.0
308400,25.0
308460,25.0
308520,25.0
308580,24.6
308640,24.6
308700,24.4
308760,24.2
308820,25.8
308880,24.2
308940,25.2
309000,23.4
309060,23.6
309120,23.4
309180,24.6
309240,24.0
309300,24.4
309360,23.8
309420,22.0
309480,22.8
309540,23.0
309600,22.6
309660,23.6
309720,22.4
309780,24.0
309840,24.8
309900,23.8
309960,23.8
310020,23.2
310080,24.4
310140,23.4
310200,25.6
310260,24.2
310320,23.8
310380,23.6
310440,25.0
310500,24.4
310560,23.8
310620,24.6
310680,24.4
310740,23.4
310800,25.0
310860,23.8
310920,23.2
310980,23.6
311040,24.0
311100,23.2
311160,24.0
311220,23.2
311280,24.4
311340,24.0
311400,24.4
311460,23.8
311520,23.8
311580,26.6
311640,23.6
311700,24.0
311760,23.6
311820,24.8
311880,22.2
311940,24.4
312000,25.2
312060,24.2
312120,24.4
312180,25.8
312240,23.4
312300,23.8
312360,25.8
312420,23.6
312480,24.8
312540,25.2
312600,23.6
312660,24.2
312720,25.6
312780,24.2
312840,25.4
312900,24.6
312960,23.2
313020,26.0
313080,23.2
313140,24.6
313200,24.2
313260,26.0
313320,24.8
313380,24.4
313440,22.0
313500,24.8
313560,23.6
313620,25.0
313680,23.6
313740,24.8
313800,24.4
313860,23.2
313920,23.6
313980,25.0
314040,24.4
314100,24.8
314160,24.8
314220,23.6
314280,23.4
314340,23.4
314400,24.4
314460,25.6
314520,24.0
314580,24.4
314640,23.0
314700,22.8
314760,24.6
314820,23.2
314880,24.6
314940,24.0
315000,24.0
315060,23.4
315120,23.6
315180,23.6
315240,24.4
315300,23.8
315360,23.4
315420,24.6
315480,23.0
315540,24.4
315600,22.6
315660,22.4
315720,23.0
315780,24.0
315840,23.2
315900,23.6
315960,22.4
316020,24.4
316080,23.0
316140,23.4
316200,23.4
316260,23.2
316320,23.8
316380,24.0
316440,23.6
316500,24.0
316560,22.8
316620,24.8
316680,22.4
316740,25.0
316800,24.0
316860,23.4
316920,24.8
316980,25.0
317040,23.6
317100,26.6
317160,23.6
317220,25.8
317280,25.0
317340,23.6
317400,25.8
317460,25.4
317520,25.6
317580,24.8
317640,24.0
317700,24.0
317760,24.4
317820,25.2
317880,24.8
317940,24.0
318000,26.2
318060,25.6
318120,26.4
318180,23.8
318240,25.4
318300,23.8
318360,24.6
318420,23.6
318480,25.6
318540,23.6
318600,26.0
318660,26.8
318720,24.6
318780,23.8
318840,25.2
318900,24.6
318960,24.6
319020,24.8
319080,25.4
319140,25.0
319200,26.4
319260,23.2
319320,25.0
319380,23.8
319440,25.6
319500,26.0
319560,25.0
319620,26.4
319680,24.6
319740,24.0
319800,24.4
319860,24.6
319920,23.8
319980,24.6
320040,25.6
320100,25.0
320160,25.0
320220,25.2
320280,25.4
320340,25.4
320400,25.2
320460,24.4
320520,24.2
320580,25.2
320640,24.8
320700,24.4
320760,26.6
320820,26.2
320880,22.8
320940,24.2
321000,24.8
321060,24.6
321120,25.8
321180,24.0
321240,23.8
321300,24.0
321360,23.6
321420,24.6
321480,23.8
321540,23.6
321600,25.0
321660,25.2
321720,25.4
321780,25.0
321840,24.8
321900,23.8
321960,24.2
322020,26.4
322080,24.6
322140,24.6
322200,24.6
322260,25.6
322320,25.2
322380,25.4
322440,26.2
322500,26.0
322560,24.2
322620,25.2
322680,25.6
322740,24.6
322800,24.2
322860,24.2
322920,24.0
322980,24.0
323040,25.6
323100,25.0
323160,25.6
323220,25.6
323280,25.4
323340,26.4
323400,26.2
323460,25.0
323520,25.8
323580,23.8
323640,24.4
323700,25.4
323760,25.6
323820,25.4
323880,24.2
323940,24.8
324000,24.6
324060,24.0
324120,24.8
324180,24.0
324240,25.2
324300,25.4
324360,24.6
324420,23.8
324480,26.2
324540,24.4
324600,25.4
324660,25.0
324720,25.6
324780,24.2
324840,24.6
324900,24.4
324960,26.0
325020,23.8
325080,24.8
325140,24.0
325200,23.6
325260,25.8
325320,25.0
325380,24.2
325440,24.8
325500,26.2
325560,23.8
325620,24.6
325680,25.6
325740,24.8
325800,26.2
325860,25.4
325920,25.6
325980,25.0
326040,25.2
326100,23.0
326160,23.4
326220,25.4
326280,23.8
326340,23.0
326400,24.8
326460,25.6
326520,23.6
326580,23.8
326640,24.2
326700,25.6
326760,23.8
326820,24.0
326880,24.0
326940,25.4
327000,25.2
327060,24.4
327120,24.6
327180,25.0
327240,23.6
327300,25.6
327360,24.6
327420,23.6
327480,24.2
327540,23.6
327600,24.2
327660,26.0
327720,26.0
327780,25.0
327840,23.8
327900,23.6
327960,25.8
328020,24.0
328080,24.6
328140,24.0
328200,24.0
328260,24.6
328320,25.0
328380,23.8
328440,24.8
328500,23.2
328560,25.2
328620,25.6
328680,25.4
328740,24.4
328800,24.2
328860,24.6
328920,25.4
328980,25.4
329040,25.0
329100,26.2
329160,24.2
329220,24.0
329280,24.8
329340,26.0
329400,26.2
329460,22.6
329520,24.4
329580,24.4
329640,23.4
329700,23.8
329760,24.4
329820,24.8
329880,24.6
329940,23.8
330000,24.6
330060,24.6
330120,25.6
330180,24.8
330240,23.8
330300,25.0
330360,22.0
330420,24.8
330480,25.0
330540,23.8
330600,24.0
330660,24.0
330720,24.2
330780,25.0
330840,22.8
330900,24.4
330960,24.6
331020,23.8
331080,24.4
331140,25.6
331200,24.8
331260,24.0
331320,25.4
331380,24.8
331440,23.6
331500,24.6
331560,23.2
331620,24.8
331680,23.8
331740,24.8
331800,24.6
331860,24.4
331920,23.0
331980,26.0
332040,25.8
332100,25.0
332160,25.8
332220,24.6
332280,23.4
332340,23.2
332400,25.4
332460,23.8
332520,23.0
332580,24.2
332640,25.4
332700,25.6
332760,24.0
332820,24.0
332880,24.4
332940,24.8
333000,23.8
333060,24.4
333120,25.0
333180,24.6
333240,22.8
333300,24.0
333360,24.0
333420,24.0
333480,23.8
333540,26.2
333600,24.6
333660,26.8
333720,23.4
333780,24.6
333840,25.2
333900,25.0
333960,24.0
334020,24.0
334080,24.0
334140,22.8
334200,23.8
334260,23.4
334320,25.2
334380,23.4
334440,23.6
334500,23.8
334560,23.2
334620,25.0
334680,24.4
334740,22.2
334800,24.0
334860,24.6
334920,23.2
334980,24.0
335040,24.6
335100,23.0
335160,25.8
335220,24.4
335280,23.4
335340,24.0
335400,24.0
335460,23.0
335520,24.8
335580,25.0
335640,23.2
335700,24.8
335760,24.6
335820,23.6
335880,26.6
335940,23.2
336000,24.2
336060,25.6
336120,23.8
336180,24.2
336240,26.4
336300,24.0
336360,24.2
336420,23.6
336480,23.8
336540,24.4
336600,23.2
336660,24.2
336720,23.4
336780,25.6
336840,22.6
336900,23.8
336960,22.2
337020,25.0
337080,22.8
337140,22.2
337200,22.4
337260,22.4
337320,21.8
337380,22.6
337440,22.6
337500,23.0
337560,22.8
337620,24.0
337680,23.4
337740,22.2
337800,23.0
337860,24.2
337920,22.4
337980,23.2
338040,24.6
338100,24.6
338160,23.6
338220,24.8
338280,24.6
338340,25.0
338400,23.6
338460,23.4
338520,22.6
338580,24.2
338640,24.2
338700,23.6
338760,24.4
338820,24.6
338880,22.8
338940,26.0
339000,22.6
339060,24.8
339120,24.6
339180,24.0
339240,23.8
339300,23.4
339360,24.2
339420,24.0
339480,25.0
339540,23.4
339600,22.6
339660,24.8
339720,24.4
339780,24.4
339840,23.0
339900,23.0
339960,23.8
340020,22.6
340080,23.8
340140,24.8
340200,20.8
340260,24.2
340320,24.2
340380,23.0
340440,23.6
340500,22.8
340560,22.2
340620,23.0
340680,23.6
340740,24.0
340800,24.2
340860,24.0
340920,24.0
340980,23.0
341040,22.8
341100,24.8
341160,23.0
341220,25.0
341280,24.4
341340,24.4
341400,24.8
341460,25.4
341520,24.8
341580,23.8
341640,25.2
341700,24.6
341760,24.4
341820,24.0
341880,24.2
341940,25.8
342000,23.8
342060,24.6
342120,24.0
342180,25.8
342240,25.4
342300,24.2
342360,25.0
342420,25.2
342480,26.2
342540,23.4
342600,25.8
342660,25.6
342720,24.4
342780,25.8
342840,24.8
342900,25.0
342960,25.2
343020,25.6
343080,26.2
343140,26.0
343200,26.2
343260,26.0
343320,22.8
343380,26.4
343440,25.2
343500,24.6
343560,23.8
343620,24.8
343680,26.0
343740,24.2
343800,25.4
343860,25.2
343920,25.2
343980,25.2
344040,24.6
344100,24.6
344160,26.2
344220,24.0
344280,24.2
344340,25.8
344400,24.2
344460,25.0
344520,24.4
344580,24.0
344640,23.8
344700,25.2
344760,26.2
344820,25.6
344880,26.0
344940,22.6
345000,26.2
345060,25.2
345120,24.4
345180,26.0
345240,25.2
345300,25.2
345360,25.6
345420,23.2
345480,25.8
345540,24.2
345600,26.0
345660,26.2
345720,25.4
345780,25.2
345840,25.2
345900,24.8
345960,23.2
346020,26.8
346080,23.8
346140,25.8
346200,24.4
346260,24.2
346320,24.4
346380,24.8
346440,24.6
346500,25.2
346560,25.0
346620,24.0
346680,25.2
346740,25.2
346800,25.0
346860,24.8
346920,24.0
346980,24.2
347040,23.8
347100,23.4
347160,24.8
347220,24.2
347280,24.2
347340,24.6
347400,24.2
347460,23.2
347520,24.2
347580,25.0
347640,24.8
347700,24.4
347760,24.6
347820,24.4
347880,23.8
347940,25.0
348000,24.2
348060,24.4
348120,23.6
348180,25.0
348240,25.0
348300,24.4
348360,26.0
348420,25.2
348480,24.0
348540,24.4
348600,23.2
348660,25.8
348720,24.0
348780,23.2
348840,25.0
348900,24.0
348960,24.2
349020,22.8
349080,23.6
349140,23.8
349200,24.4
349260,24.8
349320,26.4
349380,24.6
349440,23.4
349500,23.6
349560,25.4
349620,24.8
349680,24.6
349740,22.8
349800,24.6
349860,23.6
349920,23.4
349980,25.2
350040,24.6
350100,23.2
350160,23.6
350220,24.4
350280,24.2
350340,24.0
350400,24.2
350460,24.2
350520,24.8
350580,22.8
350640,23.0
350700,24.4
350760,23.2
350820,23.4
350880,24.4
350940,23.6
351000,26.4
351060,23.6
351120,24.8
351180,24.4
351240,24.6
351300,25.2
351360,25.0
351420,24.4
351480,25.4
351540,23.6
351600,26.4
351660,24.6
351720,26.0
351780,26.2
351840,24.4
351900,24.6
351960,27.0
352020,26.4
352080,24.8
352140,25.6
352200,23.8
352260,24.8
352320,25.0
352380,25.2
352440,25.4
352500,26.4
352560,24.0
352620,25.4
352680,24.0
352740,25.6
352800,26.2
352860,25.2
352920,24.0
352980,25.0
353040,24.8
353100,24.4
353160,24.4
353220,24.0
353280,25.0
353340,25.2
353400,24.2
353460,24.2
353520,24.2
353580,25.8
353640,25.8
353700,25.8
353760,25.4
353820,25.2
353880,24.6
353940,25.8
354000,25.2
354060,24.4
354120,23.6
354180,23.4
354240,25.0
354300,25.6
354360,25.0
354420,23.0
354480,25.0
354540,24.6
354600,25.2
354660,24.6
354720,25.0
354780,23.4
354840,24.6
354900,24.6
354960,25.2
355020,23.6
355080,24.2
355140,25.0
355200,24.4
355260,25.4
355320,24.0
355380,25.4
355440,24.6
355500,25.2
355560,24.4
355620,24.4
355680,23.8
355740,25.0
355800,22.4
355860,25.6
355920,24.0
355980,24.0
356040,24.0
356100,23.8
356160,22.6
356220,23.8
356280,25.0
356340,24.0
356400,24.0
356460,24.0
356520,22.6
356580,23.8
356640,24.0
356700,23.6
356760,24.2
356820,21.6
356880,24.8
356940,23.8
357000,21.8
357060,23.8
357120,23.0
357180,23.2
357240,23.6
357300,23.2
357360,22.0
357420,22.2
357480,23.2
357540,22.6
357600,22.8
357660,23.6
357720,23.2
357780,22.2
357840,22.0
357900,22.6
357960,24.4
358020,23.2
358080,23.6
358140,22.8
358200,21.8
358260,22.4
358320,24.2
358380,23.4
358440,21.2
358500,23.6
358560,23.2
358620,22.6
358680,24.0
358740,23.2
358800,21.8
358860,23.4
358920,23.4
358980,24.0
359040,23.4
359100,25.6
359160,24.0
359220,23.2
359280,26.2
359340,23.8
359400,24.2
359460,24.8
359520,24.8
359580,24.2
359640,24.4
359700,25.2
359760,24.0
359820,23.6
359880,25.6
359940,24.6
360000,25.2
