#Steps,score
60,1.6
120,1.0
180,0.2
240,0.2
300,0.8
360,1.2
420,1.4
480,0.6
540,1.6
600,0.8
660,1.4
720,0.6
780,1.2
840,0.8
900,1.4
960,0.8
1020,1.6
1080,3.0
1140,1.4
1200,1.0
1260,1.0
1320,1.2
1380,1.4
1440,1.4
1500,0.6
1560,0.6
1620,0.8
1680,1.4
1740,1.0
1800,1.0
1860,1.8
1920,1.8
1980,1.4
2040,0.8
2100,0.8
2160,0.4
2220,1.8
2280,1.4
2340,1.6
2400,1.6
2460,1.0
2520,1.4
2580,1.6
2640,1.2
2700,1.6
2760,1.4
2820,1.0
2880,0.6
2940,1.0
3000,1.6
3060,1.6
3120,1.4
3180,1.4
3240,1.2
3300,1.6
3360,1.4
3420,0.8
3480,1.0
3540,1.0
3600,0.8
3660,1.2
3720,1.8
3780,1.8
3840,1.8
3900,0.8
3960,1.4
4020,1.8
4080,1.6
4140,1.6
4200,1.0
4260,1.8
4320,0.6
4380,1.0
4440,1.2
4500,1.8
4560,1.6
4620,1.0
4680,1.2
4740,1.0
4800,0.8
4860,2.0
4920,2.0
4980,1.2
5040,0.6
5100,1.4
5160,1.2
5220,1.8
5280,2.2
5340,1.2
5400,1.6
5460,0.6
5520,1.0
5580,1.0
5640,1.0
5700,1.0
5760,1.6
5820,1.6
5880,2.6
5940,1.0
6000,1.0
6060,1.0
6120,1.2
6180,1.6
6240,1.4
6300,1.4
6360,1.6
6420,1.4
6480,1.2
6540,2.2
6600,2.0
6660,2.0
6720,1.4
6780,0.6
6840,1.6
6900,2.6
6960,1.4
7020,2.4
7080,0.8
7140,1.2
7200,1.8
7260,2.4
7320,1.2
7380,2.0
7440,2.2
7500,1.0
7560,0.8
7620,1.4
7680,1.8
7740,1.8
7800,1.6
7860,1.2
7920,1.2
7980,1.2
8040,1.2
8100,1.0
8160,0.8
8220,2.2
8280,1.4
8340,1.6
8400,2.6
8460,2.6
8520,1.6
8580,2.4
8640,1.4
8700,1.2
8760,0.2
8820,2.0
8880,1.8
8940,1.4
9000,1.2
9060,1.8
9120,1.4
9180,1.8
9240,1.0
9300,1.4
9360,1.4
9420,1.4
9480,2.4
9540,1.6
9600,1.4
9660,0.8
9720,2.0
9780,2.2
9840,0.8
9900,2.8
9960,3.0
10020,1.8
10080,0.4
10140,2.4
10200,1.8
10260,2.0
10320,1.8
10380,1.6
10440,2.0
10500,2.4
10560,2.0
10620,1.6
10680,1.6
10740,1.2
10800,1.2
10860,1.0
10920,1.6
10980,2.0
11040,2.4
11100,2.8
11160,1.8
11220,2.0
11280,2.0
11340,2.6
11400,1.2
11460,1.4
11520,3.4
11580,2.2
11640,3.4
11700,2.0
11760,2.8
11820,3.2
11880,2.6
11940,2.6
12000,3.0
12060,3.0
12120,3.4
12180,3.4
12240,2.8
12300,2.6
12360,2.2
12420,3.0
12480,3.8
12540,4.2
12600,3.0
12660,4.2
12720,4.0
12780,3.8
12840,6.6
12900,6.8
12960,5.0
13020,8.6
13080,11.2
13140,13.6
13200,11.6
13260,16.0
13320,20.2
13380,21.2
13440,20.6
13500,21.0
13560,23.4
13620,21.2
13680,19.4
13740,19.2
13800,16.8
13860,18.2
13920,15.6
13980,14.2
14040,15.0
14100,15.0
14160,14.6
14220,14.2
14280,13.6
14340,11.6
14400,13.2
14460,12.8
14520,14.4
14580,15.0
14640,16.0
14700,15.4
14760,18.0
14820,17.6
14880,20.8
14940,22.2
15000,21.2
15060,22.4
15120,22.8
15180,22.4
15240,20.8
15300,22.4
15360,21.4
15420,20.8
15480,20.8
15540,21.2
15600,21.2
15660,19.8
15720,21.2
15780,22.0
15840,21.0
15900,20.6
15960,21.0
16020,21.6
16080,20.4
16140,20.8
16200,21.2
16260,21.4
16320,19.0
16380,21.6
16440,22.8
16500,22.2
16560,21.2
16620,23.0
16680,22.4
16740,22.4
16800,22.0
16860,22.0
16920,23.2
16980,23.0
17040,23.2
17100,23.6
17160,22.0
17220,24.6
17280,23.4
17340,23.2
17400,24.2
17460,23.2
17520,24.0
17580,24.4
17640,25.2
17700,24.0
17760,24.2
17820,23.4
17880,23.8
17940,24.2
18000,23.8
18060,23.4
18120,23.4
18180,22.6
18240,25.6
18300,23.0
18360,24.2
18420,25.6
18480,23.0
18540,24.0
18600,25.0
18660,23.6
18720,23.8
18780,24.2
18840,25.2
18900,23.6
18960,22.6
19020,23.4
19080,24.2
19140,22.6
19200,24.0
19260,24.8
19320,23.2
19380,24.0
19440,24.0
19500,24.2
19560,23.6
19620,24.4
19680,24.4
19740,24.2
19800,24.0
19860,22.6
19920,21.8
19980,24.6
20040,25.0
20100,23.6
20160,23.4
20220,23.4
20280,23.2
20340,23.4
20400,24.2
20460,23.6
20520,24.0
20580,24.0
20640,23.0
20700,25.2
20760,22.6
20820,24.0
20880,22.8
20940,22.8
21000,22.4
21060,22.6
21120,24.4
21180,22.0
21240,25.0
21300,23.0
21360,24.6
21420,23.8
21480,24.0
21540,23.8
21600,23.0
21660,23.6
21720,23.8
21780,22.4
21840,23.2
21900,24.2
21960,23.0
22020,22.4
22080,23.6
22140,23.4
22200,23.8
22260,24.4
22320,22.6
22380,23.6
22440,21.4
22500,22.0
22560,22.2
22620,23.0
22680,22.6
22740,21.4
22800,23.6
22860,21.2
22920,23.8
22980,24.6
23040,22.2
23100,23.6
23160,23.4
23220,23.8
23280,23.2
23340,23.8
23400,23.2
23460,22.8
23520,24.0
23580,23.6
23640,24.8
23700,24.0
23760,24.0
23820,24.0
23880,23.4
23940,23.6
24000,23.4
24060,25.0
24120,25.4
24180,24.2
24240,23.8
24300,24.2
24360,26.0
24420,23.8
24480,25.0
24540,23.0
24600,23.6
24660,24.4
24720,23.8
24780,22.8
24840,24.8
24900,24.4
24960,23.4
25020,23.6
25080,24.8
25140,24.2
25200,24.2
25260,23.8
25320,24.4
25380,22.4
25440,23.6
25500,24.0
25560,22.8
25620,24.6
25680,25.8
25740,24.8
25800,23.4
25860,23.0
25920,24.0
25980,23.4
26040,23.6
26100,25.8
26160,23.8
26220,24.0
26280,23.4
26340,23.2
26400,24.4
26460,24.2
26520,24.4
26580,23.8
26640,23.2
26700,22.2
26760,26.2
26820,22.8
26880,23.8
26940,22.0
27000,24.0
27060,22.8
27120,23.4
27180,24.6
27240,22.8
27300,23.4
27360,24.8
27420,24.6
27480,23.2
27540,23.2
27600,24.6
27660,24.0
27720,23.6
27780,24.6
27840,24.2
27900,25.2
27960,22.4
28020,26.0
28080,24.8
28140,24.8
28200,25.2
28260,22.6
28320,23.8
28380,22.2
28440,25.0
28500,23.2
28560,25.2
28620,24.6
28680,25.0
28740,24.8
28800,24.8
28860,25.4
28920,23.8
28980,26.2
29040,24.8
29100,25.6
29160,25.2
29220,24.6
29280,25.4
29340,24.2
29400,24.6
29460,24.8
29520,23.8
29580,25.4
29640,25.8
29700,24.2
29760,24.2
29820,24.2
29880,25.0
29940,25.4
30000,24.4
30060,24.2
30120,25.2
30180,25.2
30240,24.8
30300,25.4
30360,25.0
30420,24.4
30480,24.4
30540,25.2
30600,25.0
30660,25.2
30720,24.8
30780,23.8
30840,25.2
30900,25.2
30960,24.6
31020,25.2
31080,24.8
31140,24.4
31200,25.0
31260,25.2
31320,24.4
31380,24.6
31440,25.6
31500,24.4
31560,25.2
31620,25.2
31680,25.6
31740,23.4
31800,26.0
31860,24.8
31920,24.0
31980,25.2
32040,25.6
32100,24.6
32160,24.0
32220,26.0
32280,24.8
32340,25.4
32400,24.4
32460,25.8
32520,25.0
32580,25.0
32640,25.4
32700,25.4
32760,26.0
32820,25.2
32880,24.2
32940,24.8
33000,24.2
33060,24.6
33120,26.4
33180,23.8
33240,23.6
33300,25.0
33360,27.0
33420,24.6
33480,25.6
33540,24.8
33600,24.6
33660,25.0
33720,25.0
33780,25.0
33840,23.2
33900,23.4
33960,24.4
34020,24.0
34080,25.8
34140,24.6
34200,26.4
34260,26.6
34320,24.2
34380,23.0
34440,24.6
34500,24.6
34560,24.4
34620,23.8
34680,21.6
34740,23.4
34800,23.6
34860,23.4
34920,24.0
34980,23.0
35040,23.6
35100,23.6
35160,23.4
35220,24.0
35280,23.6
35340,24.0
35400,23.6
35460,24.2
35520,23.0
35580,23.0
35640,23.0
35700,22.4
35760,24.2
35820,22.6
35880,24.0
35940,24.8
36000,26.4
36060,24.2
36120,25.4
36180,23.4
36240,24.0
36300,24.2
36360,24.2
36420,23.0
36480,24.4
36540,23.2
36600,25.6
36660,24.8
36720,24.6
36780,24.8
36840,24.2
36900,24.4
36960,24.2
37020,23.2
37080,23.8
37140,25.4
37200,23.0
37260,24.2
37320,23.6
37380,24.2
37440,25.0
37500,25.4
37560,24.0
37620,23.6
37680,23.2
37740,22.0
37800,21.8
37860,23.8
37920,22.6
37980,21.6
38040,22.8
38100,23.8
38160,24.2
38220,22.2
38280,22.6
38340,23.2
38400,24.2
38460,23.8
38520,24.4
38580,23.4
38640,26.0
38700,24.2
38760,22.6
38820,23.0
38880,24.6
38940,25.0
39000,24.8
39060,22.4
39120,24.6
39180,24.4
39240,25.2
39300,23.6
39360,23.6
39420,24.4
39480,23.8
39540,23.0
39600,23.6
39660,23.2
39720,23.2
39780,24.0
39840,24.8
39900,23.6
39960,24.2
40020,24.2
40080,24.4
40140,24.2
40200,24.6
40260,23.8
40320,24.8
40380,24.8
40440,24.2
40500,23.2
40560,26.0
40620,24.6
40680,24.8
40740,25.4
40800,24.6
40860,23.8
40920,24.2
40980,25.6
41040,23.2
41100,24.6
41160,26.4
41220,24.0
41280,23.8
41340,23.6
41400,23.6
41460,24.0
41520,24.4
41580,23.0
41640,24.2
41700,25.2
41760,24.2
41820,24.8
41880,23.8
41940,26.2
42000,24.8
42060,23.0
42120,23.0
42180,22.2
42240,25.6
42300,23.2
42360,24.0
42420,24.4
42480,23.8
42540,24.2
42600,24.2
42660,25.4
42720,24.4
42780,23.8
42840,23.2
42900,23.2
42960,24.4
43020,24.4
43080,24.6
43140,23.6
43200,25.4
43260,24.4
43320,25.0
43380,23.8
43440,24.0
43500,23.8
43560,23.6
43620,25.0
43680,26.4
43740,25.4
43800,24.0
43860,23.6
43920,25.4
43980,25.8
44040,24.4
44100,24.4
44160,24.0
44220,24.8
44280,23.8
44340,24.2
44400,24.2
44460,24.8
44520,23.8
44580,23.6
44640,24.0
44700,24.0
44760,24.2
44820,23.0
44880,23.8
44940,24.2
45000,22.6
45060,24.8
45120,24.6
45180,23.2
45240,24.0
45300,22.0
45360,23.0
45420,23.6
45480,23.8
45540,22.0
45600,25.0
45660,24.0
45720,22.2
45780,23.8
45840,22.8
45900,24.4
45960,23.6
46020,23.6
46080,23.8
46140,24.0
46200,23.0
46260,23.4
46320,23.6
46380,23.8
46440,24.2
46500,23.0
46560,24.4
46620,24.6
46680,22.8
46740,22.4
46800,23.2
46860,23.0
46920,24.0
46980,24.8
47040,24.2
47100,23.6
47160,23.8
47220,23.6
47280,24.2
47340,23.0
47400,24.4
47460,25.0
47520,24.6
47580,24.0
47640,24.0
47700,23.2
47760,23.4
47820,22.6
47880,23.8
47940,23.2
48000,26.0
48060,22.2
48120,24.4
48180,24.6
48240,23.4
48300,23.4
48360,24.8
48420,24.2
48480,25.0
48540,23.6
48600,23.6
48660,23.6
48720,23.4
48780,23.6
48840,24.6
48900,24.2
48960,25.0
49020,23.8
49080,24.0
49140,23.6
49200,23.8
49260,21.2
49320,24.6
49380,25.0
49440,23.8
49500,23.4
49560,21.6
49620,22.8
49680,22.6
49740,22.2
49800,22.0
49860,22.8
49920,23.2
49980,24.2
50040,22.0
50100,23.2
50160,23.6
50220,25.0
50280,23.2
50340,23.6
50400,23.6
50460,22.6
50520,24.0
50580,24.0
50640,23.4
50700,24.0
50760,24.6
50820,24.4
50880,22.6
50940,25.0
51000,25.2
51060,24.0
51120,24.2
51180,23.8
51240,22.8
51300,23.0
51360,25.0
51420,24.4
51480,24.0
51540,25.6
51600,23.4
51660,24.2
51720,23.2
51780,25.4
51840,23.6
51900,23.2
51960,23.6
52020,23.0
52080,23.6
52140,24.4
52200,24.2
52260,24.2
52320,24.2
52380,24.2
52440,24.8
52500,24.4
52560,24.6
52620,25.2
52680,25.0
52740,24.2
52800,24.0
52860,23.4
52920,25.8
52980,25.4
53040,23.8
53100,25.2
53160,23.2
53220,23.8
53280,23.8
53340,23.4
53400,23.8
53460,22.6
53520,22.8
53580,23.8
53640,22.2
53700,23.0
53760,22.2
53820,22.2
53880,23.8
53940,21.8
54000,22.4
54060,23.2
54120,23.8
54180,22.2
54240,23.2
54300,23.4
54360,23.4
54420,25.2
54480,23.4
54540,24.4
54600,23.2
54660,24.0
54720,22.0
54780,24.6
54840,24.8
54900,24.0
54960,23.6
55020,23.2
55080,26.2
55140,22.2
55200,24.4
55260,24.6
55320,24.2
55380,24.6
55440,22.8
55500,25.4
55560,24.4
55620,24.0
55680,22.6
55740,25.0
55800,24.4
55860,23.2
55920,23.2
55980,24.4
56040,22.4
56100,22.8
56160,24.0
56220,22.2
56280,24.2
56340,23.8
56400,24.6
56460,24.0
56520,25.2
56580,23.8
56640,24.0
56700,24.8
56760,24.8
56820,23.4
56880,24.2
56940,23.8
57000,23.0
57060,23.4
57120,22.6
57180,24.8
57240,23.2
57300,23.6
57360,24.6
57420,23.4
57480,25.0
57540,25.8
57600,24.2
57660,23.0
57720,25.0
57780,22.4
57840,24.0
57900,23.2
57960,23.6
58020,23.4
58080,22.8
58140,23.8
58200,23.2
58260,24.0
58320,24.0
58380,23.2
58440,24.2
58500,24.2
58560,22.8
58620,24.0
58680,22.6
58740,22.6
58800,23.6
58860,24.4
58920,25.6
58980,24.4
59040,24.4
59100,25.2
59160,23.8
59220,24.0
59280,24.6
59340,25.4
59400,23.2
59460,22.8
59520,23.8
59580,24.6
59640,24.0
59700,22.6
59760,24.8
59820,26.4
59880,24.8
59940,24.4
60000,25.2
60060,23.6
60120,23.2
60180,23.8
60240,24.2
60300,25.2
60360,22.8
60420,24.6
60480,22.4
60540,24.4
60600,24.8
60660,23.2
60720,24.6
60780,23.4
60840,24.4
60900,24.6
60960,23.0
61020,23.4
61080,24.6
61140,24.2
61200,24.0
61260,25.6
61320,23.2
61380,23.6
61440,23.6
61500,24.0
61560,23.4
61620,24.0
61680,23.0
61740,24.6
61800,23.2
61860,24.4
61920,23.8
61980,23.8
62040,23.2
62100,25.8
62160,24.8
62220,25.2
62280,24.4
62340,24.4
62400,23.8
62460,25.8
62520,23.4
62580,24.8
62640,24.4
62700,24.0
62760,25.2
62820,24.0
62880,25.0
62940,24.0
63000,24.6
63060,25.0
63120,24.2
63180,25.0
63240,24.2
63300,23.0
63360,24.0
63420,24.8
63480,23.4
63540,25.6
63600,23.0
63660,23.0
63720,24.0
63780,24.0
63840,22.2
63900,25.0
63960,22.6
64020,24.0
64080,22.6
64140,22.6
64200,23.0
64260,23.2
64320,22.2
64380,23.0
64440,22.6
64500,21.8
64560,22.8
64620,22.8
64680,25.0
64740,23.2
64800,25.2
64860,26.0
64920,23.4
64980,24.2
65040,23.4
65100,24.2
65160,24.8
65220,23.0
65280,23.2
65340,21.8
65400,24.2
65460,23.8
65520,24.4
65580,24.6
65640,24.4
65700,24.0
65760,24.8
65820,22.2
65880,23.0
65940,23.4
66000,24.6
66060,24.0
66120,24.0
66180,25.6
66240,23.0
66300,24.6
66360,23.6
66420,23.4
66480,22.8
66540,23.0
66600,24.4
66660,22.8
66720,21.8
66780,23.2
66840,22.8
66900,23.6
66960,23.4
67020,21.6
67080,22.6
67140,23.6
67200,22.2
67260,23.8
67320,23.4
67380,22.0
67440,23.4
67500,23.8
67560,23.2
67620,22.6
67680,23.0
67740,24.2
67800,23.6
67860,24.4
67920,23.8
67980,24.2
68040,23.8
68100,23.6
68160,24.2
68220,23.2
68280,22.6
68340,24.0
68400,24.4
68460,24.0
68520,24.8
68580,24.8
68640,24.2
68700,23.2
68760,24.2
68820,22.4
68880,25.6
68940,23.6
69000,22.2
69060,23.0
69120,24.2
69180,25.0
69240,23.4
69300,23.4
69360,22.8
69420,23.0
69480,23.2
69540,22.2
69600,24.2
69660,24.0
69720,23.4
69780,23.6
69840,21.8
69900,22.4
69960,22.6
70020,22.0
70080,23.8
70140,22.6
70200,24.0
70260,24.0
70320,24.4
70380,24.0
70440,24.4
70500,24.4
70560,25.8
70620,22.0
70680,23.6
70740,25.0
70800,23.0
70860,24.8
70920,24.4
70980,25.4
71040,23.6
71100,26.0
71160,22.8
71220,25.0
71280,24.6
71340,25.0
71400,23.8
71460,23.8
71520,24.8
71580,26.0
71640,24.0
71700,23.4
71760,23.6
71820,23.4
71880,25.6
71940,24.8
72000,24.2
72060,24.4
72120,23.2
72180,24.0
72240,24.8
72300,23.0
72360,23.2
72420,24.2
72480,23.6
72540,24.4
72600,25.6
72660,23.6
72720,23.6
72780,23.8
72840,23.6
72900,24.4
72960,23.6
73020,24.2
73080,24.8
73140,23.2
73200,23.0
73260,23.6
73320,24.6
73380,23.4
73440,24.2
73500,23.4
73560,23.2
73620,23.6
73680,23.8
73740,23.6
73800,24.6
73860,23.2
73920,24.6
73980,24.0
74040,22.4
74100,23.6
74160,25.2
74220,25.4
74280,24.6
74340,24.6
74400,24.2
74460,24.4
74520,22.8
74580,24.2
74640,24.4
74700,25.4
74760,24.0
74820,24.4
74880,23.6
74940,25.0
75000,24.0
75060,23.4
75120,24.6
75180,23.6
75240,24.6
75300,24.0
75360,23.2
75420,22.8
75480,22.8
75540,21.2
75600,24.8
75660,23.4
