#Steps,score
60,1.6
120,0.6
180,0.6
240,1.6
300,1.4
360,0.4
420,1.0
480,0.6
540,2.0
600,1.4
660,1.8
720,1.0
780,0.8
840,0.4
900,0.6
960,1.0
1020,0.0
1080,0.8
1140,1.2
1200,0.8
1260,0.8
1320,1.0
1380,0.8
1440,1.2
1500,2.0
1560,1.0
1620,0.6
1680,1.6
1740,1.2
1800,0.4
1860,0.8
1920,1.4
1980,0.8
2040,0.8
2100,2.2
2160,1.2
2220,1.4
2280,1.6
2340,1.4
2400,1.0
2460,1.0
2520,1.2
2580,1.2
2640,0.8
2700,0.8
2760,1.4
2820,0.2
2880,1.4
2940,1.2
3000,1.2
3060,1.2
3120,1.6
3180,1.6
3240,1.0
3300,0.4
3360,1.0
3420,1.8
3480,1.0
3540,1.2
3600,1.2
3660,0.8
3720,1.4
3780,2.0
3840,1.0
3900,1.4
3960,1.4
4020,1.0
4080,0.8
4140,1.0
4200,0.8
4260,1.2
4320,0.6
4380,1.0
4440,1.6
4500,1.8
4560,0.6
4620,1.4
4680,2.0
4740,1.8
4800,1.6
4860,1.8
4920,1.2
4980,1.4
5040,1.8
5100,1.2
5160,1.0
5220,1.8
5280,1.2
5340,1.6
5400,1.4
5460,2.2
5520,1.4
5580,0.6
5640,0.6
5700,0.6
5760,0.4
5820,1.2
5880,1.6
5940,1.4
6000,1.0
6060,1.4
6120,2.2
6180,2.0
6240,1.6
6300,1.6
6360,1.0
6420,1.0
6480,1.0
6540,0.6
6600,0.0
6660,1.6
6720,1.2
6780,1.2
6840,2.0
6900,1.0
6960,1.0
7020,1.4
7080,0.8
7140,2.2
7200,1.4
7260,1.0
7320,0.8
7380,0.8
7440,0.8
7500,1.0
7560,1.2
7620,0.6
7680,1.0
7740,1.2
7800,1.0
7860,0.8
7920,1.0
7980,0.8
8040,1.6
8100,1.4
8160,1.6
8220,1.4
8280,1.4
8340,1.2
8400,1.4
8460,1.4
8520,1.2
8580,0.8
8640,1.0
8700,1.0
8760,1.4
8820,1.8
8880,1.4
8940,0.8
9000,1.4
9060,0.6
9120,0.8
9180,0.8
9240,1.4
9300,2.0
9360,1.0
9420,0.8
9480,1.4
9540,1.8
9600,1.6
9660,0.6
9720,1.4
9780,1.2
9840,1.6
9900,0.8
9960,1.0
10020,1.8
10080,1.4
10140,1.2
10200,1.4
10260,0.8
10320,0.0
10380,1.4
10440,1.0
10500,0.8
10560,2.2
10620,1.0
10680,1.2
10740,1.6
10800,2.0
10860,1.4
10920,1.0
10980,2.0
11040,1.2
11100,1.0
11160,1.8
11220,1.6
11280,0.8
11340,1.4
11400,0.8
11460,0.8
11520,0.8
11580,1.6
11640,1.6
11700,1.0
11760,2.6
11820,1.8
11880,1.2
11940,1.2
12000,0.2
12060,2.0
12120,1.0
12180,1.4
12240,1.0
12300,0.2
12360,1.4
12420,0.8
12480,0.6
12540,1.8
12600,1.8
12660,1.4
12720,1.6
12780,0.8
12840,1.2
12900,0.6
12960,2.2
13020,1.2
13080,0.8
13140,0.8
13200,0.8
13260,0.6
13320,2.2
13380,0.4
13440,1.2
13500,1.2
13560,1.0
13620,1.4
13680,1.2
13740,1.6
13800,0.6
13860,2.0
13920,1.0
13980,1.2
14040,1.0
14100,1.4
14160,0.8
14220,2.4
14280,1.0
14340,1.4
14400,1.6
14460,1.0
14520,1.6
14580,1.8
14640,1.0
14700,1.0
14760,1.2
14820,1.6
14880,1.0
14940,1.2
15000,1.6
15060,1.8
15120,1.0
15180,1.2
15240,0.6
15300,1.6
15360,1.6
15420,1.2
15480,1.4
15540,1.2
15600,1.0
15660,1.0
15720,1.4
15780,2.2
15840,2.4
15900,1.0
15960,0.6
16020,1.0
16080,1.4
16140,2.0
16200,1.8
16260,1.2
16320,1.2
16380,0.8
16440,0.6
16500,1.0
16560,1.4
16620,0.8
16680,0.6
16740,0.8
16800,2.2
16860,1.8
16920,1.2
16980,1.8
17040,2.4
17100,1.6
17160,1.2
17220,0.8
17280,1.0
17340,1.0
17400,1.0
17460,1.0
17520,1.0
17580,0.8
17640,1.4
17700,2.0
17760,2.4
17820,1.0
17880,1.0
17940,2.2
18000,1.6
18060,1.6
18120,1.4
18180,1.2
18240,0.6
18300,2.0
18360,1.6
18420,1.4
18480,0.6
18540,1.0
18600,0.8
18660,0.8
18720,1.6
18780,1.6
18840,1.0
18900,1.2
18960,1.0
19020,1.0
19080,2.4
19140,1.6
19200,2.0
19260,1.8
19320,2.0
19380,1.0
19440,1.0
19500,1.4
19560,1.4
19620,1.0
19680,0.8
19740,1.0
19800,0.6
19860,1.4
19920,1.4
19980,2.0
20040,1.8
20100,1.4
20160,1.4
20220,1.0
20280,1.2
20340,1.4
20400,0.4
20460,1.4
20520,1.2
20580,0.8
20640,1.0
20700,1.2
20760,1.4
20820,1.0
20880,2.2
20940,0.6
21000,1.6
21060,1.6
21120,1.6
21180,1.2
21240,2.0
21300,1.4
21360,1.0
21420,0.2
21480,1.8
21540,1.6
21600,1.8
21660,1.4
21720,1.4
21780,1.0
21840,2.4
21900,1.4
21960,0.8
22020,1.6
22080,1.4
22140,1.0
22200,0.8
22260,0.4
22320,0.8
22380,1.6
22440,0.8
22500,1.6
22560,1.0
22620,1.0
22680,1.8
22740,1.6
22800,1.6
22860,1.4
22920,1.2
22980,2.0
23040,0.8
23100,1.6
23160,1.6
23220,2.0
23280,2.4
23340,1.0
23400,1.4
23460,1.2
23520,0.8
23580,0.8
23640,0.8
23700,1.2
23760,1.2
23820,1.2
23880,1.6
23940,1.6
24000,1.8
24060,1.8
24120,1.6
24180,1.0
24240,2.0
24300,1.4
24360,1.4
24420,1.2
24480,2.0
24540,0.6
24600,1.2
24660,1.4
24720,1.0
24780,0.6
24840,1.0
24900,1.0
24960,1.2
25020,1.6
25080,1.8
25140,1.8
25200,1.6
25260,0.8
25320,1.0
25380,1.6
25440,0.8
25500,1.0
25560,0.8
25620,1.2
25680,1.4
25740,2.0
25800,1.0
25860,1.6
25920,1.0
25980,1.2
26040,1.8
26100,1.6
26160,1.6
26220,0.6
26280,1.8
26340,1.0
26400,0.6
26460,1.0
26520,2.6
26580,1.0
26640,1.6
26700,0.8
26760,2.0
26820,2.0
26880,1.4
26940,1.8
27000,2.6
27060,0.2
27120,2.0
27180,1.8
27240,0.6
27300,1.4
27360,1.2
27420,1.2
27480,3.0
27540,2.0
27600,0.6
27660,0.6
27720,1.2
27780,1.2
27840,1.0
27900,1.4
27960,1.0
28020,1.2
28080,1.0
28140,1.2
28200,2.2
28260,1.0
28320,1.4
28380,2.2
28440,0.8
28500,1.6
28560,1.4
28620,1.4
28680,0.6
28740,1.0
28800,1.2
28860,1.0
28920,0.6
28980,1.4
29040,1.4
29100,1.6
29160,0.8
29220,0.6
29280,2.0
29340,0.8
29400,1.6
29460,0.8
29520,1.2
29580,0.6
29640,2.0
29700,1.4
29760,1.0
29820,0.8
29880,1.6
29940,2.2
30000,1.0
30060,1.4
30120,2.4
30180,2.6
30240,1.2
30300,1.8
30360,2.0
30420,1.4
30480,0.8
30540,1.6
30600,1.4
30660,1.6
30720,1.6
30780,0.4
30840,0.4
30900,1.8
30960,1.4
31020,1.4
31080,1.4
31140,1.8
31200,1.6
31260,1.2
31320,1.8
31380,1.4
31440,1.6
31500,1.8
31560,2.2
31620,0.8
31680,2.0
31740,1.2
31800,1.8
31860,1.2
31920,1.2
31980,1.4
32040,1.4
32100,1.8
32160,1.6
32220,2.0
32280,1.6
32340,1.6
32400,1.2
32460,2.6
32520,0.8
32580,1.4
32640,1.0
32700,1.2
32760,0.6
32820,2.0
32880,1.0
32940,1.6
33000,2.8
33060,1.8
33120,1.0
33180,1.2
33240,2.6
33300,1.0
33360,1.8
33420,1.2
33480,1.6
33540,1.4
33600,1.0
33660,1.0
33720,0.4
33780,2.4
33840,0.6
33900,2.0
33960,1.8
34020,1.8
34080,1.2
34140,0.8
34200,1.2
34260,0.6
34320,1.4
34380,1.8
34440,1.6
34500,0.8
34560,1.4
34620,0.8
34680,1.0
34740,0.8
34800,2.2
34860,2.6
34920,0.8
34980,1.8
35040,0.6
35100,1.0
35160,1.4
35220,0.8
35280,1.4
35340,3.0
35400,1.0
35460,2.4
35520,1.6
35580,0.8
35640,1.2
35700,1.6
35760,1.8
35820,1.6
35880,1.4
35940,1.2
36000,1.4
36060,1.4
36120,1.0
36180,1.6
36240,1.0
36300,1.4
36360,0.8
36420,0.2
36480,1.0
36540,1.2
36600,1.8
36660,2.0
36720,1.2
36780,1.8
36840,2.2
36900,2.4
36960,1.4
37020,2.8
37080,0.6
37140,1.8
37200,0.2
37260,0.6
37320,0.6
37380,1.4
37440,0.8
37500,1.4
37560,1.8
37620,1.0
37680,2.0
37740,1.2
37800,0.8
37860,1.6
37920,1.2
37980,0.8
38040,1.2
38100,1.6
38160,1.0
38220,1.4
38280,0.8
38340,0.4
38400,1.8
38460,1.2
38520,1.4
38580,1.8
38640,1.6
38700,1.6
38760,1.2
38820,1.0
38880,2.4
38940,2.0
39000,1.8
39060,1.0
39120,0.8
39180,2.6
39240,1.2
39300,1.0
39360,1.8
39420,1.6
39480,1.2
39540,1.4
39600,1.0
39660,1.4
39720,1.6
39780,0.4
39840,1.0
39900,1.2
39960,1.8
40020,0.8
40080,2.2
40140,2.0
40200,1.4
40260,1.6
40320,1.2
40380,2.0
40440,1.2
40500,1.0
40560,1.0
40620,1.4
40680,1.8
40740,1.4
40800,0.6
40860,0.8
40920,1.6
40980,1.0
41040,1.0
41100,0.6
41160,0.4
41220,1.2
41280,1.4
41340,1.8
41400,1.8
41460,1.8
41520,1.8
41580,1.2
41640,1.0
41700,1.0
41760,2.2
41820,2.0
41880,1.6
41940,1.4
42000,1.4
42060,1.2
42120,1.4
42180,1.0
42240,2.4
42300,1.2
42360,1.4
42420,0.8
42480,0.8
42540,1.0
42600,1.6
42660,2.6
42720,1.4
42780,1.0
42840,2.0
42900,0.8
42960,1.6
43020,1.6
43080,1.0
43140,1.2
43200,0.8
43260,0.6
43320,1.2
43380,1.4
43440,0.6
43500,2.2
43560,1.0
43620,2.2
43680,1.8
43740,2.0
43800,1.6
43860,1.2
43920,1.2
43980,0.8
44040,1.8
44100,2.4
44160,2.0
44220,2.0
44280,1.2
44340,1.8
44400,1.0
44460,1.0
44520,2.2
44580,0.8
44640,0.8
44700,1.6
44760,2.2
44820,1.2
44880,2.0
44940,2.2
45000,1.2
45060,1.4
45120,0.6
45180,1.0
45240,1.8
45300,1.0
45360,1.8
45420,0.8
45480,0.6
45540,2.2
45600,1.6
45660,0.8
45720,1.6
45780,1.4
45840,1.6
45900,1.0
45960,1.8
46020,0.6
46080,1.0
46140,1.2
46200,1.8
46260,0.8
46320,1.8
46380,2.0
46440,1.2
46500,1.6
46560,1.4
46620,1.4
46680,0.8
46740,1.4
46800,0.8
46860,1.4
46920,1.6
46980,1.6
47040,1.8
47100,1.6
47160,1.6
47220,2.0
47280,1.4
47340,0.8
47400,0.6
47460,1.0
47520,1.2
47580,1.6
47640,1.8
47700,1.4
47760,1.0
47820,1.2
47880,1.2
47940,1.4
48000,0.8
48060,1.8
48120,1.8
48180,1.4
48240,1.0
48300,1.0
48360,2.0
48420,1.6
48480,1.8
48540,1.2
48600,1.4
48660,1.2
48720,3.0
48780,1.0
48840,1.4
48900,2.0
48960,1.4
49020,1.4
49080,1.8
49140,1.4
49200,2.4
49260,1.0
49320,1.0
49380,1.6
49440,1.0
49500,0.8
49560,0.8
49620,0.8
49680,2.2
49740,0.4
49800,1.8
49860,2.2
49920,1.0
49980,0.8
50040,1.8
50100,1.0
50160,1.6
50220,1.4
50280,1.8
50340,0.6
50400,1.0
50460,1.4
50520,1.4
50580,1.0
50640,1.8
50700,1.2
50760,1.2
50820,1.6
50880,1.4
50940,1.8
51000,2.6
51060,2.6
51120,0.2
51180,1.4
51240,1.6
51300,0.8
51360,1.2
51420,1.6
51480,1.8
51540,0.4
51600,2.2
51660,1.4
51720,1.4
51780,0.8
51840,2.2
51900,1.2
51960,1.8
52020,1.4
52080,2.0
52140,1.6
52200,1.8
52260,1.2
52320,0.2
52380,1.2
52440,1.4
52500,2.4
52560,1.0
52620,1.8
52680,1.4
52740,1.0
52800,1.4
52860,1.2
52920,1.8
52980,0.8
53040,0.8
53100,0.4
53160,1.4
53220,2.2
53280,1.4
53340,0.6
53400,1.4
53460,1.2
53520,0.4
53580,2.2
53640,2.0
53700,2.0
53760,2.4
53820,1.2
53880,2.8
53940,1.2
54000,2.0
54060,1.6
54120,1.4
54180,1.0
54240,1.8
54300,1.8
54360,1.8
54420,2.8
54480,2.2
54540,1.6
54600,2.2
54660,2.0
54720,1.4
54780,1.2
54840,3.4
54900,0.6
54960,1.6
55020,2.6
55080,1.2
55140,1.0
55200,1.0
55260,1.2
55320,0.6
55380,1.2
55440,1.8
55500,1.6
55560,2.0
55620,1.6
55680,1.6
55740,1.0
55800,1.4
55860,0.6
55920,1.4
55980,1.8
56040,1.6
56100,1.2
56160,1.8
56220,2.6
56280,1.4
56340,1.4
56400,0.8
56460,1.6
56520,1.0
56580,1.6
56640,2.0
56700,1.8
56760,2.2
56820,1.0
56880,1.2
56940,2.2
57000,1.4
57060,1.8
57120,1.8
57180,1.0
57240,2.0
57300,2.4
57360,1.4
57420,1.4
57480,2.4
57540,1.6
57600,1.4
57660,1.2
57720,1.4
57780,1.4
57840,1.2
57900,1.2
57960,1.2
58020,1.2
58080,1.8
58140,2.2
58200,2.0
58260,1.6
58320,2.4
58380,2.8
58440,1.8
58500,1.4
58560,1.8
58620,2.0
58680,1.6
58740,1.6
58800,1.4
58860,2.0
58920,2.0
58980,1.2
59040,1.0
59100,1.8
59160,2.2
59220,1.4
59280,0.4
59340,1.6
59400,1.2
59460,1.4
59520,2.2
59580,1.2
59640,2.0
59700,2.0
59760,1.2
59820,1.0
59880,1.4
59940,0.8
60000,1.6
60060,1.6
60120,1.8
60180,1.8
60240,2.8
60300,1.4
60360,1.6
60420,1.8
60480,2.0
60540,1.4
60600,1.4
60660,1.2
60720,1.4
60780,0.8
60840,2.2
60900,0.8
60960,1.4
61020,1.0
61080,2.2
61140,1.6
61200,1.0
61260,2.6
61320,1.6
61380,1.2
61440,1.8
61500,1.0
61560,2.2
61620,2.8
61680,1.8
61740,1.2
61800,1.2
61860,1.8
61920,1.0
61980,2.4
62040,1.4
62100,1.4
62160,1.0
62220,1.6
62280,1.0
62340,1.2
62400,2.0
62460,2.2
62520,0.8
62580,2.2
62640,1.0
62700,2.0
62760,0.8
62820,2.4
62880,1.2
62940,0.8
63000,1.2
63060,2.0
63120,1.8
63180,2.0
63240,1.4
63300,1.0
63360,1.8
63420,1.0
63480,1.6
63540,2.6
63600,1.4
63660,1.4
63720,1.6
63780,1.6
63840,1.2
63900,1.2
63960,2.2
64020,1.8
64080,1.8
64140,0.8
64200,3.0
64260,1.6
64320,1.6
64380,1.4
64440,1.6
64500,1.0
64560,2.4
64620,1.6
64680,1.6
64740,1.2
64800,1.6
64860,2.4
64920,1.4
64980,2.2
65040,1.2
65100,0.6
65160,0.8
65220,1.2
65280,2.0
65340,1.8
65400,1.4
65460,1.2
65520,1.4
65580,1.8
65640,2.4
65700,1.2
65760,0.8
65820,1.0
65880,1.2
65940,2.6
66000,0.8
66060,1.0
66120,1.2
66180,1.0
66240,1.2
66300,1.2
66360,1.2
66420,1.6
66480,2.2
66540,1.0
66600,2.0
66660,1.8
66720,2.8
66780,1.0
66840,1.8
66900,1.2
66960,1.2
67020,2.0
67080,1.4
67140,1.2
67200,1.8
67260,1.6
67320,1.6
67380,1.0
67440,0.6
67500,2.0
67560,1.6
67620,3.0
67680,1.0
67740,2.0
67800,1.0
67860,1.0
67920,1.0
67980,2.0
68040,2.6
68100,1.4
68160,1.6
68220,2.8
68280,0.8
68340,1.6
68400,2.2
68460,2.8
68520,1.4
68580,2.0
68640,0.4
68700,2.0
68760,0.8
68820,1.0
68880,2.6
68940,1.4
69000,1.0
69060,1.4
69120,2.2
69180,1.8
69240,1.2
69300,2.0
69360,0.8
69420,1.0
69480,1.4
69540,1.6
69600,0.8
69660,1.4
69720,1.6
69780,1.2
69840,0.8
69900,1.4
69960,1.4
70020,1.2
70080,1.4
70140,1.2
70200,0.8
70260,0.6
70320,1.0
70380,1.8
70440,1.0
70500,1.6
70560,2.2
70620,1.8
70680,1.6
70740,0.4
70800,0.8
70860,0.8
70920,1.6
70980,1.8
71040,0.8
71100,1.2
71160,1.0
71220,2.2
71280,1.8
71340,1.2
71400,1.4
71460,1.4
71520,0.2
71580,1.4
71640,1.2
71700,1.0
71760,0.8
71820,1.6
71880,0.6
71940,1.4
72000,1.8
72060,1.8
72120,1.2
72180,1.2
72240,1.6
72300,1.0
72360,1.4
72420,0.4
72480,1.6
72540,1.8
72600,0.2
72660,1.4
72720,2.4
72780,0.8
72840,1.6
72900,1.8
72960,1.6
73020,1.4
73080,3.0
73140,1.0
73200,2.4
73260,0.8
73320,1.4
73380,1.8
73440,1.8
73500,1.4
73560,1.8
73620,1.4
73680,0.4
73740,1.4
73800,1.0
73860,2.0
73920,1.8
73980,2.6
74040,0.4
74100,1.0
74160,2.2
74220,0.8
74280,1.0
74340,0.8
74400,1.4
74460,0.4
74520,2.0
74580,1.0
74640,0.4
74700,1.0
74760,1.4
74820,0.8
74880,1.8
74940,2.0
75000,1.6
75060,0.2
75120,1.2
75180,1.0
75240,1.8
75300,2.0
75360,1.8
75420,1.4
75480,1.6
75540,1.0
75600,1.4
75660,1.4
75720,1.2
75780,2.4
75840,1.0
75900,1.2
75960,1.4
76020,0.8
76080,1.0
76140,1.2
76200,2.0
76260,0.6
76320,0.8
76380,1.4
76440,1.8
76500,2.8
76560,1.8
76620,0.6
76680,0.6
76740,2.2
76800,1.2
76860,1.6
76920,1.6
76980,1.8
77040,1.8
77100,1.2
77160,2.0
77220,1.6
77280,1.4
77340,0.8
77400,1.4
77460,1.4
77520,1.4
77580,1.4
77640,2.4
77700,0.6
77760,2.4
77820,1.0
77880,0.6
77940,1.6
78000,1.4
78060,1.6
78120,1.4
78180,1.0
78240,1.2
78300,1.6
78360,2.6
78420,1.2
78480,1.4
78540,1.4
78600,1.2
78660,1.6
78720,1.0
78780,0.8
78840,1.6
78900,2.6
78960,1.6
79020,1.8
79080,1.0
79140,1.4
79200,2.0
79260,0.6
79320,0.6
79380,2.8
79440,0.8
79500,2.2
79560,1.8
79620,1.8
79680,0.6
79740,2.0
79800,2.2
79860,1.8
79920,1.0
79980,1.4
80040,1.8
80100,1.8
80160,2.2
80220,2.0
80280,1.6
80340,1.4
80400,1.8
80460,2.0
80520,1.4
80580,2.4
80640,0.8
80700,1.6
80760,1.2
80820,1.6
80880,1.2
80940,1.8
81000,2.0
81060,1.8
81120,1.4
81180,0.6
81240,0.6
81300,0.4
81360,1.4
81420,1.2
81480,3.0
81540,0.8
81600,1.0
81660,0.6
81720,1.6
81780,1.6
81840,1.4
81900,1.2
81960,1.8
82020,2.2
82080,2.4
82140,2.0
82200,0.4
82260,2.4
82320,2.6
82380,1.6
82440,1.6
82500,1.0
82560,2.0
82620,1.8
82680,1.2
82740,0.8
82800,1.0
82860,1.6
82920,1.2
82980,1.0
83040,2.0
83100,1.6
83160,1.8
83220,2.0
83280,1.2
83340,1.8
83400,1.2
83460,1.4
83520,1.0
83580,1.8
83640,1.8
83700,1.2
83760,2.2
83820,1.6
83880,1.2
83940,2.2
84000,1.0
84060,1.4
84120,1.8
84180,2.0
84240,0.8
84300,1.2
84360,1.8
84420,1.6
84480,1.8
84540,1.4
84600,1.8
84660,1.6
84720,0.6
84780,1.4
84840,1.4
84900,3.0
84960,1.8
85020,1.6
85080,1.0
85140,1.2
85200,0.6
85260,1.0
85320,1.2
85380,1.8
85440,1.2
85500,1.6
85560,1.4
85620,1.0
85680,1.0
85740,1.0
85800,1.4
85860,0.8
85920,2.4
85980,1.0
86040,1.6
86100,1.4
86160,2.0
86220,1.0
86280,1.8
86340,1.2
86400,1.4
86460,1.6
86520,0.6
86580,0.8
86640,1.2
86700,1.6
86760,2.0
86820,1.6
86880,0.6
86940,3.0
87000,1.2
87060,1.8
87120,1.4
87180,1.2
87240,1.6
87300,1.4
87360,1.6
87420,1.6
87480,2.0
87540,1.8
87600,1.6
87660,0.8
87720,2.4
87780,2.8
87840,1.0
87900,1.0
87960,1.8
88020,1.6
88080,0.8
88140,2.0
88200,1.4
88260,1.4
88320,1.2
88380,1.8
88440,2.4
88500,1.8
88560,1.4
88620,1.2
88680,1.8
88740,1.2
88800,2.0
88860,1.2
88920,0.4
88980,1.4
89040,1.6
89100,1.0
89160,1.4
89220,1.0
89280,2.4
89340,2.2
89400,1.2
89460,1.2
89520,1.0
89580,2.4
89640,1.6
89700,2.0
89760,1.6
89820,0.8
89880,2.0
89940,0.6
90000,1.0
90060,0.6
90120,1.4
90180,1.2
90240,1.0
90300,1.2
90360,1.8
90420,2.2
90480,1.6
90540,1.8
90600,1.2
90660,1.0
90720,1.0
90780,2.4
90840,2.0
90900,1.0
90960,0.6
91020,2.0
91080,1.2
91140,1.0
91200,0.8
91260,1.0
91320,1.2
91380,0.8
91440,1.2
91500,1.6
91560,1.0
91620,1.2
91680,1.6
91740,0.8
91800,1.6
91860,1.0
91920,1.8
91980,2.2
92040,2.4
92100,1.0
92160,1.0
92220,2.0
92280,0.6
92340,1.4
92400,1.4
92460,1.2
92520,2.0
92580,1.2
92640,1.6
92700,1.4
92760,0.4
92820,1.2
92880,1.2
92940,1.8
93000,0.8
93060,0.8
93120,2.4
93180,1.0
93240,1.2
93300,1.8
93360,1.0
93420,0.8
93480,0.4
93540,1.6
93600,2.4
93660,0.8
93720,0.6
93780,2.2
93840,0.8
93900,1.4
93960,1.6
94020,2.4
94080,1.2
94140,1.8
94200,2.2
94260,1.4
94320,1.8
94380,1.8
94440,1.2
94500,1.0
94560,1.2
94620,1.0
94680,1.8
94740,0.8
94800,1.6
94860,1.4
94920,1.2
94980,0.6
95040,1.2
95100,0.0
95160,1.2
95220,1.6
95280,0.8
95340,1.4
95400,2.4
95460,1.0
95520,0.8
95580,1.6
95640,1.0
95700,2.2
95760,1.0
95820,1.2
95880,0.8
95940,1.0
96000,1.4
96060,1.6
96120,1.4
96180,1.2
96240,1.4
96300,0.8
96360,2.2
96420,1.8
96480,1.8
96540,2.2
96600,1.0
96660,2.2
96720,1.2
96780,1.4
96840,2.0
96900,1.6
96960,1.0
97020,2.6
97080,1.2
97140,1.4
97200,0.6
97260,1.0
97320,2.0
97380,0.8
97440,1.4
97500,1.2
97560,1.8
97620,1.0
97680,2.0
97740,1.0
97800,1.8
97860,0.6
97920,1.6
97980,0.8
98040,1.6
98100,1.2
98160,1.2
98220,1.4
98280,0.8
98340,2.2
98400,1.0
98460,1.8
98520,0.6
98580,2.4
98640,1.4
98700,1.0
98760,1.6
98820,1.4
98880,1.2
98940,1.2
99000,1.6
99060,2.6
99120,2.0
99180,1.6
99240,2.2
99300,1.4
99360,2.4
99420,0.2
99480,1.6
99540,2.2
99600,1.2
99660,2.2
99720,2.2
99780,1.4
99840,1.4
99900,2.2
99960,1.2
100020,2.0
100080,1.4
100140,1.4
100200,1.0
100260,1.4
100320,1.8
100380,1.8
100440,2.0
100500,0.6
100560,1.4
100620,2.0
100680,1.4
100740,0.2
100800,0.6
100860,1.6
100920,1.2
100980,1.2
101040,1.8
101100,1.4
101160,1.2
101220,1.0
101280,1.8
101340,1.6
101400,2.6
101460,1.4
101520,1.6
101580,2.6
101640,1.6
101700,1.8
101760,1.0
101820,1.8
101880,2.6
101940,1.8
102000,1.8
102060,2.6
102120,0.8
102180,2.6
102240,0.6
102300,0.4
102360,0.8
102420,1.6
102480,2.6
102540,0.4
102600,2.2
102660,1.0
102720,1.4
102780,1.6
102840,1.8
102900,1.6
102960,1.8
103020,0.6
103080,1.2
103140,0.8
103200,1.2
103260,3.0
103320,1.4
103380,1.2
103440,2.8
103500,2.0
103560,1.0
103620,2.4
103680,1.4
103740,0.6
103800,2.2
103860,0.4
103920,2.0
103980,1.6
104040,2.8
104100,2.0
104160,1.4
104220,2.6
104280,0.8
104340,1.2
104400,0.6
104460,2.2
104520,1.4
104580,1.4
104640,2.0
104700,1.4
104760,0.8
104820,2.4
104880,0.8
104940,1.6
105000,2.2
105060,1.2
105120,1.6
105180,1.0
105240,2.4
105300,1.2
105360,1.6
105420,1.2
105480,1.4
105540,0.4
105600,1.4
105660,1.6
105720,2.2
105780,1.2
105840,2.6
105900,1.4
105960,1.4
106020,1.4
106080,1.2
106140,1.6
106200,1.2
106260,2.0
106320,2.0
106380,1.4
106440,1.0
106500,1.2
106560,0.8
106620,1.6
106680,1.8
106740,1.6
106800,1.8
106860,2.0
106920,2.6
106980,2.0
107040,1.0
107100,2.0
107160,1.4
107220,1.4
107280,1.4
107340,1.4
107400,1.0
107460,1.4
107520,0.8
107580,2.6
107640,1.6
107700,1.4
107760,2.0
107820,2.2
107880,1.6
107940,2.0
108000,1.6
108060,1.2
108120,1.2
108180,1.2
108240,1.2
108300,1.2
108360,1.0
108420,1.4
108480,2.0
108540,1.0
108600,2.0
108660,3.0
108720,0.8
108780,1.8
108840,1.2
108900,1.6
108960,2.4
109020,1.2
109080,0.8
109140,2.8
109200,2.0
109260,1.4
109320,1.0
109380,1.6
109440,0.4
109500,1.6
109560,1.6
109620,2.0
109680,1.8
109740,0.8
109800,1.0
109860,2.2
109920,2.4
109980,0.6
110040,1.8
110100,2.0
110160,2.0
110220,1.8
110280,1.2
110340,2.0
110400,0.4
110460,1.0
110520,2.4
110580,2.0
110640,1.0
110700,2.2
110760,1.6
110820,1.4
110880,1.0
110940,2.0
111000,1.4
111060,0.8
111120,1.0
111180,1.0
111240,1.4
111300,1.6
111360,1.4
111420,1.2
111480,1.0
111540,1.8
111600,0.6
111660,1.4
111720,2.0
111780,1.8
111840,1.8
111900,1.6
111960,2.0
112020,1.4
112080,1.6
112140,1.2
112200,1.8
112260,1.8
112320,1.2
112380,1.6
112440,0.8
112500,1.2
112560,1.4
112620,1.6
112680,1.8
112740,1.6
112800,1.4
112860,0.8
112920,1.6
112980,2.4
113040,1.0
113100,1.4
113160,1.8
113220,1.4
113280,1.6
113340,1.6
113400,2.4
113460,1.2
113520,1.8
113580,2.4
113640,1.4
113700,0.8
113760,0.8
113820,2.0
113880,1.2
113940,1.8
114000,1.0
114060,1.2
114120,1.6
114180,1.8
114240,1.6
114300,2.2
114360,2.2
114420,2.2
114480,1.0
114540,1.2
114600,1.4
114660,1.2
114720,2.2
114780,2.2
114840,1.0
114900,1.6
114960,1.8
115020,1.0
115080,2.0
115140,1.0
115200,1.2
115260,1.2
115320,2.6
115380,2.0
115440,1.6
115500,1.2
115560,1.2
115620,1.8
115680,2.2
115740,1.6
115800,1.8
115860,0.8
115920,1.4
115980,1.2
116040,1.4
116100,1.4
116160,1.4
116220,1.2
116280,1.2
116340,1.2
116400,0.4
116460,2.2
116520,2.0
116580,2.0
116640,0.6
116700,2.8
116760,2.4
116820,0.8
116880,0.8
116940,1.8
117000,2.0
117060,0.8
117120,1.6
117180,2.0
117240,2.0
117300,2.2
117360,2.0
117420,2.0
117480,0.8
117540,0.4
117600,2.0
117660,1.6
117720,1.2
117780,2.0
117840,1.8
117900,2.2
117960,2.4
118020,1.4
118080,1.4
118140,2.6
118200,1.8
118260,1.0
118320,2.6
118380,1.6
118440,1.8
118500,1.4
118560,2.2
118620,1.8
118680,1.6
118740,2.2
118800,1.6
118860,2.0
118920,1.8
118980,1.4
119040,1.6
119100,1.2
119160,1.0
119220,0.8
119280,2.2
119340,1.6
119400,1.6
119460,1.6
119520,2.4
119580,1.6
119640,1.6
119700,2.0
119760,1.8
119820,1.6
119880,1.6
119940,1.4
120000,1.0
120060,1.2
120120,0.6
120180,1.0
120240,1.2
120300,1.0
120360,2.4
120420,1.4
120480,1.8
120540,2.0
120600,2.0
120660,2.8
120720,1.6
120780,1.2
120840,2.6
120900,1.8
120960,1.6
121020,2.0
121080,1.4
121140,1.8
121200,1.6
121260,1.8
121320,0.8
121380,1.4
121440,1.4
121500,1.8
121560,1.4
121620,2.0
121680,1.2
121740,1.4
121800,0.8
121860,1.0
121920,1.4
121980,0.6
122040,1.2
122100,2.4
122160,1.0
122220,1.8
122280,1.0
122340,2.0
122400,1.4
122460,2.2
122520,0.6
122580,1.2
122640,2.0
122700,1.8
122760,1.4
122820,1.2
122880,1.6
122940,1.6
123000,1.4
123060,2.0
123120,2.4
123180,0.4
123240,1.2
123300,3.0
123360,1.4
123420,1.0
123480,1.8
123540,2.4
123600,1.0
123660,1.4
123720,1.2
123780,2.2
123840,1.8
123900,2.8
123960,2.8
124020,1.8
124080,1.8
124140,0.8
124200,2.6
124260,2.2
124320,1.6
124380,1.8
124440,1.2
124500,1.4
124560,2.2
124620,2.8
124680,1.2
124740,2.0
124800,1.0
124860,1.8
124920,1.8
124980,1.6
125040,1.0
125100,1.6
125160,2.0
125220,2.0
125280,2.2
125340,2.0
125400,2.0
125460,1.8
125520,1.8
125580,1.4
125640,1.0
125700,3.2
125760,2.6
125820,1.8
125880,1.2
125940,1.2
126000,1.6
126060,1.0
126120,2.4
126180,1.6
126240,1.8
126300,2.6
126360,2.0
126420,2.4
126480,2.6
126540,1.6
126600,1.2
126660,1.2
126720,1.6
126780,1.6
126840,1.8
126900,1.6
126960,1.8
127020,1.4
127080,0.8
127140,1.8
127200,1.4
127260,1.8
127320,2.0
127380,1.2
127440,1.8
127500,1.6
127560,1.4
127620,1.0
127680,1.8
127740,1.6
127800,1.8
127860,1.0
127920,1.8
127980,1.0
128040,1.2
128100,1.2
128160,1.4
128220,0.6
128280,1.6
128340,3.0
128400,2.6
128460,0.8
128520,1.6
128580,1.8
128640,1.4
128700,2.0
128760,0.4
128820,1.4
128880,1.2
128940,1.8
129000,1.6
129060,1.4
129120,1.0
129180,1.6
129240,1.8
129300,3.0
129360,1.0
129420,1.2
129480,1.8
129540,1.2
129600,1.8
129660,1.4
129720,1.0
129780,0.8
129840,1.6
129900,1.4
129960,1.6
130020,1.0
130080,2.6
130140,2.2
130200,1.4
130260,1.4
130320,0.8
130380,2.2
130440,1.2
130500,0.8
130560,2.4
130620,2.0
130680,1.6
130740,1.4
130800,1.0
130860,2.0
130920,1.4
130980,2.6
131040,3.0
131100,1.6
131160,0.4
131220,2.0
131280,1.6
131340,2.2
131400,1.2
131460,1.0
131520,1.2
131580,1.6
131640,1.6
131700,1.8
131760,2.0
131820,1.2
131880,1.6
131940,1.0
132000,1.8
132060,1.6
132120,0.8
132180,2.0
132240,1.0
132300,1.0
132360,1.6
132420,1.6
132480,1.4
132540,1.8
132600,1.4
132660,1.4
132720,2.2
132780,1.0
132840,1.8
132900,0.6
132960,1.0
133020,1.4
133080,1.4
133140,1.0
133200,2.4
133260,1.2
133320,1.8
133380,1.8
133440,1.6
133500,1.4
133560,1.4
133620,0.8
133680,1.8
133740,1.4
133800,0.8
133860,2.2
133920,2.2
133980,2.8
134040,1.8
134100,1.6
134160,2.0
134220,1.0
134280,0.8
134340,2.6
134400,1.4
134460,1.2
134520,1.0
134580,1.8
134640,2.4
134700,1.6
134760,1.2
134820,1.8
134880,1.4
134940,1.8
135000,1.6
135060,1.8
135120,2.0
135180,1.8
135240,3.2
135300,1.8
135360,1.6
135420,0.8
135480,1.2
135540,2.0
135600,2.4
135660,1.8
135720,1.8
135780,1.4
135840,1.2
135900,1.6
135960,1.2
136020,1.6
136080,1.0
136140,1.6
136200,1.8
136260,1.4
136320,1.2
136380,2.2
136440,1.8
136500,2.4
136560,1.4
136620,1.2
136680,2.0
136740,2.4
136800,1.8
136860,0.8
136920,2.4
136980,2.2
137040,0.6
137100,1.4
137160,1.4
137220,2.0
137280,2.6
137340,1.0
137400,0.8
137460,0.2
137520,2.4
137580,1.6
137640,1.6
137700,1.8
137760,2.4
137820,1.8
137880,2.4
137940,1.8
138000,2.0
138060,1.4
138120,1.2
138180,1.4
138240,1.0
138300,1.8
138360,1.2
138420,2.8
138480,1.6
138540,1.4
138600,2.8
138660,1.6
138720,1.4
138780,1.4
138840,1.8
138900,1.4
138960,1.8
139020,0.6
139080,0.6
139140,1.6
139200,1.4
139260,0.8
139320,1.4
139380,2.4
139440,3.0
139500,1.2
139560,1.0
139620,1.2
139680,1.8
139740,2.0
139800,2.2
139860,1.4
139920,1.6
139980,1.0
140040,1.4
140100,1.8
140160,2.2
140220,2.2
140280,1.8
140340,1.2
140400,1.6
140460,2.2
140520,1.8
140580,0.6
140640,2.2
140700,1.8
140760,2.8
140820,2.0
140880,3.4
140940,2.0
141000,1.8
141060,2.0
141120,0.8
141180,2.6
141240,1.2
141300,1.0
141360,2.0
141420,1.8
141480,1.0
141540,1.8
141600,1.2
141660,2.8
141720,1.6
141780,2.4
141840,2.4
141900,2.0
141960,0.8
142020,2.0
142080,2.0
142140,2.2
142200,1.4
142260,1.0
142320,2.4
142380,1.2
142440,2.0
142500,2.4
142560,1.2
142620,1.4
142680,2.4
142740,1.6
142800,2.0
142860,2.4
142920,2.2
142980,2.2
143040,1.8
143100,2.6
143160,2.0
143220,2.6
143280,1.6
143340,2.8
143400,1.2
143460,1.8
143520,1.8
143580,2.2
143640,2.2
143700,1.6
143760,1.6
143820,1.8
143880,1.6
143940,1.2
144000,1.6
144060,1.4
144120,2.0
144180,1.6
144240,1.6
144300,1.6
144360,1.6
144420,2.6
144480,1.6
144540,3.2
144600,1.8
144660,0.4
144720,2.0
144780,1.6
144840,2.0
144900,2.4
144960,2.6
145020,1.0
145080,2.4
145140,1.8
145200,2.0
145260,2.4
145320,2.6
145380,1.8
145440,1.6
145500,2.2
145560,1.2
145620,2.4
145680,1.2
145740,2.2
145800,2.0
145860,1.4
145920,0.8
145980,2.4
146040,2.0
146100,1.4
146160,1.4
146220,2.4
146280,1.0
146340,2.0
146400,1.8
146460,2.2
146520,3.4
146580,2.0
146640,1.8
146700,1.8
146760,0.8
146820,2.0
146880,1.8
146940,1.8
147000,2.2
147060,1.4
147120,1.8
147180,1.4
147240,2.4
147300,2.6
147360,0.8
147420,1.8
147480,1.8
147540,1.6
147600,1.4
147660,1.8
147720,1.0
147780,1.2
147840,1.4
147900,2.6
147960,2.4
148020,1.6
148080,2.2
148140,2.2
148200,1.4
148260,1.4
148320,0.8
148380,2.0
148440,2.4
148500,3.0
148560,2.2
148620,1.4
148680,2.2
148740,1.8
148800,2.0
148860,1.6
148920,2.2
148980,1.8
149040,2.2
149100,2.0
149160,2.0
149220,1.4
149280,2.2
149340,1.6
149400,1.8
149460,1.6
149520,1.4
149580,2.0
149640,1.2
149700,0.8
149760,0.6
149820,3.2
149880,2.2
149940,1.2
150000,1.8
150060,2.4
150120,0.8
150180,1.6
150240,1.4
150300,1.2
150360,1.0
150420,1.4
150480,2.4
150540,1.2
150600,1.8
150660,1.6
150720,1.8
150780,1.0
150840,2.2
150900,1.6
150960,3.0
151020,1.8
151080,1.6
151140,1.0
151200,0.4
151260,2.0
151320,1.4
151380,1.0
151440,1.0
151500,2.4
151560,2.6
151620,2.2
151680,1.8
151740,0.6
151800,0.8
151860,1.4
151920,1.2
151980,1.4
152040,1.4
152100,2.0
152160,2.2
152220,2.4
152280,2.4
152340,2.2
152400,2.2
152460,1.0
152520,2.2
152580,1.4
152640,1.6
152700,1.6
152760,0.6
152820,2.2
152880,1.8
152940,2.0
153000,1.6
153060,2.4
153120,3.8
153180,2.8
153240,2.4
153300,0.8
153360,1.8
153420,0.6
153480,1.8
153540,1.4
153600,2.6
153660,1.8
153720,1.4
153780,1.0
153840,1.4
153900,1.8
153960,1.4
154020,1.2
154080,3.4
154140,1.6
154200,1.2
154260,1.4
154320,1.8
154380,0.8
154440,2.2
154500,1.8
154560,1.8
154620,2.2
154680,0.8
154740,1.2
154800,2.2
154860,1.0
154920,1.8
154980,0.2
155040,1.0
155100,1.0
155160,1.6
155220,1.2
155280,1.4
155340,1.4
155400,2.4
155460,2.0
155520,2.0
155580,1.8
155640,1.0
155700,1.8
155760,2.2
155820,1.8
155880,1.4
155940,2.0
156000,1.6
156060,1.8
156120,0.8
156180,1.8
156240,2.2
156300,1.8
156360,1.2
156420,1.6
156480,1.8
156540,1.6
156600,1.4
156660,1.6
156720,1.2
156780,1.2
156840,1.0
156900,2.0
156960,1.8
157020,2.4
157080,1.6
157140,1.2
157200,2.0
157260,2.2
157320,1.4
157380,1.4
157440,0.8
157500,1.0
157560,1.2
157620,2.2
157680,1.2
157740,1.4
157800,1.4
157860,0.8
157920,2.2
157980,1.8
158040,1.0
158100,2.0
158160,2.2
158220,1.2
158280,1.0
158340,1.0
158400,1.4
158460,2.0
158520,1.6
158580,1.6
158640,1.2
158700,1.4
158760,2.8
158820,0.6
158880,1.4
158940,0.8
159000,2.2
159060,0.8
159120,1.8
159180,0.8
159240,1.4
159300,1.8
159360,1.0
159420,1.0
159480,1.2
159540,1.0
159600,1.8
159660,2.2
159720,1.6
159780,2.0
159840,1.8
159900,1.2
159960,2.2
160020,1.8
160080,1.0
160140,2.0
160200,1.4
160260,1.0
160320,1.8
160380,0.4
160440,1.8
160500,2.0
160560,2.4
160620,2.0
160680,2.6
160740,1.2
160800,2.0
160860,1.6
160920,1.4
160980,1.4
161040,2.6
161100,1.2
161160,0.8
161220,1.6
161280,1.0
161340,1.8
161400,2.2
161460,2.0
161520,1.0
161580,2.6
161640,2.2
161700,1.4
161760,2.4
161820,1.6
161880,3.0
161940,1.6
162000,1.6
162060,1.6
162120,2.0
162180,1.6
162240,1.4
162300,1.2
162360,2.0
162420,2.0
162480,2.0
162540,1.6
162600,2.6
162660,2.6
162720,1.2
162780,0.8
162840,1.6
162900,1.8
162960,1.4
163020,1.2
163080,1.2
163140,1.6
163200,2.2
163260,1.4
163320,1.6
163380,1.6
163440,1.4
163500,2.4
163560,2.4
163620,1.6
163680,2.2
163740,1.2
163800,2.2
163860,2.0
163920,1.4
163980,2.8
164040,2.2
164100,2.0
164160,0.8
164220,1.4
164280,1.8
164340,1.8
164400,1.8
164460,2.0
164520,2.0
164580,1.8
164640,2.0
164700,1.0
164760,1.4
164820,1.8
164880,1.4
164940,1.8
165000,0.8
165060,1.2
165120,0.8
165180,2.8
165240,1.4
165300,1.8
165360,1.0
165420,1.8
165480,1.2
165540,2.2
165600,2.0
165660,1.8
165720,1.6
165780,1.6
165840,1.8
165900,1.6
165960,1.2
166020,1.6
166080,2.2
166140,1.6
166200,2.6
166260,1.4
166320,1.2
166380,2.6
166440,1.6
166500,1.8
166560,1.2
166620,1.4
166680,1.8
166740,1.2
166800,1.2
166860,2.4
166920,1.6
166980,1.2
167040,1.4
167100,2.2
167160,1.6
167220,0.6
167280,1.4
167340,1.6
167400,0.8
167460,0.8
167520,1.8
167580,2.8
167640,1.8
167700,1.8
167760,2.0
167820,1.6
167880,2.0
167940,1.6
168000,1.4
168060,1.8
168120,2.6
168180,1.0
168240,1.4
168300,2.2
168360,1.6
168420,2.4
168480,1.6
168540,1.4
168600,2.2
168660,1.8
168720,2.0
168780,2.0
168840,1.0
168900,1.6
168960,1.4
169020,1.8
169080,2.0
169140,1.0
169200,1.8
169260,1.4
169320,1.6
169380,3.6
169440,2.8
169500,1.0
169560,0.8
169620,0.6
169680,2.4
169740,1.6
169800,2.0
169860,2.0
169920,1.2
169980,1.0
170040,1.6
170100,1.8
170160,1.6
170220,2.6
170280,1.4
170340,2.0
170400,2.2
170460,2.4
170520,2.2
170580,1.2
170640,1.8
170700,1.0
170760,2.4
170820,2.6
170880,2.0
170940,2.2
171000,2.0
171060,2.0
171120,2.4
171180,1.2
171240,1.2
171300,1.4
171360,1.0
171420,2.4
171480,1.0
171540,1.0
171600,1.6
171660,1.4
171720,2.0
171780,1.4
171840,1.8
171900,2.6
171960,1.4
172020,2.2
172080,1.6
172140,2.0
172200,1.2
172260,1.2
172320,1.2
172380,1.4
172440,3.4
172500,1.4
172560,1.0
172620,2.2
172680,2.4
172740,1.8
172800,1.2
172860,0.6
172920,1.0
172980,1.6
173040,1.6
173100,1.0
173160,2.6
173220,2.4
173280,1.4
173340,1.6
173400,1.0
173460,1.6
173520,1.2
173580,1.8
173640,2.6
173700,2.0
173760,2.2
173820,2.4
173880,1.8
173940,2.2
174000,1.8
174060,2.6
174120,2.0
174180,2.8
174240,2.4
174300,1.2
174360,1.2
174420,1.4
174480,1.8
174540,1.8
174600,2.8
174660,1.6
174720,1.4
174780,1.2
174840,1.4
174900,1.6
174960,2.6
175020,2.0
175080,1.2
175140,1.2
175200,1.0
175260,1.0
175320,1.0
175380,1.4
175440,1.2
175500,1.4
175560,2.0
175620,1.6
175680,1.6
175740,2.8
175800,2.0
175860,2.0
175920,2.4
175980,2.0
176040,1.8
176100,1.4
176160,1.8
176220,1.4
176280,1.0
176340,1.8
176400,2.6
176460,2.6
176520,2.4
176580,1.8
176640,1.8
176700,0.8
176760,1.2
176820,1.6
176880,1.2
176940,2.2
177000,1.6
177060,1.8
177120,1.2
177180,0.4
177240,1.4
177300,2.2
177360,2.6
177420,1.8
177480,2.6
177540,2.2
177600,1.8
177660,2.4
177720,1.8
177780,1.4
177840,1.0
177900,2.0
177960,2.0
178020,1.8
178080,1.6
178140,1.8
178200,1.8
178260,1.4
178320,1.4
178380,1.6
178440,2.2
178500,1.4
178560,1.0
178620,1.4
178680,2.6
178740,1.0
178800,2.2
178860,1.6
178920,0.6
178980,1.4
179040,1.6
179100,1.0
179160,1.4
179220,2.6
179280,2.2
179340,1.2
179400,2.0
179460,1.6
179520,1.4
179580,1.4
179640,0.8
179700,2.2
179760,1.8
179820,1.2
179880,1.4
179940,2.6
180000,1.2
180060,1.6
180120,1.8
180180,1.4
180240,1.6
180300,2.0
180360,1.2
180420,1.0
180480,2.6
180540,1.6
180600,1.6
180660,2.0
180720,2.0
180780,1.0
180840,1.0
180900,2.4
180960,1.8
181020,1.6
181080,0.8
181140,1.4
181200,2.6
181260,2.6
181320,1.4
181380,2.6
181440,2.6
181500,1.8
181560,1.8
181620,1.6
181680,1.2
181740,1.6
181800,2.2
181860,2.2
181920,1.8
181980,2.6
182040,1.8
182100,2.2
182160,2.4
182220,1.2
182280,2.0
182340,0.8
182400,2.4
182460,2.8
182520,1.0
182580,1.6
182640,2.0
182700,1.4
182760,1.6
182820,0.6
182880,1.8
182940,0.4
183000,2.2
183060,0.6
183120,1.8
183180,2.2
183240,1.6
183300,2.0
183360,2.0
183420,2.2
183480,1.8
183540,0.8
183600,2.4
183660,0.8
183720,2.2
183780,2.2
183840,1.4
183900,0.6
183960,2.0
184020,1.4
184080,2.4
184140,1.0
184200,1.4
184260,0.8
184320,2.2
184380,1.8
184440,1.0
184500,1.8
184560,1.2
184620,0.8
184680,1.8
184740,1.8
184800,1.8
184860,1.8
184920,1.8
184980,2.2
185040,2.6
185100,1.2
185160,1.4
185220,0.6
185280,0.8
185340,1.0
185400,0.4
185460,1.0
185520,1.8
185580,1.6
185640,2.6
185700,0.6
185760,2.0
185820,1.4
185880,1.4
185940,1.0
186000,2.6
186060,1.0
186120,0.6
186180,2.0
186240,3.0
186300,0.8
186360,1.2
186420,0.8
186480,1.6
186540,1.0
186600,1.4
186660,2.2
186720,1.6
186780,1.6
186840,1.0
186900,1.6
186960,1.8
187020,0.8
187080,2.2
187140,1.2
187200,1.0
187260,1.8
187320,1.4
187380,1.6
187440,1.8
187500,2.6
187560,1.4
187620,1.4
187680,0.6
187740,1.6
187800,1.8
187860,2.4
187920,1.2
187980,1.2
188040,1.2
188100,0.8
188160,0.8
188220,1.6
188280,1.0
188340,1.8
188400,1.0
188460,1.8
188520,1.6
188580,1.2
188640,1.2
188700,1.2
188760,1.6
188820,0.8
188880,1.4
188940,1.6
189000,0.8
189060,1.4
189120,1.2
189180,1.6
189240,2.0
189300,2.2
189360,3.0
189420,3.0
189480,1.2
189540,1.6
189600,0.6
189660,2.6
189720,2.6
189780,1.8
189840,1.6
189900,2.4
189960,2.2
190020,0.8
190080,1.6
190140,1.8
190200,1.8
190260,2.4
190320,1.6
190380,2.4
190440,1.8
190500,1.4
190560,2.0
190620,2.6
190680,1.0
190740,2.4
190800,1.6
190860,2.2
190920,2.2
190980,3.0
191040,1.8
191100,1.8
191160,2.0
191220,2.0
191280,2.2
191340,3.0
191400,1.4
191460,2.4
191520,2.6
191580,1.2
191640,2.4
191700,1.2
191760,1.6
191820,1.4
191880,2.4
191940,1.8
192000,3.4
192060,1.6
192120,2.0
192180,2.0
192240,0.8
192300,2.0
192360,1.4
192420,2.8
192480,2.0
192540,3.4
192600,1.6
192660,2.0
192720,2.4
192780,2.6
192840,2.4
192900,3.2
192960,1.0
193020,1.2
193080,1.4
193140,2.0
193200,1.6
193260,1.6
193320,1.2
193380,3.0
193440,2.2
193500,2.0
193560,1.8
193620,1.2
193680,1.0
193740,1.8
193800,1.8
193860,2.2
193920,0.8
193980,2.4
194040,1.2
194100,1.8
194160,1.6
194220,0.4
194280,1.8
194340,2.4
194400,1.4
194460,1.4
194520,1.4
194580,2.2
194640,2.4
194700,1.8
194760,1.6
194820,1.2
194880,3.0
194940,1.8
195000,1.4
195060,1.4
195120,2.6
195180,1.2
195240,1.2
195300,1.6
195360,1.2
195420,1.2
195480,1.8
195540,1.8
195600,1.8
195660,2.4
195720,2.0
195780,2.0
195840,1.8
195900,2.0
195960,1.6
196020,1.4
196080,3.6
196140,2.2
196200,2.4
196260,1.6
196320,2.4
196380,0.6
196440,2.0
196500,2.6
196560,1.8
196620,2.4
196680,0.8
196740,0.8
196800,2.4
196860,1.6
196920,1.4
196980,2.4
197040,1.8
197100,2.2
197160,1.8
197220,2.0
197280,1.6
197340,1.4
197400,1.8
197460,0.8
197520,2.0
197580,1.6
197640,1.0
197700,2.0
197760,1.0
197820,1.6
197880,1.4
197940,2.8
198000,2.2
198060,1.8
198120,1.4
198180,1.6
198240,1.0
198300,1.6
198360,2.4
198420,2.0
198480,1.2
198540,1.6
198600,1.6
198660,1.0
198720,2.6
198780,1.8
198840,2.6
198900,2.0
198960,1.4
199020,1.8
199080,1.8
199140,2.2
199200,1.4
199260,1.8
199320,1.6
199380,2.2
199440,1.0
199500,2.8
199560,0.6
199620,2.4
199680,1.4
199740,1.0
199800,1.8
199860,1.2
199920,2.0
199980,1.0
200040,1.0
200100,2.0
200160,1.6
200220,1.2
200280,1.0
200340,2.4
200400,1.4
200460,1.2
200520,1.0
200580,1.4
200640,2.0
200700,2.0
200760,1.2
200820,1.8
200880,2.0
200940,1.8
201000,1.8
201060,1.6
201120,1.8
201180,0.8
201240,1.2
201300,1.2
201360,2.8
201420,1.2
201480,1.6
201540,1.8
201600,2.0
201660,0.8
201720,2.0
201780,1.6
201840,1.8
201900,1.4
201960,2.4
202020,1.0
202080,1.0
202140,1.4
202200,2.2
202260,3.0
202320,2.8
202380,2.2
202440,1.2
202500,2.6
202560,2.0
202620,2.0
202680,3.0
202740,2.8
202800,3.0
202860,2.2
202920,3.0
202980,3.0
203040,2.2
203100,2.2
203160,1.8
203220,2.2
203280,1.8
203340,2.2
203400,1.6
203460,2.4
203520,2.0
203580,2.2
203640,2.6
203700,3.2
203760,1.6
203820,1.8
203880,2.2
203940,2.0
204000,2.2
204060,1.8
204120,3.4
204180,1.6
204240,2.2
204300,1.8
204360,2.4
204420,2.4
204480,1.8
204540,2.0
204600,3.4
204660,4.0
204720,2.0
204780,2.6
204840,2.4
204900,3.0
204960,2.0
205020,1.6
205080,2.2
205140,2.6
205200,2.2
205260,2.2
205320,2.6
205380,2.4
205440,2.8
205500,3.4
205560,1.8
205620,2.2
205680,2.2
205740,1.2
205800,2.8
205860,2.2
205920,2.4
205980,3.0
206040,4.0
206100,1.8
206160,1.8
206220,2.4
206280,2.6
206340,2.6
206400,2.8
206460,1.8
206520,1.4
206580,2.6
206640,3.4
206700,2.8
206760,2.8
206820,3.2
206880,2.6
206940,3.6
207000,2.8
207060,3.4
207120,3.6
207180,2.8
207240,1.6
207300,2.4
207360,2.8
207420,3.0
207480,2.0
207540,2.2
207600,2.8
207660,2.4
207720,3.0
207780,2.0
207840,3.6
207900,3.0
207960,3.2
208020,1.8
208080,2.6
208140,1.8
208200,2.4
208260,3.2
208320,3.0
208380,2.4
208440,3.6
208500,2.4
208560,2.8
208620,1.6
208680,3.6
208740,2.0
208800,2.8
208860,3.0
208920,2.0
208980,2.6
209040,3.0
209100,3.8
209160,2.6
209220,2.0
209280,3.2
209340,2.2
209400,2.6
209460,2.6
209520,2.6
209580,2.2
209640,2.0
209700,1.4
209760,2.8
209820,2.6
209880,3.2
209940,3.0
210000,3.0
210060,3.0
210120,2.4
210180,2.6
210240,3.2
210300,2.2
210360,1.8
210420,2.4
210480,2.4
210540,2.4
210600,2.6
210660,2.8
210720,2.0
210780,3.4
210840,2.6
210900,1.2
210960,3.0
211020,2.8
211080,1.6
211140,2.4
211200,1.8
211260,3.0
211320,1.8
211380,3.0
211440,2.0
211500,3.0
211560,2.0
211620,2.2
211680,1.8
211740,2.4
211800,2.2
211860,2.4
211920,2.8
211980,3.8
212040,2.2
212100,2.2
212160,3.2
212220,3.0
212280,2.6
212340,2.2
212400,1.6
212460,3.8
212520,1.8
212580,2.4
212640,2.6
212700,4.2
212760,2.0
212820,2.4
212880,2.6
212940,1.4
213000,2.2
213060,4.0
213120,3.2
213180,3.6
213240,2.2
213300,2.2
213360,3.4
213420,2.4
213480,2.6
213540,3.0
213600,4.0
213660,3.8
213720,2.6
213780,3.8
213840,2.6
213900,2.4
213960,3.4
214020,3.8
214080,3.6
214140,4.0
214200,3.2
214260,2.8
214320,3.0
214380,3.8
214440,2.6
214500,1.8
214560,3.4
214620,2.8
214680,2.6
214740,3.6
214800,4.4
214860,2.6
214920,4.2
214980,3.4
215040,3.6
215100,2.0
215160,3.8
215220,2.6
215280,3.4
215340,4.4
215400,2.8
215460,3.2
215520,3.4
215580,3.0
215640,2.6
215700,4.0
215760,2.8
215820,3.6
215880,2.8
215940,4.4
216000,3.6
216060,2.8
216120,2.8
216180,3.6
216240,3.8
216300,2.8
216360,4.2
216420,3.2
216480,3.2
216540,4.2
216600,4.0
216660,4.8
216720,5.0
216780,4.2
216840,4.0
216900,4.4
216960,3.6
217020,2.8
217080,2.8
217140,4.4
217200,3.8
217260,4.2
217320,4.4
217380,3.2
217440,5.0
217500,2.8
217560,2.4
217620,5.4
217680,3.2
217740,3.4
217800,4.6
217860,4.8
217920,4.2
217980,5.0
218040,5.4
218100,3.6
218160,4.2
218220,4.2
218280,5.0
218340,4.0
218400,5.4
218460,6.0
218520,3.2
218580,3.6
218640,3.2
218700,5.2
218760,3.2
218820,5.6
218880,2.8
218940,5.2
219000,4.8
219060,3.2
219120,4.2
219180,2.8
219240,4.2
219300,5.4
219360,4.6
219420,4.4
219480,5.0
219540,5.0
219600,4.8
219660,4.6
219720,4.2
219780,3.8
219840,4.6
219900,4.6
219960,4.4
220020,5.2
220080,4.4
220140,5.2
220200,5.0
220260,5.4
220320,4.6
220380,4.6
220440,4.6
220500,5.6
220560,5.0
220620,5.8
220680,5.6
220740,5.6
220800,7.4
220860,6.4
220920,6.8
220980,7.8
221040,5.6
221100,7.6
221160,6.8
221220,7.2
221280,6.4
221340,6.2
221400,8.0
221460,7.4
221520,6.4
221580,7.2
221640,7.2
221700,7.2
221760,6.0
221820,6.8
221880,6.8
221940,7.2
222000,6.4
222060,6.0
222120,6.4
222180,6.8
222240,6.0
222300,5.6
222360,4.6
222420,6.0
222480,5.6
222540,5.8
222600,7.2
222660,6.8
222720,6.2
222780,6.0
222840,6.6
222900,6.2
222960,6.6
223020,7.4
223080,6.6
223140,5.0
223200,5.0
223260,7.4
223320,5.8
223380,6.6
223440,6.2
223500,7.0
223560,9.4
223620,7.0
223680,7.6
223740,8.6
223800,8.2
223860,8.8
223920,10.6
223980,10.2
224040,12.0
224100,11.0
224160,12.6
224220,15.0
224280,13.4
224340,13.6
224400,14.8
224460,16.4
224520,16.4
224580,16.0
224640,16.4
224700,17.6
224760,16.4
224820,17.8
224880,17.8
224940,18.4
225000,19.6
225060,18.2
225120,18.8
225180,19.4
225240,20.0
225300,21.0
225360,21.2
225420,19.2
225480,19.4
225540,20.8
225600,18.0
225660,20.2
225720,20.2
225780,20.2
225840,21.0
225900,20.2
225960,21.8
226020,20.0
226080,21.4
226140,22.6
226200,22.8
226260,22.0
226320,24.2
226380,23.4
226440,24.2
226500,24.4
226560,25.2
226620,24.2
226680,24.0
226740,25.0
226800,25.2
226860,24.0
226920,23.2
226980,23.6
227040,25.2
227100,23.8
227160,24.8
227220,22.8
227280,25.2
227340,25.8
227400,23.2
227460,23.2
227520,24.0
227580,25.8
227640,24.4
227700,24.6
227760,23.8
227820,23.8
227880,23.4
227940,24.2
228000,25.2
228060,24.0
228120,25.0
228180,23.0
228240,23.0
228300,25.2
228360,24.6
228420,24.0
228480,23.8
228540,23.2
228600,23.4
228660,23.4
228720,23.2
228780,23.8
228840,23.8
228900,23.8
228960,22.8
229020,23.4
229080,23.4
229140,23.6
229200,23.6
229260,23.0
229320,23.4
229380,22.8
229440,22.6
229500,24.2
229560,25.0
229620,25.4
229680,24.4
229740,25.4
229800,25.2
229860,23.8
229920,23.6
229980,23.4
230040,22.8
230100,23.0
230160,24.2
230220,24.4
230280,24.2
230340,24.0
230400,24.2
230460,24.0
230520,23.4
230580,24.2
230640,24.6
230700,25.2
230760,23.0
230820,23.2
230880,24.2
230940,23.8
231000,24.8
231060,24.2
231120,26.2
231180,24.0
231240,23.8
231300,23.6
231360,23.2
231420,23.4
231480,22.8
231540,23.8
231600,24.8
231660,24.0
231720,23.8
231780,23.6
231840,23.0
231900,23.4
231960,23.6
232020,23.0
232080,21.8
232140,23.0
232200,24.0
232260,24.2
232320,23.2
232380,22.2
232440,22.2
232500,22.0
232560,24.2
232620,22.2
232680,22.6
232740,21.4
232800,20.6
232860,22.8
232920,21.0
232980,21.8
233040,22.4
233100,22.0
233160,21.4
233220,24.2
233280,22.8
233340,23.2
233400,23.4
233460,24.8
233520,24.2
233580,26.2
233640,25.0
233700,24.4
233760,23.4
233820,23.4
233880,25.2
233940,24.6
234000,24.2
234060,25.2
234120,25.2
234180,24.4
234240,23.8
234300,24.2
234360,23.8
234420,25.0
234480,24.0
234540,24.0
234600,23.6
234660,22.6
234720,22.8
234780,24.0
234840,24.6
234900,25.6
234960,24.4
235020,24.2
235080,25.4
235140,25.2
235200,23.4
235260,24.4
235320,24.4
235380,24.2
235440,24.0
235500,24.6
235560,24.8
235620,24.8
235680,25.4
235740,23.8
235800,25.2
235860,23.8
235920,24.2
235980,24.8
236040,25.2
236100,23.2
236160,23.0
236220,23.8
236280,25.4
236340,24.4
236400,25.8
236460,25.6
236520,24.6
236580,26.6
236640,25.0
236700,24.0
236760,23.8
236820,25.6
236880,24.4
236940,23.8
237000,23.0
237060,24.2
237120,25.2
237180,23.8
237240,25.4
237300,22.0
237360,24.8
237420,25.4
237480,24.4
237540,23.2
237600,25.0
237660,22.4
237720,25.2
237780,23.8
237840,24.8
237900,23.6
237960,25.0
238020,24.4
238080,23.4
238140,24.2
238200,24.0
238260,22.6
238320,24.0
238380,24.0
238440,25.2
238500,24.4
238560,25.2
238620,23.6
238680,25.0
238740,24.0
238800,23.2
238860,24.6
238920,24.4
238980,25.4
239040,24.4
239100,24.0
239160,23.6
239220,23.2
239280,22.6
239340,23.8
239400,23.2
239460,23.8
239520,23.4
239580,26.0
239640,23.2
239700,23.8
239760,24.4
239820,25.8
239880,24.8
239940,24.0
240000,24.8
240060,24.8
240120,24.8
240180,24.2
240240,23.6
240300,24.8
240360,24.8
240420,24.0
240480,24.6
240540,24.8
240600,25.6
240660,24.6
240720,25.0
240780,24.6
240840,23.2
240900,25.2
240960,23.4
241020,25.6
241080,25.4
241140,25.6
241200,24.0
241260,22.8
241320,25.2
241380,23.6
241440,23.2
241500,24.0
241560,24.8
241620,24.2
241680,26.0
241740,25.8
241800,25.8
241860,24.6
241920,23.4
241980,24.4
242040,25.2
242100,24.8
242160,24.8
242220,23.6
242280,25.0
242340,24.8
242400,24.8
242460,25.2
242520,23.4
242580,25.6
242640,25.2
242700,24.6
242760,25.8
242820,24.6
242880,25.2
242940,24.6
243000,25.4
243060,25.0
243120,25.4
243180,26.0
243240,25.2
243300,24.8
243360,24.2
243420,25.0
243480,25.8
243540,22.4
243600,24.4
243660,23.8
243720,24.4
243780,23.4
243840,23.6
243900,25.4
243960,24.4
244020,24.8
244080,24.4
244140,24.6
244200,24.4
244260,24.0
244320,24.0
244380,25.4
244440,26.4
244500,25.0
244560,24.4
244620,23.6
244680,24.4
244740,24.6
244800,24.4
244860,25.4
244920,24.4
244980,25.4
245040,26.0
245100,25.2
245160,25.0
245220,23.8
245280,23.4
245340,23.6
245400,25.0
245460,24.4
245520,23.0
245580,23.4
245640,25.8
245700,23.8
245760,23.6
245820,24.4
245880,24.4
245940,24.6
246000,23.4
246060,24.6
246120,23.6
246180,23.4
246240,24.6
246300,22.8
246360,24.6
246420,23.6
246480,25.4
246540,24.4
246600,23.6
246660,24.0
246720,23.6
246780,24.2
246840,23.4
246900,25.4
246960,22.6
247020,23.2
247080,24.0
247140,24.8
247200,22.2
247260,25.0
247320,23.0
247380,22.6
247440,25.0
247500,23.2
247560,22.6
247620,25.0
247680,24.2
247740,23.6
247800,24.8
247860,24.4
247920,23.0
247980,23.4
248040,23.4
248100,24.4
248160,24.6
248220,23.2
248280,24.0
248340,24.6
248400,24.0
248460,24.8
248520,24.4
248580,23.2
248640,24.6
248700,24.2
248760,23.8
248820,23.8
248880,22.8
248940,25.0
249000,23.2
249060,25.0
249120,25.0
249180,23.0
249240,24.6
249300,25.4
249360,24.6
249420,24.0
249480,24.6
249540,24.4
249600,25.2
249660,24.2
249720,25.0
249780,23.4
249840,24.6
249900,24.8
249960,25.4
250020,24.4
250080,24.4
250140,24.6
250200,23.8
250260,24.4
250320,25.2
250380,24.6
250440,24.2
250500,23.8
250560,25.6
250620,23.6
250680,25.4
250740,25.6
250800,25.8
250860,25.6
250920,25.6
250980,23.6
251040,24.8
251100,25.2
251160,24.8
251220,25.0
251280,25.2
251340,24.2
251400,24.4
251460,25.4
251520,24.2
251580,25.2
251640,24.2
251700,24.0
251760,24.2
251820,24.8
251880,25.0
251940,23.6
252000,24.8
252060,26.0
252120,25.0
252180,24.4
252240,25.6
252300,24.0
252360,27.2
252420,25.0
252480,25.6
252540,24.4
252600,25.8
252660,25.2
252720,24.8
252780,24.2
252840,25.2
252900,24.6
252960,24.0
253020,25.0
253080,24.2
253140,24.0
253200,24.6
253260,24.8
253320,22.8
253380,23.6
253440,25.2
253500,25.0
253560,23.8
253620,23.0
253680,23.0
253740,23.6
253800,23.4
253860,26.0
253920,23.2
253980,23.2
254040,23.2
254100,22.6
254160,24.6
254220,24.8
254280,24.4
254340,25.4
254400,23.8
254460,24.6
254520,25.6
254580,23.8
254640,25.6
254700,24.4
254760,24.6
254820,25.4
254880,24.2
254940,25.0
255000,25.6
255060,23.0
255120,23.8
255180,25.0
255240,23.4
255300,25.2
255360,25.0
255420,25.4
255480,25.0
255540,24.8
255600,25.8
255660,25.6
255720,25.0
255780,25.0
255840,26.2
255900,25.4
255960,25.8
256020,24.0
256080,25.6
256140,24.2
256200,24.6
256260,23.4
256320,24.4
256380,25.8
256440,22.8
256500,24.8
256560,25.2
256620,25.2
256680,23.8
256740,24.4
256800,26.0
256860,24.8
256920,24.0
256980,25.2
257040,24.4
257100,25.2
257160,25.4
257220,25.8
257280,23.6
257340,25.8
257400,25.6
257460,24.4
257520,23.4
257580,24.8
257640,23.4
257700,24.6
257760,23.6
257820,24.0
257880,24.2
257940,23.0
258000,24.6
258060,25.2
258120,23.6
258180,26.8
258240,26.0
258300,24.8
258360,24.2
258420,24.8
258480,23.8
258540,25.0
258600,24.6
258660,23.4
258720,24.8
258780,25.2
258840,24.6
258900,26.6
258960,24.0
259020,24.0
259080,22.4
259140,23.0
259200,24.0
259260,23.6
259320,24.8
259380,25.4
259440,24.8
259500,24.4
259560,25.4
259620,23.8
259680,24.0
259740,24.0
259800,24.6
259860,24.6
259920,24.2
259980,25.4
260040,25.4
260100,25.0
260160,24.0
260220,24.6
260280,25.2
260340,23.0
260400,24.6
260460,26.0
260520,24.8
260580,23.6
260640,23.4
260700,25.2
260760,24.4
260820,23.8
260880,24.8
260940,24.2
261000,24.2
261060,24.2
261120,23.6
261180,25.0
261240,24.4
261300,25.0
261360,22.8
261420,23.6
261480,24.4
261540,24.8
261600,24.8
261660,24.6
261720,23.6
261780,24.2
261840,24.8
261900,24.2
261960,24.6
262020,24.0
262080,24.2
262140,24.6
262200,23.8
262260,25.0
262320,24.8
262380,25.8
262440,24.2
262500,24.2
262560,25.0
262620,25.0
262680,24.6
262740,24.2
262800,24.0
262860,25.0
262920,24.6
262980,24.4
263040,25.0
263100,24.2
263160,24.6
263220,25.6
263280,23.8
263340,23.4
263400,25.8
263460,25.6
263520,24.6
263580,25.4
263640,25.0
263700,25.2
263760,25.6
263820,23.0
263880,25.8
263940,25.0
264000,24.6
264060,25.6
264120,24.8
264180,25.8
264240,24.0
264300,24.6
264360,25.8
264420,23.8
264480,25.4
264540,24.0
264600,24.4
264660,25.0
264720,25.6
264780,24.6
264840,24.6
264900,24.6
264960,24.4
265020,25.6
265080,24.6
265140,24.6
265200,23.8
265260,25.6
265320,24.4
265380,24.4
265440,23.8
265500,25.6
265560,24.6
265620,25.6
265680,25.8
265740,25.4
265800,23.6
265860,23.8
265920,25.6
265980,23.4
266040,26.2
266100,25.0
266160,25.8
266220,25.6
266280,25.4
266340,25.2
266400,25.6
266460,24.2
266520,25.2
266580,26.4
266640,26.0
266700,25.6
266760,24.6
266820,25.6
266880,24.6
266940,25.2
267000,24.4
267060,26.4
267120,25.0
267180,25.4
267240,26.2
267300,25.6
267360,25.2
267420,26.6
267480,25.6
267540,24.2
267600,24.6
267660,25.0
267720,27.0
267780,25.2
267840,24.8
267900,25.6
267960,25.8
268020,25.2
268080,26.2
268140,25.4
268200,23.0
268260,24.4
268320,26.0
268380,24.6
268440,23.8
268500,26.6
268560,24.2
268620,25.4
268680,24.0
268740,25.4
268800,25.8
268860,25.2
268920,25.4
268980,25.2
269040,24.6
269100,24.8
269160,24.6
269220,25.6
269280,24.8
269340,24.4
269400,26.0
269460,25.8
269520,24.8
269580,25.0
269640,25.4
269700,25.8
269760,24.6
269820,25.8
269880,26.0
269940,24.6
270000,24.6
270060,25.6
270120,24.4
270180,24.0
270240,25.0
270300,24.0
270360,25.8
270420,24.8
270480,25.4
270540,25.0
270600,24.6
270660,25.8
270720,23.8
270780,25.6
270840,25.6
270900,25.2
270960,26.4
271020,25.8
271080,23.8
271140,25.0
271200,23.6
271260,26.4
271320,24.4
271380,23.2
271440,24.6
271500,24.8
271560,24.0
271620,23.4
271680,26.0
271740,25.6
271800,25.8
271860,24.2
271920,24.8
271980,25.2
272040,26.2
272100,25.2
272160,24.0
272220,24.4
272280,24.4
272340,24.8
272400,24.4
272460,24.8
272520,26.0
272580,23.2
272640,25.6
272700,24.8
272760,24.4
272820,25.4
272880,25.8
272940,23.6
273000,22.8
273060,26.2
273120,27.4
273180,24.6
273240,24.2
273300,23.8
273360,24.6
273420,25.2
273480,23.2
273540,23.2
273600,24.4
273660,23.8
273720,25.8
273780,24.0
273840,25.0
273900,24.8
273960,26.0
274020,23.6
274080,25.4
274140,25.8
274200,25.0
274260,25.2
274320,26.0
274380,24.8
274440,25.6
274500,23.8
274560,25.2
274620,24.2
274680,26.4
274740,25.4
274800,26.0
274860,24.8
274920,25.8
274980,25.2
275040,25.8
275100,25.8
275160,25.2
275220,25.8
275280,25.4
275340,24.2
275400,25.4
275460,26.0
275520,24.4
275580,24.2
275640,26.4
275700,25.2
275760,25.4
275820,23.6
275880,24.6
275940,24.8
276000,24.0
276060,24.4
276120,25.6
276180,24.4
276240,24.6
276300,24.8
276360,25.2
276420,25.2
276480,23.4
276540,25.8
276600,24.4
276660,24.2
276720,25.4
276780,25.0
276840,26.0
276900,24.6
276960,24.8
277020,25.2
277080,25.0
277140,26.4
277200,25.8
277260,24.0
277320,24.4
277380,25.8
277440,26.0
277500,23.8
277560,23.6
277620,24.0
277680,24.6
277740,24.0
277800,25.8
277860,25.2
277920,24.4
277980,24.0
278040,25.2
278100,25.2
278160,24.4
278220,24.8
278280,25.6
278340,24.6
278400,25.4
278460,24.6
278520,27.0
278580,25.4
278640,25.4
278700,25.2
278760,24.4
278820,27.0
278880,24.2
278940,24.4
279000,25.8
279060,23.8
279120,24.8
279180,26.0
279240,23.4
279300,25.4
279360,24.6
279420,25.0
279480,26.6
279540,24.4
279600,25.4
279660,26.4
279720,25.2
279780,25.6
279840,24.4
279900,24.6
279960,24.2
280020,24.2
280080,24.4
280140,23.2
280200,25.2
280260,26.2
280320,25.2
280380,25.4
280440,25.0
280500,25.2
280560,26.4
280620,25.2
280680,24.8
280740,25.4
280800,26.0
280860,26.0
280920,24.8
280980,24.2
281040,24.6
281100,25.0
281160,25.2
281220,24.0
281280,24.4
281340,25.0
281400,25.4
281460,26.8
281520,25.0
281580,24.4
281640,23.4
281700,23.8
281760,24.6
281820,25.0
281880,26.8
281940,24.6
282000,24.6
282060,25.8
282120,24.2
282180,24.8
282240,25.4
282300,24.8
282360,26.8
282420,25.8
282480,24.4
282540,25.2
282600,25.2
282660,25.0
282720,24.8
282780,25.6
282840,24.4
282900,25.6
282960,22.4
283020,25.0
283080,23.6
283140,25.8
283200,26.0
283260,24.4
283320,26.2
283380,24.8
283440,23.8
283500,26.0
283560,23.6
283620,24.8
283680,24.6
283740,25.0
283800,25.4
283860,25.2
283920,24.4
283980,24.0
284040,24.2
284100,26.2
284160,25.6
284220,25.0
284280,25.4
284340,25.2
284400,25.2
284460,24.0
284520,26.4
284580,25.2
284640,24.0
284700,24.6
284760,24.4
284820,24.2
284880,26.0
284940,25.4
285000,24.4
285060,24.6
285120,23.6
285180,23.8
285240,24.4
285300,24.2
285360,24.8
285420,24.0
285480,25.4
285540,26.2
285600,24.2
285660,25.0
285720,24.6
285780,24.0
285840,25.0
285900,25.2
285960,23.8
286020,25.0
286080,25.0
286140,25.0
286200,25.6
286260,23.6
286320,24.0
286380,24.2
286440,24.2
286500,25.6
286560,25.6
286620,24.4
286680,25.8
286740,25.4
286800,24.8
286860,23.6
286920,24.8
286980,24.6
287040,24.6
287100,23.8
287160,25.0
287220,25.0
287280,24.2
287340,24.2
287400,24.4
287460,24.2
287520,24.8
287580,23.2
287640,25.2
287700,26.4
287760,25.0
287820,25.0
287880,24.0
287940,25.6
288000,25.2
288060,24.6
288120,25.2
288180,25.4
288240,24.4
288300,24.0
288360,24.8
288420,23.2
288480,24.4
288540,24.6
288600,23.8
288660,23.8
288720,24.6
288780,23.4
288840,23.4
288900,24.2
288960,25.2
289020,24.8
289080,23.6
289140,25.4
289200,24.8
289260,22.0
289320,24.2
289380,25.0
289440,23.6
289500,25.4
289560,23.4
289620,23.0
289680,23.8
289740,24.2
289800,24.6
289860,24.6
289920,24.2
289980,22.4
290040,23.2
290100,24.8
290160,24.2
290220,25.6
290280,25.8
290340,25.8
290400,24.6
290460,24.0
290520,24.8
290580,24.0
290640,24.2
290700,24.4
290760,23.8
290820,25.6
290880,25.4
290940,25.0
291000,24.2
291060,25.4
291120,24.6
291180,24.6
291240,25.6
291300,24.4
291360,25.6
291420,24.2
291480,24.6
291540,23.0
291600,24.6
291660,24.8
291720,24.4
291780,23.0
291840,23.6
291900,24.8
291960,23.8
292020,23.8
292080,23.0
292140,23.6
292200,23.2
292260,24.2
292320,22.0
292380,23.8
292440,24.8
292500,23.4
292560,23.8
292620,24.2
292680,24.0
292740,24.8
292800,24.0
292860,23.0
292920,23.0
292980,23.6
293040,23.6
293100,23.8
293160,24.2
293220,23.6
293280,24.2
293340,24.8
293400,23.2
293460,24.4
293520,22.6
293580,22.0
293640,23.2
293700,24.2
293760,23.8
293820,23.4
293880,23.8
293940,25.4
294000,23.6
294060,25.2
294120,24.8
294180,23.0
294240,24.2
294300,24.8
294360,23.0
294420,23.4
294480,24.2
294540,23.8
294600,22.8
294660,24.0
294720,24.2
294780,24.2
294840,23.8
294900,24.6
294960,24.0
295020,22.8
295080,23.6
295140,25.6
295200,24.4
295260,23.4
295320,23.6
295380,24.6
295440,24.4
295500,23.8
295560,21.6
295620,25.2
295680,24.4
295740,24.4
295800,25.0
295860,23.8
295920,25.2
295980,24.8
296040,24.8
296100,23.8
296160,23.0
296220,24.6
296280,22.6
296340,24.0
296400,23.6
296460,25.0
296520,24.0
296580,24.4
296640,24.8
296700,24.4
296760,24.2
296820,23.0
296880,23.0
296940,22.6
297000,24.4
297060,24.0
297120,23.4
297180,23.2
297240,23.8
297300,24.2
297360,23.2
297420,23.4
297480,24.2
297540,23.0
297600,23.4
297660,22.0
297720,23.8
297780,23.8
297840,24.2
297900,24.2
297960,24.0
298020,23.0
298080,24.4
298140,23.4
298200,24.0
298260,24.6
298320,23.4
298380,24.0
298440,22.8
298500,23.4
298560,23.4
298620,22.8
298680,23.6
298740,23.4
298800,24.0
298860,24.4
298920,24.6
298980,24.2
299040,24.2
299100,24.6
299160,24.0
299220,25.4
299280,24.6
299340,23.8
299400,24.8
299460,25.2
299520,24.6
299580,25.2
299640,25.6
299700,23.8
299760,25.4
299820,23.6
299880,25.0
299940,23.2
300000,23.6
300060,24.2
300120,23.8
300180,26.2
300240,25.2
300300,25.0
300360,24.6
300420,24.4
300480,23.4
300540,23.0
300600,24.4
300660,24.8
300720,25.4
300780,24.4
300840,25.2
300900,25.4
300960,23.6
301020,24.8
301080,23.6
301140,23.6
301200,25.2
301260,24.4
301320,24.2
301380,24.8
301440,23.4
301500,25.2
301560,25.4
301620,23.6
301680,23.8
301740,25.8
301800,25.2
301860,24.8
301920,23.6
301980,24.4
302040,24.6
302100,25.2
302160,25.2
302220,23.6
302280,25.4
302340,25.4
302400,25.8
302460,26.8
302520,25.4
302580,25.0
302640,26.2
302700,24.6
302760,24.2
302820,23.8
302880,26.0
302940,24.2
303000,24.0
303060,24.0
303120,24.2
303180,25.2
303240,25.2
303300,24.4
303360,25.8
303420,24.2
303480,25.4
303540,24.8
303600,25.2
303660,25.2
303720,25.4
303780,24.8
303840,24.4
303900,25.4
303960,24.4
304020,24.8
304080,23.4
304140,25.0
304200,25.4
304260,24.0
304320,24.0
304380,24.2
304440,26.0
304500,23.6
304560,25.2
304620,26.0
304680,24.6
304740,25.0
304800,25.0
304860,25.0
304920,23.8
304980,23.4
305040,24.2
305100,24.8
305160,24.8
305220,25.4
305280,25.2
305340,24.2
305400,26.0
305460,23.8
305520,23.6
305580,24.2
305640,24.0
305700,25.8
305760,24.0
305820,23.2
305880,23.8
305940,23.6
306000,24.0
306060,24.4
306120,23.4
306180,24.8
306240,23.4
306300,22.6
306360,25.0
306420,23.0
306480,23.2
306540,23.4
306600,23.6
306660,23.6
306720,22.0
306780,23.6
306840,22.4
306900,24.0
306960,23.6
307020,25.0
307080,23.6
307140,22.8
307200,23.8
307260,22.8
307320,25.2
307380,23.4
307440,23.6
307500,25.4
307560,24.2
307620,25.4
307680,22.8
307740,24.4
307800,25.0
307860,22.4
307920,25.2
307980,24.8
308040,22.2
308100,23.2
308160,25.4
308220,23.6
308280,24.6
308340,24.6
308400,24.8
308460,23.6
308520,24.0
308580,26.6
308640,23.4
308700,25.2
308760,24.0
308820,25.2
308880,25.0
308940,23.8
309000,26.4
309060,25.2
309120,23.6
309180,23.8
309240,22.6
309300,24.4
309360,23.4
309420,25.2
309480,24.2
309540,23.8
309600,25.0
309660,24.4
309720,25.0
309780,23.6
309840,24.2
309900,24.8
309960,24.2
310020,24.6
310080,23.8
310140,24.6
310200,22.8
310260,25.2
310320,25.2
310380,25.8
310440,24.4
310500,25.4
310560,24.8
310620,25.0
310680,25.0
310740,26.4
310800,25.2
310860,25.0
310920,24.6
310980,24.6
311040,25.0
311100,24.0
311160,24.4
311220,25.4
311280,26.4
311340,24.0
311400,24.8
311460,25.8
311520,25.2
311580,24.0
311640,26.6
311700,24.8
311760,23.8
311820,25.0
311880,24.8
311940,25.6
312000,26.0
312060,24.2
312120,25.4
312180,24.6
312240,24.4
312300,25.4
312360,23.0
312420,24.6
312480,24.2
312540,24.6
312600,25.4
312660,25.8
312720,25.0
312780,24.8
312840,25.2
312900,24.0
312960,24.4
313020,24.2
313080,23.4
313140,25.0
313200,24.4
313260,23.8
313320,26.6
313380,22.6
313440,26.2
313500,24.2
313560,26.4
313620,24.8
313680,23.8
313740,24.4
313800,23.6
313860,23.6
313920,23.6
313980,24.8
314040,25.4
314100,24.2
314160,25.2
314220,24.8
314280,24.6
314340,24.6
314400,25.4
314460,25.2
314520,24.0
314580,24.0
314640,24.4
314700,24.8
314760,25.6
314820,23.8
314880,24.4
314940,25.0
315000,24.4
315060,24.4
315120,23.6
315180,25.2
315240,25.8
315300,24.8
315360,24.0
315420,24.8
315480,24.4
315540,25.6
315600,25.8
315660,26.0
315720,23.4
315780,24.6
315840,23.4
315900,25.2
315960,24.6
316020,26.4
316080,23.6
316140,24.2
316200,24.6
316260,25.2
316320,25.4
316380,22.6
316440,24.6
316500,25.0
316560,24.8
316620,25.0
316680,25.2
316740,24.6
316800,24.6
316860,23.0
316920,24.0
316980,25.6
317040,25.8
317100,24.0
317160,22.8
317220,25.0
317280,23.8
317340,24.0
317400,23.4
317460,25.0
317520,25.2
317580,24.6
317640,24.2
317700,23.8
317760,25.0
317820,22.6
317880,26.0
317940,23.0
318000,22.8
318060,22.2
318120,23.2
318180,23.8
318240,24.8
318300,25.4
318360,23.2
318420,24.0
318480,23.8
318540,24.4
318600,22.8
318660,23.8
318720,24.0
318780,23.8
318840,25.2
318900,22.6
318960,24.2
319020,25.2
319080,23.8
319140,24.4
319200,25.2
319260,24.0
319320,23.6
319380,23.8
319440,25.8
319500,23.2
319560,24.4
319620,24.4
319680,26.0
319740,23.4
319800,24.0
319860,23.0
319920,24.6
319980,24.6
320040,23.8
320100,23.8
320160,25.2
320220,23.8
320280,24.0
320340,24.6
320400,24.6
320460,24.0
320520,24.2
320580,24.6
320640,23.8
320700,24.4
320760,23.4
320820,24.6
320880,25.6
320940,25.2
321000,23.2
321060,23.8
321120,24.8
321180,24.2
321240,25.4
321300,23.4
321360,23.0
321420,23.0
321480,23.8
321540,23.2
321600,23.2
321660,22.0
321720,21.8
321780,24.2
321840,23.2
321900,21.4
321960,21.2
322020,23.2
322080,22.2
322140,22.6
322200,22.8
322260,22.8
322320,23.0
322380,23.2
322440,22.6
322500,22.0
322560,22.8
322620,21.8
322680,22.6
322740,22.0
322800,23.0
322860,22.6
322920,21.6
322980,22.4
323040,23.4
323100,24.4
323160,22.8
323220,23.0
323280,22.6
323340,23.4
323400,23.2
323460,24.0
323520,23.0
323580,21.6
323640,22.4
323700,24.0
323760,22.6
323820,24.8
323880,23.6
323940,23.6
324000,23.4
324060,23.6
324120,22.8
324180,24.4
324240,24.2
324300,24.4
324360,24.6
324420,23.8
324480,24.8
324540,24.2
324600,24.4
324660,23.6
324720,24.8
324780,23.0
324840,23.8
324900,23.4
324960,22.6
325020,24.2
325080,24.6
325140,23.2
325200,22.4
325260,23.4
325320,23.2
325380,24.0
325440,24.6
325500,24.6
325560,25.2
325620,24.6
325680,24.4
325740,22.8
325800,25.2
325860,23.6
325920,24.4
325980,22.8
326040,24.0
326100,25.6
326160,24.2
326220,25.0
326280,24.4
326340,25.8
326400,23.6
326460,24.6
326520,25.8
326580,23.4
326640,25.6
326700,25.0
326760,24.2
326820,24.0
326880,25.0
326940,25.2
327000,24.4
327060,23.6
327120,24.4
327180,24.4
327240,24.4
327300,25.4
327360,24.8
327420,23.8
327480,25.8
327540,24.4
327600,24.6
327660,24.6
327720,25.0
327780,25.6
327840,23.6
327900,25.0
327960,24.0
328020,25.2
328080,24.4
328140,24.4
328200,23.6
328260,24.2
328320,26.4
328380,24.6
328440,24.0
328500,25.8
328560,23.6
328620,24.2
328680,23.8
328740,24.8
328800,23.4
328860,24.6
328920,27.0
328980,24.2
329040,26.6
329100,25.0
329160,25.6
329220,24.0
329280,25.6
329340,25.4
329400,24.2
329460,24.6
329520,23.8
329580,24.8
329640,25.4
329700,24.6
329760,25.0
329820,25.0
329880,25.0
329940,25.0
330000,24.8
330060,26.0
330120,24.6
330180,25.4
330240,25.2
330300,24.6
330360,25.4
330420,25.4
330480,24.4
330540,24.8
330600,24.6
330660,23.4
330720,24.0
330780,24.2
330840,23.6
330900,25.6
330960,25.2
331020,25.2
331080,25.0
331140,25.2
331200,23.6
331260,24.0
331320,24.4
331380,24.4
331440,25.6
331500,24.6
331560,24.2
331620,23.6
331680,26.2
331740,23.2
331800,24.6
331860,26.6
331920,24.8
331980,23.6
332040,24.8
332100,24.2
332160,24.2
332220,24.2
332280,24.8
332340,24.4
332400,25.2
332460,25.8
332520,26.0
332580,23.8
332640,23.4
332700,24.2
332760,24.0
332820,24.0
332880,22.8
332940,24.2
333000,24.0
333060,25.2
333120,24.0
333180,23.2
333240,26.0
333300,23.8
333360,26.0
333420,23.6
333480,23.6
333540,24.2
333600,25.6
333660,24.8
333720,25.0
333780,23.4
333840,24.6
333900,24.6
333960,24.0
334020,25.4
334080,22.8
334140,22.4
334200,24.4
334260,24.0
334320,24.2
334380,24.0
334440,25.6
334500,25.4
334560,24.4
334620,22.4
334680,24.4
334740,24.2
334800,23.0
334860,24.4
334920,24.0
334980,23.2
335040,23.6
335100,23.8
335160,23.8
335220,24.0
335280,23.4
335340,23.8
335400,22.4
335460,24.4
335520,23.4
335580,22.0
335640,23.6
335700,25.0
335760,25.8
335820,23.8
335880,24.2
335940,23.8
336000,24.4
336060,23.0
336120,24.6
336180,24.4
336240,24.4
336300,24.4
336360,24.0
336420,25.4
336480,23.2
336540,23.8
336600,23.2
336660,22.4
336720,22.2
336780,24.2
336840,24.2
336900,23.8
336960,23.8
337020,25.2
337080,24.2
337140,25.8
337200,23.2
337260,23.6
337320,23.2
337380,24.8
337440,24.2
337500,23.8
337560,23.2
337620,22.8
337680,23.0
337740,21.2
337800,24.6
337860,23.0
337920,23.2
337980,23.2
338040,22.2
338100,23.6
338160,23.2
338220,24.2
338280,23.6
338340,24.2
338400,23.0
338460,24.0
338520,22.8
338580,23.0
338640,23.0
338700,24.6
338760,22.2
338820,21.4
338880,24.2
338940,23.2
339000,23.0
339060,23.0
339120,22.4
339180,22.6
339240,23.4
339300,21.2
339360,22.2
339420,23.2
339480,23.6
339540,21.6
339600,23.6
339660,22.8
339720,22.8
339780,23.4
339840,23.4
339900,22.0
339960,23.8
340020,23.2
340080,22.8
340140,22.4
340200,23.0
340260,22.0
340320,23.8
340380,22.6
340440,22.4
340500,22.8
340560,23.8
340620,23.2
340680,24.6
340740,23.6
340800,25.6
340860,23.2
340920,23.6
340980,23.8
341040,24.2
341100,24.2
341160,25.0
341220,23.8
341280,24.2
341340,22.4
341400,24.8
341460,23.6
341520,24.4
341580,23.6
341640,22.6
341700,23.6
341760,24.2
341820,22.8
341880,24.2
341940,22.6
342000,22.6
342060,23.2
342120,23.2
342180,23.2
342240,22.8
342300,21.8
342360,23.6
342420,24.2
342480,23.2
342540,23.0
342600,23.8
342660,23.4
342720,23.4
342780,25.2
342840,23.4
342900,24.4
342960,24.2
343020,24.2
343080,24.2
343140,24.4
343200,24.6
343260,24.0
343320,25.2
343380,24.6
343440,23.6
343500,25.0
343560,23.8
343620,24.0
343680,23.6
343740,23.0
343800,23.2
343860,24.4
343920,25.0
343980,25.2
344040,22.8
344100,25.4
344160,23.8
344220,24.2
344280,23.4
344340,25.4
344400,24.6
344460,24.8
344520,24.4
344580,25.4
344640,24.4
344700,24.4
344760,25.4
344820,24.6
344880,25.4
344940,24.8
345000,25.0
345060,24.0
345120,25.6
345180,26.2
345240,24.8
345300,25.2
345360,24.4
345420,25.6
345480,25.2
345540,25.2
345600,24.6
345660,26.6
345720,24.8
345780,25.2
345840,25.0
345900,25.2
345960,24.0
346020,25.2
346080,25.2
346140,25.0
346200,24.8
346260,24.4
346320,26.2
346380,24.6
346440,23.6
346500,23.0
346560,25.0
346620,24.4
346680,24.2
346740,24.4
346800,24.2
346860,23.8
346920,26.0
346980,25.2
347040,25.0
347100,25.2
347160,24.4
347220,24.4
347280,25.8
347340,24.0
347400,25.4
347460,25.4
347520,25.0
347580,25.4
347640,25.0
347700,24.8
347760,27.8
347820,23.8
347880,24.6
347940,24.8
348000,24.8
348060,25.0
348120,26.0
348180,26.0
348240,24.6
348300,25.6
348360,24.6
348420,24.8
348480,24.6
348540,26.8
348600,24.8
348660,23.6
348720,23.6
348780,24.2
348840,25.4
348900,23.8
348960,24.2
349020,24.8
349080,24.0
349140,23.8
349200,25.2
349260,26.2
349320,24.8
349380,25.0
349440,24.8
349500,24.0
349560,24.6
349620,24.2
349680,23.4
349740,24.4
349800,22.2
349860,24.8
349920,25.2
349980,24.0
350040,23.4
350100,24.0
350160,24.2
350220,24.8
350280,25.4
350340,24.4
350400,24.0
350460,24.6
350520,24.8
350580,25.8
350640,24.6
350700,24.6
350760,23.6
350820,26.4
350880,25.8
350940,25.0
351000,24.0
351060,24.0
351120,24.6
351180,23.6
351240,25.0
351300,23.4
351360,24.4
351420,25.6
351480,25.4
351540,25.4
351600,24.4
351660,23.8
351720,24.0
351780,23.4
351840,24.8
351900,24.8
351960,23.8
352020,25.6
352080,23.8
352140,23.8
352200,24.2
352260,25.2
352320,23.4
352380,24.8
352440,24.2
352500,24.6
352560,23.0
352620,25.6
352680,24.6
352740,24.2
352800,25.0
352860,24.2
352920,25.0
352980,24.0
353040,23.8
353100,22.8
353160,23.8
353220,24.6
353280,24.2
353340,22.8
353400,22.4
353460,23.0
353520,23.8
353580,25.6
353640,23.4
353700,24.6
353760,24.0
353820,22.6
353880,23.2
353940,24.6
354000,21.8
354060,23.4
354120,24.2
354180,24.2
354240,24.4
354300,26.0
354360,24.2
354420,22.0
354480,23.4
354540,24.0
354600,25.6
354660,24.4
354720,23.8
354780,23.6
354840,24.6
354900,25.0
354960,23.6
355020,23.0
355080,24.2
355140,23.4
355200,25.6
355260,24.8
355320,25.8
355380,26.2
355440,23.6
355500,25.8
355560,24.0
355620,24.2
355680,24.4
355740,25.0
355800,24.2
355860,23.0
355920,24.4
355980,24.8
356040,25.4
356100,26.2
356160,25.6
356220,25.0
356280,27.2
356340,24.4
356400,23.4
356460,24.2
356520,24.2
356580,24.8
356640,23.2
356700,23.2
356760,25.2
356820,24.4
356880,24.6
356940,25.8
357000,24.2
357060,24.0
357120,22.8
357180,23.8
357240,24.4
357300,24.2
357360,26.8
357420,24.8
357480,24.2
357540,25.6
357600,25.8
357660,23.8
357720,24.2
357780,24.0
357840,24.4
357900,24.6
357960,25.4
358020,23.6
358080,24.4
358140,22.2
358200,24.8
358260,23.8
358320,24.0
358380,23.2
358440,24.8
358500,24.8
358560,24.0
358620,25.6
358680,24.2
358740,23.8
358800,24.0
358860,23.2
358920,22.0
358980,23.6
359040,24.6
359100,25.2
359160,24.6
359220,24.2
359280,24.0
359340,25.2
359400,24.8
359460,23.4
359520,25.0
359580,25.4
359640,25.8
359700,23.4
359760,25.8
359820,24.4
359880,23.6
359940,24.0
360000,25.8
360060,26.4
360120,24.6
360180,24.8
360240,24.4
360300,24.6
360360,21.2
360420,23.6
360480,23.4
360540,24.0
360600,24.2
360660,24.6
360720,23.4
360780,23.4
360840,22.6
360900,22.6
360960,22.4
361020,23.2
361080,23.2
361140,24.0
361200,23.8
361260,22.6
361320,23.4
361380,24.2
361440,25.0
361500,23.0
361560,23.4
361620,22.8
361680,24.8
361740,23.2
361800,23.0
361860,23.8
361920,23.6
361980,23.2
362040,23.6
362100,23.0
362160,23.0
362220,23.6
362280,25.4
362340,23.4
362400,24.6
362460,23.6
362520,23.6
362580,25.2
362640,24.2
362700,22.8
362760,24.8
362820,23.2
362880,25.0
362940,24.6
363000,23.2
363060,24.4
363120,23.8
363180,23.2
363240,24.4
363300,24.8
363360,24.6
363420,23.8
363480,23.6
363540,24.2
363600,23.8
363660,22.4
363720,24.0
363780,23.4
363840,25.6
363900,24.0
363960,23.6
364020,25.4
364080,23.6
364140,23.4
364200,24.2
364260,23.8
364320,24.2
364380,22.8
364440,23.2
364500,24.0
364560,23.2
364620,23.2
364680,23.2
364740,23.2
364800,24.8
364860,24.6
364920,23.6
364980,22.2
365040,25.6
365100,25.0
365160,23.8
365220,23.6
365280,24.6
365340,22.6
365400,24.4
365460,23.2
365520,22.6
365580,22.2
365640,23.8
365700,22.8
365760,23.4
365820,23.4
365880,23.0
365940,22.4
366000,23.4
366060,22.4
366120,21.0
366180,22.0
366240,23.2
366300,23.0
366360,22.4
366420,23.6
366480,22.6
366540,22.8
366600,21.4
366660,23.4
366720,22.2
366780,23.2
366840,22.8
366900,21.8
366960,22.8
367020,22.0
367080,23.2
367140,21.8
367200,23.8
367260,22.8
367320,24.2
367380,22.6
367440,22.8
367500,21.8
367560,23.4
367620,23.8
367680,23.0
367740,23.0
367800,21.8
367860,24.2
367920,24.2
367980,25.2
368040,25.6
368100,24.8
368160,23.2
368220,23.0
368280,23.6
368340,24.4
368400,23.8
368460,24.4
368520,23.0
368580,22.2
368640,23.6
368700,22.4
368760,23.4
368820,23.4
368880,22.8
368940,23.2
369000,22.4
369060,23.6
369120,22.8
369180,23.0
369240,23.0
369300,22.4
369360,24.2
369420,23.4
369480,23.2
369540,22.0
369600,23.4
369660,23.4
369720,22.8
369780,22.0
369840,21.8
369900,21.2
369960,21.6
370020,22.0
370080,22.2
370140,22.4
370200,21.2
370260,22.4
370320,22.4
370380,22.0
370440,23.6
370500,21.2
370560,22.0
370620,22.4
370680,22.0
370740,21.2
370800,22.2
370860,22.2
370920,23.0
370980,22.2
371040,23.2
371100,22.2
371160,21.2
371220,23.0
371280,21.2
371340,24.4
371400,22.4
371460,23.0
371520,23.4
371580,23.8
371640,22.6
371700,23.8
371760,22.8
371820,23.6
371880,24.6
371940,22.6
372000,23.4
372060,24.0
372120,24.8
372180,23.2
372240,24.8
372300,24.2
372360,23.8
372420,24.0
372480,24.6
372540,24.2
372600,23.0
372660,25.0
372720,22.4
372780,24.2
372840,24.0
372900,24.6
372960,23.6
373020,24.8
373080,23.4
373140,25.4
373200,26.0
373260,22.6
373320,23.6
373380,25.8
373440,24.0
373500,24.2
373560,23.8
373620,23.8
373680,23.4
373740,23.8
373800,22.6
373860,23.6
373920,22.8
373980,23.8
374040,24.4
374100,22.8
374160,24.0
374220,22.6
374280,24.2
374340,22.8
374400,22.2
374460,22.6
374520,23.0
374580,23.8
374640,22.8
374700,21.0
374760,22.0
374820,24.4
374880,22.6
374940,22.4
375000,23.2
375060,23.6
375120,24.0
375180,24.2
375240,24.2
375300,26.2
375360,24.6
375420,23.4
375480,25.6
375540,24.2
375600,24.6
375660,23.8
375720,24.6
375780,24.0
375840,24.0
375900,24.6
375960,23.0
376020,22.6
376080,24.4
376140,24.8
376200,25.0
376260,24.0
376320,24.4
376380,25.6
376440,25.2
376500,24.0
376560,25.8
376620,24.0
376680,25.6
376740,23.6
376800,23.8
376860,25.6
376920,24.0
376980,24.2
377040,25.4
377100,24.0
377160,24.0
377220,24.0
377280,24.4
377340,23.8
377400,24.2
377460,25.6
377520,23.2
377580,24.4
377640,23.8
377700,24.4
377760,24.4
377820,23.8
377880,23.6
377940,22.8
378000,24.2
378060,22.4
378120,24.4
378180,24.0
378240,22.6
378300,24.2
378360,23.2
378420,22.6
378480,24.6
378540,22.6
378600,22.6
378660,22.2
378720,23.0
378780,23.8
378840,24.6
378900,22.4
378960,22.6
379020,22.8
379080,22.8
379140,22.2
379200,23.2
379260,23.6
379320,22.6
379380,22.2
379440,22.6
379500,23.4
379560,22.2
379620,21.0
379680,23.4
379740,23.2
379800,24.0
379860,23.2
379920,23.4
379980,24.4
380040,23.8
380100,25.6
380160,24.4
380220,24.2
380280,23.6
380340,24.8
380400,25.4
380460,24.0
380520,24.8
380580,24.4
380640,24.4
380700,24.2
380760,25.4
380820,25.4
380880,23.6
380940,26.2
381000,25.2
381060,25.0
381120,25.0
381180,23.0
381240,24.0
381300,22.8
381360,22.4
381420,24.2
381480,24.2
381540,23.6
381600,23.2
381660,24.0
381720,24.2
381780,24.2
381840,22.8
381900,24.6
381960,25.2
382020,24.2
382080,25.2
382140,23.8
382200,24.6
382260,24.6
382320,24.2
382380,25.4
382440,24.4
382500,24.4
382560,23.2
382620,22.6
382680,23.2
382740,25.0
382800,24.0
382860,25.8
382920,23.2
382980,25.2
383040,22.4
383100,25.0
383160,24.2
383220,25.0
383280,24.4
383340,23.6
383400,24.2
383460,25.2
383520,24.2
383580,24.6
383640,24.4
383700,23.6
383760,24.8
383820,24.8
383880,24.8
383940,25.0
384000,24.2
384060,24.4
384120,24.2
384180,25.6
384240,24.6
384300,23.8
384360,25.6
384420,26.6
384480,24.6
384540,25.8
384600,25.0
384660,24.8
384720,24.0
384780,24.2
384840,25.2
384900,25.2
384960,24.0
385020,23.8
385080,24.8
385140,25.8
385200,26.8
385260,23.8
385320,24.8
385380,24.4
385440,23.0
385500,23.2
385560,24.6
385620,24.0
385680,25.0
385740,24.0
385800,24.6
385860,25.6
385920,25.0
385980,25.2
386040,24.8
386100,25.8
386160,24.2
386220,24.6
386280,23.4
386340,24.2
386400,25.2
386460,26.8
386520,25.2
386580,24.8
386640,23.8
386700,24.2
386760,25.4
386820,24.8
386880,25.2
386940,22.8
387000,25.0
387060,23.6
387120,25.6
387180,24.4
387240,24.0
387300,23.2
387360,23.4
387420,23.6
387480,23.8
387540,24.4
387600,25.0
387660,24.6
387720,23.8
387780,24.0
387840,24.2
387900,24.4
387960,24.0
388020,24.8
388080,23.0
388140,24.4
388200,24.8
388260,22.8
388320,25.0
388380,24.2
388440,23.6
388500,24.0
388560,24.4
388620,23.6
388680,24.2
388740,23.8
388800,24.2
388860,24.6
388920,23.8
388980,23.6
389040,24.0
389100,23.6
389160,22.6
389220,23.6
389280,23.8
389340,24.8
389400,23.8
389460,22.6
389520,23.2
389580,24.2
389640,24.0
389700,24.4
389760,24.4
389820,24.2
389880,24.4
389940,24.4
390000,23.2
390060,23.0
390120,23.6
390180,22.8
390240,23.4
390300,22.8
390360,23.2
390420,24.6
390480,23.4
390540,22.4
390600,22.4
390660,22.6
390720,22.6
390780,22.8
390840,22.0
390900,23.4
390960,23.6
391020,22.6
391080,22.6
391140,23.6
391200,22.8
391260,23.6
391320,23.0
391380,23.4
391440,22.4
391500,23.2
391560,24.0
391620,23.6
391680,24.2
391740,23.0
391800,23.2
391860,22.4
391920,22.8
391980,25.0
392040,23.0
392100,23.6
392160,23.0
392220,23.8
392280,23.8
392340,23.2
392400,23.8
392460,24.4
392520,23.2
392580,23.6
392640,23.4
392700,22.4
392760,23.8
392820,22.4
392880,25.0
392940,24.6
393000,24.0
393060,24.8
393120,23.6
393180,24.2
393240,24.8
393300,23.6
393360,24.4
393420,23.8
393480,24.6
393540,23.8
393600,25.8
393660,23.8
393720,23.4
393780,22.8
393840,23.4
393900,23.8
393960,24.6
394020,24.2
394080,25.0
394140,23.6
394200,23.6
394260,22.8
394320,24.6
394380,24.8
394440,24.4
394500,23.2
394560,23.2
394620,24.0
394680,22.4
394740,23.6
394800,23.2
394860,22.8
394920,21.6
394980,23.2
395040,23.2
395100,24.2
395160,24.6
395220,23.4
395280,23.6
395340,24.8
395400,24.8
395460,22.8
395520,23.6
395580,23.6
395640,23.0
395700,23.2
395760,23.6
395820,24.0
395880,23.6
395940,25.6
396000,24.0
396060,23.8
396120,22.8
396180,25.2
396240,24.2
396300,23.0
396360,23.2
396420,24.0
396480,24.0
396540,23.4
396600,23.4
396660,24.0
396720,25.0
396780,24.4
396840,23.2
396900,22.6
396960,24.6
397020,24.8
397080,23.8
397140,23.4
397200,23.6
397260,23.6
397320,24.6
397380,25.0
397440,25.2
397500,24.8
397560,26.8
397620,25.8
397680,25.6
397740,24.0
397800,25.8
397860,24.8
397920,24.0
397980,23.8
398040,25.2
398100,24.2
398160,26.4
398220,25.0
398280,25.6
398340,25.6
398400,24.2
398460,24.8
398520,26.0
398580,24.4
398640,24.0
398700,26.6
398760,24.2
398820,24.8
398880,23.6
398940,23.2
399000,24.6
399060,24.0
399120,24.8
399180,25.4
399240,25.2
399300,24.6
399360,25.8
399420,25.2
399480,25.6
399540,25.8
399600,24.6
399660,25.2
399720,23.8
399780,25.2
399840,25.6
399900,25.2
399960,25.8
400020,23.8
400080,24.6
400140,25.4
400200,25.2
400260,25.6
400320,26.2
400380,24.6
400440,25.2
400500,24.2
400560,25.8
400620,24.6
400680,24.8
400740,24.8
400800,26.4
400860,25.2
400920,23.6
400980,24.4
401040,25.8
401100,25.8
401160,24.8
401220,26.0
401280,25.6
401340,24.4
401400,25.8
401460,25.4
401520,25.4
401580,24.6
401640,24.0
401700,25.6
401760,23.8
401820,24.2
401880,25.0
401940,24.6
402000,25.4
402060,24.4
402120,24.8
402180,26.2
402240,23.6
402300,25.8
402360,26.2
402420,25.0
402480,24.0
402540,23.8
402600,24.2
402660,26.2
402720,25.4
402780,24.6
402840,23.4
402900,25.2
402960,27.0
403020,24.4
403080,24.0
403140,26.0
403200,24.4
403260,23.8
403320,24.0
403380,26.8
403440,23.8
403500,26.4
403560,25.0
403620,27.2
403680,24.8
403740,24.6
403800,25.8
403860,24.0
403920,24.0
403980,25.6
404040,26.4
404100,22.4
404160,26.6
404220,26.8
404280,25.4
404340,25.8
404400,25.6
404460,24.4
404520,24.2
404580,26.4
404640,25.2
404700,24.8
404760,26.8
404820,26.4
404880,25.2
404940,24.2
405000,25.0
405060,24.4
405120,24.8
405180,24.8
405240,24.8
405300,27.0
405360,24.2
405420,24.2
405480,25.2
405540,24.8
405600,24.8
405660,24.2
405720,25.0
405780,23.8
405840,25.2
405900,23.8
405960,24.8
406020,25.4
406080,23.8
406140,24.6
406200,25.0
406260,24.6
406320,24.6
406380,24.2
406440,26.4
406500,27.4
406560,25.0
406620,24.8
406680,25.0
406740,26.0
406800,23.4
406860,26.0
406920,24.6
406980,25.8
407040,24.6
407100,27.8
407160,24.2
407220,25.0
407280,25.2
407340,25.0
407400,26.4
407460,25.0
407520,24.6
407580,25.2
407640,25.2
407700,25.4
407760,26.6
407820,24.6
407880,24.4
407940,25.8
408000,26.0
408060,26.4
408120,24.4
408180,25.0
408240,25.6
408300,24.8
408360,25.6
408420,25.2
408480,25.8
408540,24.2
408600,23.2
408660,25.2
408720,25.2
408780,23.8
408840,26.0
408900,23.8
408960,24.4
409020,24.8
409080,26.0
409140,23.8
409200,25.0
409260,26.2
409320,25.2
409380,26.2
409440,26.2
409500,26.0
409560,24.8
409620,24.6
409680,24.2
409740,25.0
409800,27.0
409860,24.0
409920,24.6
409980,24.6
410040,26.8
410100,25.4
410160,24.4
410220,24.4
410280,25.6
410340,25.4
410400,23.8
410460,24.6
410520,26.2
410580,25.8
410640,25.6
410700,26.0
410760,25.4
410820,24.4
410880,24.2
410940,24.8
411000,25.2
411060,24.4
411120,24.8
411180,23.4
411240,24.8
411300,24.4
411360,23.6
411420,23.8
411480,23.2
411540,23.4
411600,22.4
411660,24.6
411720,24.8
411780,24.2
411840,24.0
411900,25.2
411960,26.6
412020,25.6
412080,24.8
412140,24.6
412200,24.0
412260,25.2
412320,24.0
412380,23.8
412440,25.8
412500,26.0
412560,24.4
412620,22.4
412680,24.8
412740,24.8
412800,25.4
412860,25.8
412920,23.0
412980,25.6
413040,24.0
413100,24.8
413160,23.6
413220,24.6
413280,25.0
413340,24.6
413400,23.8
413460,23.4
413520,25.4
413580,22.4
413640,24.2
413700,23.6
413760,25.8
413820,25.4
413880,25.8
413940,26.6
414000,25.2
414060,25.4
414120,24.6
414180,23.4
414240,25.6
414300,23.6
414360,24.6
414420,25.8
414480,23.0
414540,24.4
414600,25.0
414660,25.2
414720,26.0
414780,25.4
414840,23.6
414900,22.2
414960,25.4
415020,24.6
415080,25.2
415140,23.4
415200,26.0
415260,24.6
415320,25.6
415380,25.6
415440,25.0
415500,25.0
415560,24.2
415620,24.8
415680,25.6
415740,26.0
415800,24.4
415860,25.8
415920,26.0
415980,24.8
416040,25.4
416100,24.0
416160,26.0
416220,23.2
416280,25.2
416340,24.8
416400,24.6
416460,23.8
416520,25.4
416580,24.8
416640,24.4
416700,26.6
416760,23.8
416820,24.4
416880,24.2
416940,26.0
417000,23.4
417060,24.0
417120,24.2
417180,23.2
417240,24.8
417300,25.6
417360,25.2
417420,25.6
417480,23.2
417540,24.8
417600,24.0
417660,25.2
417720,24.4
417780,23.6
417840,25.0
417900,24.4
417960,24.6
418020,24.4
418080,25.4
418140,26.0
418200,24.2
418260,25.0
418320,25.2
418380,23.4
418440,24.6
418500,24.2
418560,25.6
418620,25.2
418680,25.0
418740,25.4
418800,25.2
418860,23.2
418920,25.8
418980,24.8
419040,25.0
419100,26.0
419160,26.2
419220,25.8
419280,25.2
419340,23.4
419400,25.6
419460,25.2
419520,24.4
419580,25.2
419640,24.2
419700,25.0
419760,25.0
419820,24.0
419880,25.0
419940,23.4
420000,23.2
420060,24.2
420120,24.4
420180,23.0
420240,24.8
420300,23.6
420360,25.0
420420,25.6
420480,23.8
420540,23.0
420600,24.6
420660,23.4
420720,23.4
420780,23.8
420840,22.0
420900,24.2
420960,23.4
421020,25.6
421080,24.2
421140,23.8
421200,23.0
421260,24.0
421320,23.8
421380,25.4
421440,22.2
421500,24.2
421560,24.6
421620,24.0
421680,24.2
421740,24.8
421800,23.8
421860,25.4
421920,24.4
421980,24.8
422040,24.6
422100,22.8
422160,23.4
422220,25.4
422280,26.6
422340,24.6
422400,23.6
422460,24.2
422520,23.0
422580,23.0
422640,26.6
422700,23.8
422760,23.4
422820,23.8
422880,25.0
422940,24.4
423000,22.8
423060,24.4
423120,24.2
423180,24.8
423240,22.6
423300,24.4
423360,24.8
423420,24.6
423480,24.2
423540,25.0
423600,23.2
423660,23.2
423720,24.0
423780,25.4
423840,21.6
423900,23.8
423960,23.6
424020,25.4
424080,22.0
424140,24.2
424200,23.2
424260,24.0
424320,23.6
424380,24.0
424440,24.6
424500,24.0
424560,24.4
424620,23.8
424680,24.4
424740,23.2
424800,23.8
424860,24.0
424920,23.4
424980,23.6
425040,23.6
425100,23.0
425160,23.4
425220,24.4
425280,24.4
425340,24.0
425400,24.8
425460,23.4
425520,22.2
425580,23.4
425640,24.8
425700,25.2
425760,21.8
425820,23.4
425880,23.0
425940,24.8
426000,23.6
426060,23.8
426120,24.4
426180,23.6
426240,22.8
426300,24.4
426360,26.2
426420,24.0
426480,25.2
426540,24.4
426600,23.0
426660,23.8
426720,24.4
426780,24.0
426840,25.6
426900,23.8
426960,25.8
427020,23.4
427080,24.8
427140,24.8
427200,23.8
427260,24.4
427320,26.0
427380,24.2
427440,25.0
427500,24.6
427560,24.4
427620,25.2
427680,24.4
427740,24.4
427800,23.4
427860,23.6
427920,24.2
427980,22.8
428040,24.6
428100,25.2
428160,23.6
428220,26.0
428280,22.6
428340,24.6
428400,25.2
428460,24.8
428520,25.6
428580,23.0
428640,25.4
428700,24.4
428760,24.2
428820,24.0
428880,23.6
428940,23.8
429000,23.2
429060,24.0
429120,23.4
429180,23.4
429240,23.6
429300,25.2
429360,24.2
429420,24.2
429480,23.6
429540,24.2
429600,24.4
429660,24.8
429720,25.2
429780,24.4
429840,24.0
429900,25.4
429960,25.4
430020,23.0
430080,25.6
430140,23.2
430200,24.8
430260,24.6
430320,23.6
430380,23.0
430440,25.4
430500,24.8
430560,24.0
430620,22.4
430680,23.8
430740,23.4
430800,22.2
430860,23.8
430920,23.8
430980,23.2
431040,23.4
431100,22.4
431160,22.0
431220,22.4
431280,22.2
431340,21.4
431400,22.4
431460,23.0
431520,21.8
431580,21.2
431640,21.8
431700,21.6
431760,20.2
431820,22.6
431880,21.4
431940,22.2
432000,21.8
432060,22.8
432120,22.2
432180,21.4
432240,22.2
432300,20.6
432360,23.8
432420,23.4
432480,22.4
432540,21.8
432600,23.0
432660,22.8
432720,23.6
432780,22.2
432840,22.2
432900,24.0
432960,22.4
433020,23.6
433080,23.4
433140,23.6
433200,23.8
433260,25.6
433320,23.8
433380,23.8
433440,24.2
433500,23.6
433560,22.6
433620,25.4
433680,23.8
433740,24.0
433800,24.2
433860,23.6
433920,25.0
433980,24.0
434040,26.8
434100,22.8
434160,23.0
434220,25.4
434280,25.0
434340,25.8
434400,24.0
434460,24.2
434520,25.2
434580,23.0
434640,23.6
434700,22.8
434760,24.4
434820,26.0
434880,24.0
434940,24.4
435000,24.2
435060,24.0
435120,24.2
435180,25.6
435240,23.4
435300,24.8
435360,24.2
435420,26.2
435480,23.4
435540,24.2
435600,25.0
435660,24.8
435720,23.2
435780,24.4
435840,24.2
435900,26.0
435960,23.6
436020,22.4
436080,25.4
436140,23.8
436200,23.2
436260,21.6
436320,22.8
436380,22.6
436440,23.4
436500,24.0
436560,23.0
436620,24.2
436680,24.8
436740,22.2
436800,24.6
436860,22.6
436920,22.6
436980,23.4
437040,23.6
437100,24.2
437160,25.0
437220,23.8
437280,23.0
437340,23.2
437400,24.6
437460,22.8
437520,24.8
437580,25.2
437640,23.2
437700,24.0
437760,23.6
437820,22.2
437880,23.6
437940,23.2
438000,22.4
438060,22.4
438120,23.6
438180,22.4
438240,24.0
438300,23.0
438360,21.4
438420,22.0
438480,20.6
438540,22.4
438600,22.6
438660,21.0
438720,21.2
438780,21.0
438840,21.2
438900,22.2
438960,22.6
439020,23.4
439080,21.0
439140,21.8
439200,21.0
439260,22.4
439320,23.0
439380,23.6
439440,21.0
439500,23.2
439560,22.0
439620,22.8
439680,23.4
439740,22.8
439800,23.6
439860,22.8
439920,21.2
439980,22.8
440040,23.0
440100,22.0
440160,23.8
440220,23.6
440280,23.8
440340,22.6
440400,23.8
440460,23.6
440520,23.2
440580,24.2
440640,23.4
440700,22.6
440760,24.6
440820,23.0
440880,23.8
440940,23.4
441000,24.2
441060,24.0
441120,23.8
441180,24.2
441240,24.4
441300,22.0
441360,24.8
441420,22.8
441480,23.2
441540,22.6
441600,23.4
441660,22.8
441720,24.0
441780,25.8
441840,25.0
441900,24.4
441960,24.0
442020,25.2
442080,23.2
442140,24.8
442200,23.2
442260,24.4
442320,24.6
442380,23.4
442440,25.2
442500,24.2
442560,22.6
442620,24.0
442680,23.4
442740,24.6
442800,24.2
442860,24.8
442920,23.8
442980,23.8
443040,23.0
443100,23.8
443160,23.2
443220,24.6
443280,22.8
443340,22.8
443400,24.0
443460,23.6
443520,22.8
443580,23.6
443640,23.0
443700,22.8
443760,22.0
443820,22.8
443880,23.8
443940,25.4
444000,23.2
444060,24.0
444120,22.4
444180,24.0
444240,24.4
444300,22.0
444360,24.2
444420,24.0
444480,21.2
444540,23.8
444600,25.0
444660,23.2
444720,23.2
444780,24.4
444840,23.8
444900,23.2
444960,22.6
445020,23.8
445080,22.4
445140,22.8
445200,23.8
445260,22.4
445320,23.0
445380,23.6
445440,23.6
445500,25.2
445560,23.2
445620,23.4
445680,23.0
445740,23.6
445800,22.6
445860,23.4
445920,22.6
445980,22.2
446040,24.8
446100,22.6
446160,23.2
446220,22.6
446280,23.6
446340,22.0
446400,23.0
446460,23.2
446520,22.6
446580,24.0
446640,24.0
446700,23.0
446760,23.0
446820,23.4
446880,22.6
446940,22.4
447000,23.6
447060,22.0
447120,23.0
447180,22.4
447240,23.8
447300,23.0
447360,23.0
447420,24.0
447480,22.2
447540,23.2
447600,22.6
447660,23.6
447720,23.8
447780,22.2
447840,22.8
447900,24.0
447960,24.0
448020,23.4
448080,23.2
448140,23.6
448200,23.0
448260,24.8
448320,24.0
448380,23.4
448440,23.4
448500,24.4
448560,24.0
448620,23.2
448680,23.2
448740,24.2
448800,24.2
448860,24.8
448920,24.8
448980,24.2
449040,23.4
449100,24.4
449160,24.0
449220,23.2
449280,24.6
449340,24.8
449400,25.4
449460,24.0
449520,22.8
449580,23.0
449640,23.4
449700,24.8
449760,24.0
449820,25.4
449880,26.0
449940,23.4
450000,24.8
450060,24.4
450120,24.8
450180,24.6
450240,25.0
450300,24.2
450360,25.4
450420,24.8
450480,24.0
450540,24.0
450600,23.6
450660,24.0
450720,24.4
450780,24.4
450840,24.8
450900,23.2
450960,23.0
451020,24.2
451080,24.2
451140,24.0
451200,23.8
451260,25.4
451320,23.4
451380,23.2
451440,24.0
451500,24.0
451560,22.8
451620,24.2
451680,24.0
451740,23.0
451800,24.2
451860,23.8
451920,26.4
451980,25.2
452040,22.4
452100,23.0
452160,23.2
452220,25.2
452280,23.2
452340,24.6
452400,24.8
452460,24.2
452520,23.8
452580,23.6
452640,25.2
452700,25.0
452760,24.2
452820,24.0
452880,24.0
452940,24.0
453000,24.4
453060,26.0
453120,25.0
453180,23.6
453240,25.0
453300,23.4
453360,23.8
453420,24.2
453480,25.4
453540,25.4
453600,24.4
453660,24.6
453720,24.2
453780,24.2
453840,24.4
453900,24.4
453960,24.8
454020,25.8
454080,24.0
454140,23.0
454200,24.0
454260,22.8
454320,22.6
454380,25.0
454440,25.2
454500,24.6
454560,25.6
454620,24.0
454680,23.4
454740,25.2
454800,24.8
454860,25.0
454920,23.6
454980,25.6
455040,23.8
455100,25.2
455160,24.4
455220,23.0
455280,24.0
455340,24.2
455400,23.4
455460,24.4
455520,22.8
455580,23.6
455640,23.2
455700,26.4
455760,25.4
455820,22.4
455880,24.6
455940,24.8
456000,23.0
456060,25.0
456120,24.2
456180,24.2
456240,24.8
456300,24.4
456360,24.8
456420,24.4
456480,24.0
456540,24.2
456600,25.0
456660,25.2
456720,23.2
456780,24.6
456840,25.2
456900,24.6
456960,24.2
457020,25.2
457080,24.8
457140,23.0
457200,23.0
457260,23.8
457320,24.8
457380,25.6
457440,23.0
457500,26.2
457560,24.6
457620,23.6
457680,22.6
457740,26.4
457800,25.0
457860,25.2
457920,24.8
457980,25.0
458040,23.4
458100,24.8
458160,23.8
458220,22.4
458280,26.0
458340,25.0
458400,24.6
458460,25.0
458520,24.8
458580,25.0
458640,23.0
458700,23.8
458760,24.8
458820,25.2
458880,25.0
458940,25.0
459000,23.8
459060,24.4
459120,24.0
459180,24.6
459240,24.6
459300,24.4
459360,23.2
459420,23.6
459480,26.0
459540,23.8
459600,23.4
459660,24.0
459720,24.2
459780,24.2
459840,23.4
459900,25.0
459960,24.4
460020,24.2
460080,23.6
460140,23.8
460200,25.2
460260,24.0
460320,22.8
460380,22.2
460440,23.0
460500,24.0
460560,24.4
460620,24.8
460680,23.4
460740,23.0
460800,23.4
460860,23.0
460920,23.2
460980,22.6
461040,24.0
461100,22.4
461160,22.6
461220,23.8
461280,22.6
461340,22.8
461400,25.0
461460,22.0
461520,22.6
461580,23.8
461640,25.2
461700,23.0
461760,23.8
461820,22.2
461880,22.4
461940,23.6
462000,23.2
462060,22.6
462120,23.4
462180,22.2
462240,23.0
462300,23.6
462360,22.4
462420,23.2
462480,22.8
462540,23.0
462600,22.6
462660,23.2
462720,22.6
462780,23.4
462840,23.4
462900,23.2
462960,23.6
463020,23.2
463080,23.8
463140,25.8
463200,24.8
463260,23.8
463320,24.0
463380,23.8
463440,23.6
463500,22.4
463560,24.0
463620,24.2
463680,26.4
463740,24.0
463800,25.0
463860,24.4
463920,24.2
463980,22.8
464040,23.8
464100,24.0
464160,25.6
464220,24.4
464280,24.4
464340,23.2
464400,26.6
464460,24.0
464520,25.4
464580,24.8
464640,23.6
464700,24.8
464760,23.6
464820,23.2
464880,24.8
464940,24.2
465000,24.0
465060,24.2
465120,24.0
465180,24.0
465240,24.2
465300,24.0
465360,22.8
465420,25.0
465480,23.6
465540,24.2
465600,24.4
465660,23.4
465720,24.2
465780,25.0
465840,21.8
465900,23.8
465960,23.4
466020,25.0
466080,23.2
466140,24.0
466200,24.2
466260,23.6
466320,24.6
466380,25.8
466440,23.8
466500,25.2
466560,23.6
466620,23.0
466680,24.0
466740,24.0
466800,24.8
466860,24.6
466920,24.6
466980,23.4
467040,23.2
467100,24.0
467160,23.2
467220,23.6
467280,23.4
467340,23.8
467400,23.0
467460,23.4
467520,23.8
467580,23.2
467640,21.8
467700,23.6
467760,23.6
467820,22.6
467880,24.2
467940,23.6
468000,23.8
468060,23.8
468120,24.2
468180,22.8
468240,23.6
468300,23.4
468360,24.4
468420,23.2
468480,22.8
468540,22.6
468600,23.4
468660,22.0
468720,22.2
468780,22.6
468840,24.0
468900,23.0
468960,22.2
469020,23.4
469080,22.4
469140,22.8
469200,23.2
469260,22.2
469320,24.4
469380,22.2
469440,23.8
469500,24.2
469560,22.2
469620,23.6
469680,23.8
469740,24.0
469800,22.8
469860,23.4
469920,22.8
469980,23.2
470040,24.4
470100,25.4
470160,23.4
470220,24.0
470280,23.8
470340,24.0
470400,24.4
470460,23.6
470520,24.4
470580,23.8
470640,23.4
470700,25.6
470760,24.2
470820,22.8
470880,24.4
470940,23.6
471000,23.2
471060,24.4
471120,24.4
471180,24.2
471240,23.0
471300,24.0
471360,24.0
471420,23.2
471480,24.4
471540,24.2
471600,25.0
471660,23.6
471720,24.8
471780,22.8
471840,24.4
471900,23.8
471960,25.0
472020,23.4
472080,24.2
472140,23.8
472200,23.0
472260,23.2
472320,23.2
472380,24.2
472440,23.8
472500,23.0
472560,23.0
472620,21.8
472680,23.4
472740,22.6
472800,22.2
472860,22.8
472920,23.4
472980,22.4
473040,22.8
473100,22.4
473160,22.2
473220,21.6
473280,20.8
473340,21.6
473400,23.6
473460,23.0
473520,22.4
473580,21.8
473640,23.2
473700,22.8
473760,23.4
473820,23.0
473880,22.8
473940,23.2
474000,21.8
474060,23.4
474120,24.0
474180,22.6
474240,23.4
474300,23.6
474360,23.6
474420,24.0
474480,23.4
474540,23.0
474600,22.6
474660,25.0
474720,21.6
474780,23.8
474840,23.2
474900,23.4
474960,24.6
475020,23.0
475080,24.8
475140,24.2
475200,26.0
475260,22.4
475320,22.8
475380,24.2
475440,23.6
475500,21.6
475560,21.8
475620,22.6
475680,21.6
475740,21.6
475800,22.6
475860,22.6
475920,22.6
475980,22.2
476040,24.6
476100,22.2
476160,22.0
476220,22.4
476280,23.2
476340,23.6
476400,23.4
476460,22.2
476520,23.8
476580,22.8
476640,21.8
476700,23.2
476760,23.0
476820,21.8
476880,24.0
476940,23.2
477000,23.0
477060,24.6
477120,23.2
477180,23.6
477240,23.6
477300,25.2
477360,23.8
477420,24.2
477480,22.0
477540,24.2
477600,24.6
477660,25.4
477720,24.8
477780,23.8
477840,24.0
477900,22.6
477960,24.2
478020,24.0
478080,25.0
478140,24.2
478200,23.6
478260,23.2
478320,23.6
478380,23.6
478440,23.4
478500,24.4
478560,24.6
478620,25.4
478680,23.2
478740,24.0
478800,23.4
478860,24.2
478920,24.4
478980,24.8
479040,25.0
479100,23.6
479160,24.0
479220,25.0
479280,24.8
479340,24.2
479400,24.2
479460,24.4
479520,24.4
479580,22.8
479640,23.8
479700,23.6
479760,23.0
479820,23.0
479880,22.6
479940,23.6
480000,22.4
480060,24.0
480120,25.2
480180,22.8
480240,24.2
480300,23.6
480360,24.6
480420,23.4
480480,24.4
480540,22.6
480600,23.4
480660,24.2
480720,24.0
480780,24.8
480840,24.6
480900,23.8
480960,24.8
481020,23.0
481080,23.0
481140,23.6
481200,24.6
481260,22.8
481320,23.4
481380,24.2
481440,24.4
481500,24.6
481560,24.2
481620,22.4
481680,24.0
481740,23.6
481800,23.8
481860,23.0
481920,25.4
481980,24.0
482040,22.2
482100,24.2
482160,23.4
482220,23.0
482280,24.4
482340,23.4
482400,24.6
482460,23.2
482520,24.6
482580,24.0
482640,23.8
482700,23.6
482760,24.8
482820,24.4
482880,23.8
482940,24.8
483000,22.6
483060,24.8
483120,22.8
483180,24.4
483240,23.2
483300,25.2
483360,25.8
483420,23.6
483480,24.4
483540,23.4
483600,23.4
483660,24.8
483720,23.2
483780,23.2
483840,22.8
483900,23.0
483960,22.0
484020,22.8
484080,24.0
484140,24.2
484200,24.8
484260,25.0
484320,24.2
484380,23.8
484440,24.0
484500,23.0
484560,22.6
484620,25.0
484680,24.6
484740,24.4
484800,24.2
484860,25.2
484920,24.4
484980,24.2
485040,23.8
485100,23.4
485160,26.0
485220,23.8
485280,22.6
485340,24.8
485400,23.6
485460,25.2
485520,23.0
485580,23.6
485640,23.6
485700,24.6
485760,22.6
485820,24.2
485880,24.6
485940,24.4
486000,23.4
486060,24.0
486120,24.0
486180,22.8
486240,23.4
486300,22.6
486360,23.2
486420,22.8
486480,24.6
486540,23.0
486600,21.4
486660,23.0
486720,23.8
486780,23.2
486840,23.0
486900,25.2
486960,23.2
487020,24.0
487080,23.4
487140,24.6
487200,22.6
487260,23.6
487320,24.0
487380,22.0
487440,23.2
487500,24.2
487560,24.6
487620,22.0
487680,23.4
487740,23.6
487800,22.8
487860,22.4
487920,24.8
487980,25.0
488040,24.0
488100,24.2
488160,24.2
488220,24.8
488280,25.0
488340,23.0
488400,23.0
488460,24.2
488520,23.0
488580,24.0
488640,23.4
488700,24.6
488760,25.6
488820,24.0
488880,22.6
488940,24.4
489000,24.6
489060,23.8
489120,23.6
489180,24.4
489240,24.0
489300,24.4
489360,22.2
489420,23.4
489480,25.0
489540,23.4
489600,24.2
489660,25.8
489720,23.6
489780,23.8
489840,25.2
489900,22.4
489960,23.6
490020,24.2
490080,22.8
490140,23.4
490200,22.6
490260,23.8
490320,23.8
490380,24.8
490440,24.0
490500,23.4
490560,24.2
490620,24.2
490680,24.8
490740,24.8
490800,23.4
490860,25.0
490920,23.4
490980,24.0
491040,23.0
491100,24.0
491160,24.6
491220,22.4
491280,23.4
491340,23.6
491400,24.8
491460,24.0
491520,23.6
491580,24.8
491640,25.0
491700,23.8
491760,23.6
491820,24.4
491880,23.6
491940,23.8
492000,24.0
492060,23.8
492120,23.8
492180,24.0
492240,22.6
492300,23.4
492360,23.6
492420,23.0
492480,23.0
492540,24.0
492600,23.2
492660,23.2
492720,23.8
492780,23.0
492840,24.4
492900,24.4
492960,24.0
493020,23.2
493080,22.8
493140,23.2
493200,23.4
493260,23.4
493320,23.0
493380,23.4
493440,25.0
493500,24.2
493560,24.2
493620,25.6
493680,21.8
493740,22.4
493800,24.6
493860,24.2
493920,23.6
493980,24.0
494040,24.8
494100,24.2
494160,23.4
494220,23.8
494280,23.2
494340,24.2
494400,24.8
494460,23.2
494520,23.2
494580,23.2
494640,22.6
494700,23.4
494760,22.8
494820,22.4
494880,22.4
494940,23.0
495000,22.6
495060,22.4
495120,22.4
495180,23.4
495240,23.4
495300,22.4
495360,21.2
495420,24.6
495480,22.8
495540,22.6
495600,23.4
495660,22.2
495720,22.6
495780,22.6
495840,23.6
495900,23.4
495960,22.6
496020,22.0
496080,24.2
496140,22.2
496200,23.8
496260,26.0
496320,22.0
496380,22.0
496440,22.4
496500,24.2
496560,22.8
496620,23.0
496680,23.0
496740,24.0
496800,24.8
496860,22.2
496920,24.2
496980,25.2
497040,25.4
497100,23.4
497160,24.6
497220,24.8
497280,22.2
497340,23.6
497400,24.6
497460,23.8
497520,24.2
497580,23.6
497640,23.4
497700,24.8
497760,23.0
497820,24.2
497880,23.4
497940,24.4
498000,23.6
498060,23.4
498120,24.4
498180,25.0
498240,22.4
498300,22.6
498360,24.4
498420,23.6
498480,25.0
498540,23.0
498600,25.0
498660,23.8
498720,23.0
498780,23.4
498840,23.6
498900,24.4
498960,23.2
499020,24.8
499080,24.8
499140,23.8
499200,24.0
499260,25.0
499320,24.0
499380,24.4
499440,22.6
499500,23.8
499560,24.4
499620,23.8
499680,24.6
499740,25.4
499800,24.6
499860,23.0
499920,23.4
499980,26.6
500040,23.4
500100,23.0
500160,25.0
500220,23.2
500280,24.2
500340,25.4
500400,26.0
500460,25.0
500520,24.6
500580,24.6
500640,22.4
500700,25.8
500760,24.4
500820,25.2
500880,24.2
500940,23.0
501000,23.4
501060,24.4
501120,24.0
501180,23.8
501240,26.0
501300,25.4
501360,25.2
501420,23.6
501480,25.2
501540,24.4
501600,22.8
501660,24.6
501720,23.8
501780,24.2
501840,23.8
501900,24.6
501960,24.0
502020,25.4
502080,26.0
502140,25.8
502200,24.0
502260,24.6
502320,25.0
502380,22.4
502440,23.6
502500,24.6
502560,24.0
502620,24.4
502680,24.6
502740,24.6
502800,23.0
502860,23.4
502920,22.8
502980,23.2
503040,23.4
503100,22.6
503160,23.8
503220,24.2
503280,22.6
503340,23.0
503400,22.2
503460,21.8
503520,23.8
503580,21.2
503640,23.4
503700,23.4
503760,22.4
503820,22.0
503880,21.4
503940,22.2
504000,23.0
504060,22.4
504120,22.6
504180,23.0
504240,22.4
504300,23.4
504360,23.6
504420,22.2
504480,23.4
504540,24.6
504600,23.2
504660,23.4
504720,23.4
504780,23.4
504840,23.2
504900,24.2
504960,23.4
505020,24.2
505080,23.6
505140,23.4
505200,24.0
505260,23.2
505320,23.0
505380,23.8
505440,23.4
505500,23.8
505560,22.4
505620,22.8
505680,22.8
