#Steps,score
60,0.4
120,0.6
180,0.6
240,1.8
300,2.0
360,1.8
420,0.8
480,1.4
540,1.8
600,0.6
660,1.0
720,1.4
780,0.4
840,0.8
900,1.0
960,1.0
1020,0.4
1080,1.2
1140,1.4
1200,1.6
1260,1.2
1320,1.0
1380,1.0
1440,1.2
1500,2.0
1560,1.2
1620,1.4
1680,1.6
1740,1.8
1800,0.6
1860,0.6
1920,0.6
1980,1.0
2040,1.2
2100,1.6
2160,2.0
2220,0.6
2280,1.0
2340,1.8
2400,1.8
2460,1.8
2520,1.0
2580,1.0
2640,1.8
2700,1.6
2760,1.2
2820,1.0
2880,0.8
2940,2.4
3000,0.8
3060,1.6
3120,1.0
3180,1.4
3240,1.6
3300,1.2
3360,1.6
3420,1.8
3480,1.4
3540,1.6
3600,1.6
3660,1.6
3720,1.0
3780,1.4
3840,1.2
3900,1.4
3960,1.8
4020,0.8
4080,1.8
4140,0.4
4200,1.2
4260,1.0
4320,1.2
4380,0.6
4440,1.6
4500,0.6
4560,0.8
4620,1.2
4680,0.4
4740,0.8
4800,1.2
4860,2.2
4920,1.2
4980,1.8
5040,1.8
5100,0.4
5160,1.2
5220,1.8
5280,2.4
5340,0.6
5400,0.8
5460,1.0
5520,1.8
5580,1.6
5640,2.0
5700,0.8
5760,1.0
5820,1.2
5880,0.6
5940,0.8
6000,1.6
6060,1.8
6120,1.0
6180,1.6
6240,1.4
6300,1.4
6360,1.6
6420,0.4
6480,1.6
6540,0.4
6600,1.0
6660,1.2
6720,1.6
6780,1.4
6840,1.6
6900,1.6
6960,1.4
7020,0.8
7080,1.0
7140,0.8
7200,1.0
7260,0.4
7320,0.2
7380,1.8
7440,0.8
7500,1.2
7560,1.4
7620,1.0
7680,2.2
7740,1.6
7800,1.4
7860,1.4
7920,2.2
7980,2.0
8040,1.0
8100,2.2
8160,2.0
8220,0.8
8280,0.8
8340,2.0
8400,2.4
8460,1.2
8520,1.4
8580,1.2
8640,1.0
8700,1.6
8760,1.0
8820,1.8
8880,1.4
8940,1.4
9000,0.8
9060,1.4
9120,2.6
9180,1.8
9240,1.2
9300,1.2
9360,2.2
9420,1.8
9480,1.2
9540,1.2
9600,2.0
9660,1.0
9720,1.4
9780,0.6
9840,1.4
9900,0.8
9960,0.6
10020,2.4
10080,1.0
10140,1.8
10200,1.8
10260,2.0
10320,1.6
10380,1.2
10440,1.6
10500,2.4
10560,1.0
10620,0.8
10680,1.6
10740,2.6
10800,2.4
10860,0.4
10920,2.4
10980,2.0
11040,2.0
11100,1.0
11160,0.8
11220,1.8
11280,2.6
11340,1.8
11400,1.8
11460,1.8
11520,0.8
11580,1.8
11640,2.2
11700,1.6
11760,1.0
11820,2.2
11880,1.2
11940,1.8
12000,1.4
12060,1.0
12120,1.8
12180,0.6
12240,0.4
12300,2.2
12360,1.4
12420,1.6
12480,0.4
12540,3.0
12600,1.8
12660,1.8
12720,1.6
12780,1.6
12840,1.2
12900,1.4
12960,1.6
13020,0.6
13080,2.2
13140,0.6
13200,2.4
13260,1.6
13320,2.2
13380,1.8
13440,2.2
13500,1.4
13560,1.0
13620,2.2
13680,2.2
13740,1.8
13800,2.0
13860,1.4
13920,2.8
13980,2.0
14040,2.2
14100,0.6
14160,2.0
14220,1.2
14280,2.2
14340,1.8
14400,1.6
14460,2.6
14520,2.0
14580,1.8
14640,2.0
14700,2.4
14760,2.4
14820,2.6
14880,3.2
14940,2.4
15000,3.0
15060,2.8
15120,3.2
15180,2.2
15240,1.8
15300,2.0
15360,2.0
15420,2.8
15480,1.2
15540,3.6
15600,1.8
15660,2.4
15720,1.6
15780,3.0
15840,1.8
15900,2.6
15960,3.6
16020,3.0
16080,3.4
16140,1.6
16200,5.0
16260,5.4
16320,5.6
16380,6.0
16440,7.6
16500,9.8
16560,8.8
16620,13.6
16680,15.0
16740,13.8
16800,16.6
16860,18.2
16920,19.8
16980,19.4
17040,21.0
17100,21.0
17160,24.0
17220,22.8
17280,22.4
17340,21.6
17400,23.0
17460,22.2
17520,21.6
17580,24.4
17640,22.4
17700,23.0
17760,22.0
17820,22.2
17880,23.0
17940,22.0
18000,23.0
18060,22.2
18120,22.6
18180,22.0
18240,23.8
18300,23.6
18360,22.8
18420,22.8
18480,23.2
18540,23.0
18600,23.2
18660,23.4
18720,23.0
18780,22.8
18840,22.0
18900,22.2
18960,23.6
19020,23.4
19080,22.4
19140,23.2
19200,23.0
19260,22.2
19320,23.4
19380,23.8
19440,23.4
19500,23.6
19560,24.2
19620,24.2
19680,24.2
19740,24.8
19800,24.2
19860,24.8
19920,23.0
19980,24.0
20040,23.6
20100,23.8
20160,25.0
20220,23.8
20280,24.6
20340,24.8
20400,24.4
20460,24.2
20520,25.0
20580,25.6
20640,24.6
20700,22.6
20760,24.8
20820,23.6
20880,24.2
20940,23.4
21000,25.2
21060,25.6
21120,24.8
21180,25.6
21240,23.2
21300,24.0
21360,24.2
21420,24.4
21480,25.2
21540,24.4
21600,24.0
21660,24.2
21720,23.8
21780,24.0
21840,23.8
21900,24.6
21960,25.4
22020,25.4
22080,24.0
22140,25.8
22200,23.6
22260,24.8
22320,25.0
22380,25.2
22440,23.0
22500,24.2
22560,24.6
22620,24.6
22680,24.6
22740,25.2
22800,24.8
22860,25.0
22920,23.2
22980,24.6
23040,23.8
23100,24.4
23160,25.2
23220,24.4
23280,27.0
23340,24.0
23400,24.4
23460,23.0
23520,24.0
23580,23.8
23640,23.8
23700,24.8
23760,25.2
23820,24.0
23880,23.4
23940,24.2
24000,25.0
24060,24.6
24120,25.0
24180,24.6
24240,24.4
24300,24.8
24360,24.0
24420,24.8
24480,23.4
24540,25.2
24600,23.4
24660,24.8
24720,24.8
24780,24.4
24840,24.0
24900,22.8
24960,24.8
25020,24.4
25080,25.4
25140,24.0
25200,24.6
25260,24.8
25320,25.0
25380,24.2
25440,23.8
25500,24.0
25560,24.6
25620,25.2
25680,26.2
25740,24.0
25800,24.2
25860,24.4
25920,23.2
25980,23.6
26040,24.2
26100,24.4
26160,24.0
26220,24.6
26280,24.0
26340,25.2
26400,24.6
26460,23.2
26520,25.2
26580,25.0
26640,23.8
26700,24.8
26760,23.2
26820,24.4
26880,23.6
26940,24.4
27000,24.0
27060,24.2
27120,22.4
27180,24.6
27240,22.8
27300,24.4
27360,22.6
27420,22.2
27480,24.2
27540,23.4
27600,23.0
27660,23.6
27720,23.0
27780,20.8
27840,22.0
27900,22.6
27960,22.6
28020,24.0
28080,23.2
28140,22.8
28200,23.2
28260,23.0
28320,22.8
28380,22.4
28440,23.8
28500,22.4
28560,23.8
28620,22.2
28680,22.8
28740,23.0
28800,23.6
28860,22.4
28920,22.4
28980,23.6
29040,24.6
29100,24.0
29160,23.4
29220,23.8
29280,23.4
29340,24.2
29400,25.4
29460,24.6
29520,24.8
29580,25.8
29640,23.8
29700,24.4
29760,25.6
29820,24.2
29880,21.4
29940,25.6
30000,25.0
30060,22.8
30120,23.4
30180,24.0
30240,25.0
30300,25.0
30360,23.4
30420,24.8
30480,24.6
30540,24.0
30600,24.4
30660,25.2
30720,25.2
30780,23.6
30840,23.2
30900,23.4
30960,23.4
31020,23.6
31080,23.4
31140,24.4
31200,24.8
31260,24.2
31320,23.4
31380,24.0
31440,24.8
31500,23.4
31560,23.8
31620,23.2
31680,24.2
31740,24.2
31800,23.6
31860,24.0
31920,24.8
31980,22.8
32040,22.0
32100,23.2
32160,24.0
32220,24.0
32280,23.8
32340,23.4
32400,23.8
32460,22.8
32520,25.2
32580,24.2
32640,23.4
32700,24.2
32760,23.4
32820,25.0
32880,26.6
32940,24.6
33000,25.8
33060,24.0
33120,24.4
33180,24.0
33240,24.0
33300,23.8
33360,24.2
33420,24.8
33480,24.2
33540,24.2
33600,24.2
33660,22.2
33720,24.0
33780,24.6
33840,24.4
33900,25.6
33960,25.0
34020,23.4
34080,25.0
34140,24.2
34200,24.0
34260,25.0
34320,24.8
34380,24.4
34440,23.6
34500,23.4
34560,24.2
34620,25.6
34680,26.2
34740,23.0
34800,24.6
34860,24.4
34920,23.6
34980,23.4
35040,23.4
35100,24.2
35160,25.0
35220,24.8
35280,23.8
35340,23.8
35400,22.4
35460,24.8
35520,24.8
35580,24.0
35640,23.4
35700,23.0
35760,23.2
35820,25.6
35880,24.6
35940,25.2
36000,23.2
36060,22.6
36120,24.0
36180,23.8
36240,24.2
36300,23.8
36360,24.6
36420,24.6
36480,24.6
36540,25.0
36600,25.4
36660,25.8
36720,24.4
36780,24.0
36840,24.8
36900,23.4
36960,24.8
37020,23.2
37080,23.0
37140,23.6
37200,23.0
37260,23.0
37320,23.8
37380,23.8
37440,24.2
37500,23.6
37560,24.2
37620,23.2
37680,23.4
37740,23.2
37800,23.2
37860,23.0
37920,23.2
37980,23.2
38040,22.4
38100,21.6
38160,22.2
38220,23.2
38280,23.6
38340,23.0
38400,23.0
38460,23.6
38520,24.6
38580,24.8
38640,23.8
38700,24.4
38760,24.2
38820,24.4
38880,22.6
38940,23.8
39000,24.0
39060,22.8
39120,23.0
39180,22.8
39240,23.6
39300,24.8
39360,24.0
39420,23.0
39480,23.6
39540,24.2
39600,24.8
39660,23.2
39720,22.8
39780,24.4
39840,24.6
39900,24.8
39960,22.6
40020,23.4
40080,24.2
40140,23.6
40200,23.0
40260,23.2
40320,22.6
40380,23.4
40440,23.2
40500,22.6
40560,22.8
40620,24.0
40680,22.0
40740,23.8
40800,22.4
40860,24.4
40920,24.4
40980,23.8
41040,24.2
41100,24.8
41160,24.8
41220,24.4
41280,25.0
41340,24.0
41400,24.0
41460,23.8
41520,23.4
41580,22.8
41640,23.4
41700,24.0
41760,24.2
41820,23.8
41880,23.2
41940,23.4
42000,23.8
42060,24.0
42120,24.0
42180,24.2
42240,24.6
42300,23.8
42360,23.4
42420,23.4
42480,25.2
42540,23.0
42600,21.2
42660,23.2
42720,23.2
42780,22.6
42840,23.6
42900,23.2
42960,23.2
43020,24.6
43080,23.2
43140,22.8
43200,23.0
43260,24.2
43320,23.6
43380,24.2
43440,23.4
43500,25.4
43560,24.6
43620,26.0
43680,22.6
43740,23.4
43800,25.0
43860,25.0
43920,24.2
43980,24.0
44040,22.4
44100,22.6
44160,25.6
44220,25.0
44280,24.6
44340,24.2
44400,23.4
44460,24.2
44520,24.6
44580,22.4
44640,23.2
44700,23.6
44760,24.6
44820,23.6
44880,25.8
44940,25.2
45000,23.4
45060,23.2
45120,23.8
45180,22.8
45240,23.6
45300,23.8
45360,23.8
45420,24.2
45480,24.0
45540,23.8
45600,23.6
45660,24.4
45720,23.8
45780,24.6
45840,24.2
45900,25.4
45960,24.0
46020,24.0
46080,23.0
46140,23.4
46200,24.2
46260,23.6
46320,22.6
46380,23.6
46440,23.4
46500,24.0
46560,23.8
46620,22.2
46680,22.0
46740,23.2
46800,23.0
46860,23.6
46920,25.0
46980,23.8
47040,23.6
47100,24.0
47160,22.6
47220,23.2
47280,24.6
47340,24.6
47400,23.8
47460,22.8
47520,24.2
47580,23.8
47640,23.6
47700,24.8
47760,25.4
47820,23.2
47880,23.2
47940,23.6
48000,23.0
48060,23.4
48120,22.4
48180,23.0
48240,24.6
48300,22.8
48360,22.8
48420,22.8
48480,22.0
48540,23.8
48600,23.6
48660,22.8
48720,23.2
48780,24.4
48840,23.6
48900,24.8
48960,22.8
49020,24.2
49080,24.0
49140,22.0
49200,24.6
49260,24.4
49320,23.0
49380,23.6
49440,22.0
49500,21.8
49560,23.8
49620,23.4
49680,22.2
49740,22.8
49800,24.0
49860,22.6
49920,24.0
49980,23.4
50040,22.8
50100,23.4
50160,22.8
50220,22.0
50280,22.8
50340,23.4
50400,22.8
50460,23.6
50520,22.4
50580,24.0
50640,22.2
50700,23.6
50760,23.2
50820,23.6
50880,23.0
50940,24.6
51000,22.4
51060,22.2
51120,22.8
51180,23.6
51240,23.8
51300,24.0
51360,23.8
51420,24.2
51480,24.8
51540,23.2
51600,23.6
51660,23.2
51720,24.0
51780,23.6
51840,23.6
51900,24.8
51960,24.2
52020,24.0
52080,23.8
52140,25.2
52200,24.8
52260,25.4
52320,25.4
52380,24.4
52440,25.0
52500,25.2
52560,24.0
52620,25.4
52680,25.0
52740,24.4
52800,24.0
52860,24.8
52920,24.2
52980,25.0
53040,22.8
53100,24.4
53160,23.8
53220,25.0
53280,24.4
53340,24.0
53400,23.4
53460,23.8
53520,23.6
53580,25.4
53640,23.2
53700,23.2
53760,24.8
53820,25.4
53880,23.4
53940,23.8
54000,23.8
54060,23.4
54120,24.0
54180,24.2
54240,24.0
54300,23.2
54360,24.2
54420,22.8
54480,24.4
54540,24.4
54600,23.4
54660,24.2
54720,24.0
54780,23.8
54840,23.2
54900,23.8
54960,22.8
55020,24.8
55080,23.8
55140,23.4
55200,24.0
55260,25.2
55320,24.0
55380,25.4
55440,24.4
55500,24.2
55560,25.2
55620,24.8
55680,24.4
55740,23.6
55800,24.4
55860,23.8
55920,23.6
55980,24.0
56040,26.0
56100,24.6
56160,24.6
56220,24.6
56280,23.2
56340,23.2
56400,22.8
56460,24.0
56520,24.0
56580,24.6
56640,24.4
56700,23.6
56760,24.6
56820,23.0
56880,24.0
56940,24.4
57000,25.2
57060,24.2
57120,25.0
57180,23.2
57240,23.0
57300,22.8
57360,23.4
57420,23.8
57480,23.2
57540,22.0
57600,23.4
57660,21.8
57720,22.4
57780,22.4
57840,20.6
57900,22.6
57960,21.6
58020,22.6
58080,23.2
58140,24.0
58200,22.0
58260,23.8
58320,23.0
58380,24.2
58440,22.0
58500,22.8
58560,21.8
58620,24.6
58680,22.8
58740,22.6
58800,25.0
58860,24.8
58920,25.2
58980,23.8
59040,23.4
59100,25.0
59160,23.2
59220,25.4
59280,23.2
59340,24.4
59400,25.4
59460,24.8
59520,25.4
59580,23.4
59640,23.8
59700,24.2
59760,25.2
59820,23.2
59880,24.2
59940,24.4
60000,23.6
60060,24.0
60120,23.8
60180,24.0
60240,24.0
60300,24.6
60360,23.6
60420,24.2
60480,25.4
60540,24.8
60600,25.0
60660,25.2
60720,25.8
60780,24.8
60840,24.4
60900,24.2
60960,25.0
61020,23.8
61080,22.4
61140,23.4
61200,22.8
61260,23.6
61320,23.8
61380,22.8
61440,22.2
61500,22.2
61560,24.2
61620,24.0
61680,23.2
61740,23.4
61800,24.0
61860,23.0
61920,23.4
61980,21.8
62040,22.4
62100,24.4
62160,22.8
62220,23.4
62280,23.4
62340,24.4
62400,23.6
62460,23.4
62520,23.0
62580,23.6
62640,23.2
62700,23.4
62760,23.2
62820,23.6
62880,23.2
62940,24.4
63000,24.2
63060,23.0
63120,23.6
63180,23.8
63240,24.6
63300,22.8
63360,24.0
63420,23.0
63480,23.6
63540,24.0
63600,24.2
63660,23.0
63720,23.4
63780,23.8
63840,23.8
63900,24.0
63960,22.6
64020,24.0
64080,24.0
64140,24.8
64200,23.8
64260,24.4
64320,24.6
64380,24.0
64440,24.8
64500,24.4
64560,24.6
64620,24.6
64680,23.0
64740,25.6
64800,24.8
64860,24.0
64920,23.8
64980,24.4
65040,24.2
65100,24.6
65160,23.2
65220,24.0
65280,25.0
65340,24.2
65400,25.2
65460,24.4
65520,26.0
65580,23.8
65640,24.2
65700,24.8
65760,23.0
65820,24.4
65880,23.8
65940,24.0
66000,22.8
66060,23.8
66120,24.2
66180,22.8
66240,23.4
66300,24.6
66360,22.8
66420,23.6
66480,21.6
66540,23.4
66600,22.8
66660,21.4
66720,23.4
66780,25.4
66840,22.4
66900,23.6
66960,23.0
67020,22.6
67080,22.2
67140,25.2
67200,22.8
67260,22.8
67320,23.8
67380,23.4
67440,23.4
67500,24.4
67560,22.6
67620,23.4
67680,23.4
67740,23.6
67800,23.0
67860,23.8
67920,24.0
67980,24.4
68040,22.8
68100,23.4
68160,23.8
68220,24.0
68280,22.6
68340,23.4
68400,25.0
68460,23.6
68520,22.8
68580,24.4
68640,23.2
68700,23.8
68760,23.8
68820,24.0
68880,25.0
68940,23.8
69000,23.8
69060,23.4
69120,22.4
69180,25.0
69240,23.4
69300,23.6
69360,23.4
69420,22.8
69480,23.8
69540,23.6
69600,23.8
69660,23.8
69720,24.4
69780,23.0
69840,24.0
69900,22.4
69960,23.4
70020,24.8
70080,23.2
70140,23.6
70200,24.6
70260,24.0
70320,23.0
70380,23.2
70440,22.4
70500,23.2
70560,24.0
70620,23.4
70680,24.0
70740,24.4
70800,23.2
70860,22.6
70920,23.2
70980,24.4
71040,22.8
71100,23.6
71160,23.8
71220,23.6
71280,22.2
71340,23.8
71400,23.8
71460,24.6
71520,22.2
71580,23.6
71640,24.4
71700,24.2
71760,24.0
71820,24.0
71880,23.4
71940,24.8
72000,22.6
72060,24.4
72120,23.8
72180,23.0
72240,24.6
72300,23.8
72360,25.4
72420,23.2
72480,23.2
72540,25.0
72600,23.8
72660,24.2
72720,23.0
72780,22.4
72840,23.6
72900,23.8
72960,22.8
73020,25.2
73080,23.2
73140,23.4
73200,22.8
73260,23.8
73320,22.6
73380,22.4
73440,23.4
73500,23.2
73560,23.6
73620,24.0
73680,24.8
73740,25.0
73800,23.6
73860,23.6
73920,23.2
73980,24.0
74040,23.8
74100,26.2
74160,25.2
74220,24.8
74280,23.6
74340,22.8
74400,22.0
74460,22.8
74520,21.8
74580,22.2
74640,23.6
74700,22.6
74760,23.6
74820,24.0
74880,20.4
74940,21.4
75000,22.6
75060,22.8
75120,23.4
75180,23.6
75240,23.0
75300,23.8
75360,23.4
75420,22.4
75480,24.4
75540,24.2
75600,25.0
75660,23.6
75720,24.4
75780,23.4
75840,25.4
75900,25.0
75960,23.6
76020,24.4
76080,24.8
76140,24.8
76200,24.4
76260,25.6
76320,24.2
76380,24.4
76440,23.2
76500,24.2
76560,25.6
76620,23.8
76680,23.8
76740,23.8
76800,24.8
76860,23.8
76920,24.2
76980,24.0
77040,23.8
77100,23.4
77160,24.0
77220,22.8
77280,24.4
77340,23.6
77400,25.0
77460,24.4
77520,24.6
77580,23.6
77640,24.6
77700,23.4
77760,24.8
77820,23.8
77880,25.6
77940,23.2
78000,25.0
78060,22.8
78120,23.0
78180,23.6
78240,23.4
78300,24.4
78360,24.4
78420,25.2
78480,24.0
78540,22.0
78600,24.6
78660,24.2
78720,23.4
78780,23.6
78840,24.2
78900,23.2
78960,24.6
79020,24.8
79080,23.2
79140,24.2
79200,23.0
79260,23.2
79320,24.4
79380,24.2
79440,23.4
79500,24.0
79560,22.2
79620,24.2
79680,24.4
79740,23.2
79800,23.8
79860,24.0
79920,23.8
79980,24.8
80040,24.8
80100,24.0
80160,25.6
80220,23.4
80280,26.0
80340,25.0
80400,24.4
80460,23.4
80520,24.4
80580,25.4
80640,24.6
80700,24.8
80760,25.4
80820,25.0
80880,26.2
80940,23.2
81000,24.4
81060,24.4
81120,24.4
81180,24.6
81240,24.0
81300,24.0
81360,24.0
81420,24.8
81480,26.0
81540,24.0
81600,24.2
81660,23.2
81720,23.6
81780,23.6
81840,24.6
81900,24.6
81960,23.8
82020,25.0
82080,25.0
82140,23.8
82200,24.8
82260,26.0
82320,24.2
82380,24.6
82440,25.0
82500,24.8
82560,23.4
82620,24.2
82680,26.0
82740,25.8
82800,25.2
82860,25.2
82920,25.4
82980,23.6
83040,25.2
83100,23.6
83160,24.6
83220,24.0
83280,24.8
83340,23.4
83400,24.2
83460,23.6
83520,23.2
83580,24.6
83640,23.6
83700,24.0
83760,23.2
83820,23.4
83880,24.0
83940,22.0
84000,22.0
84060,23.2
84120,21.8
84180,22.0
84240,22.2
84300,24.6
84360,22.8
84420,24.2
84480,22.8
84540,23.2
84600,24.0
84660,23.4
84720,25.0
84780,22.6
84840,22.4
84900,22.6
84960,22.8
85020,23.6
85080,22.6
85140,24.0
85200,24.2
85260,22.2
85320,23.8
85380,23.4
85440,24.4
85500,24.4
85560,24.0
85620,24.6
85680,25.0
85740,24.0
85800,24.6
85860,22.8
85920,23.8
85980,23.8
86040,23.0
86100,26.0
86160,24.6
86220,24.6
86280,25.0
86340,25.8
86400,26.4
86460,24.8
86520,24.8
86580,25.2
86640,23.8
86700,24.6
86760,26.0
86820,26.0
86880,25.2
86940,24.0
87000,24.0
87060,24.4
87120,25.0
87180,22.8
87240,24.4
87300,22.8
87360,23.4
87420,25.4
87480,24.0
87540,24.0
87600,23.8
87660,24.6
87720,23.2
87780,23.0
87840,24.2
87900,23.2
87960,23.8
88020,23.8
88080,23.8
88140,24.0
88200,23.2
88260,23.6
88320,22.0
88380,24.2
88440,24.6
88500,23.0
88560,24.0
88620,23.2
88680,25.0
88740,24.6
88800,26.0
88860,23.4
88920,24.0
88980,23.0
89040,22.4
89100,22.6
89160,23.2
89220,22.0
89280,24.2
89340,22.8
89400,22.6
89460,22.4
89520,23.6
89580,23.6
89640,23.4
89700,23.0
89760,24.0
89820,23.6
89880,21.8
89940,23.0
90000,24.8
