#Steps,score
60,0.8
120,1.2
180,1.4
240,1.4
300,0.8
360,0.4
420,2.2
480,1.0
540,1.0
600,0.8
660,0.8
720,1.2
780,0.6
840,1.0
900,0.8
960,1.2
1020,0.6
1080,1.6
1140,0.8
1200,1.2
1260,1.0
1320,0.4
1380,1.2
1440,0.4
1500,1.0
1560,1.6
1620,1.8
1680,2.2
1740,1.0
1800,0.8
1860,0.8
1920,0.6
1980,1.2
2040,0.4
2100,1.2
2160,1.0
2220,1.4
2280,0.8
2340,2.0
2400,0.4
2460,0.8
2520,0.8
2580,1.2
2640,1.0
2700,1.6
2760,1.2
2820,1.8
2880,1.0
2940,1.6
3000,1.0
3060,0.8
3120,1.4
3180,1.8
3240,1.4
3300,1.2
3360,1.2
3420,0.6
3480,1.2
3540,1.8
3600,0.8
3660,1.8
3720,1.6
3780,1.0
3840,2.2
3900,0.6
3960,1.2
4020,1.6
4080,1.4
4140,2.4
4200,0.6
4260,1.2
4320,1.2
4380,0.8
4440,1.6
4500,1.6
4560,0.8
4620,1.2
4680,1.0
4740,0.8
4800,1.4
4860,1.6
4920,1.8
4980,1.8
5040,1.6
5100,0.8
5160,1.4
5220,1.0
5280,1.8
5340,0.8
5400,1.0
5460,2.0
5520,1.6
5580,1.2
5640,2.0
5700,2.0
5760,0.2
5820,1.2
5880,1.6
5940,1.4
6000,1.8
6060,1.8
6120,1.4
6180,1.8
6240,1.0
6300,1.2
6360,1.8
6420,1.0
6480,0.8
6540,1.8
6600,1.0
6660,0.8
6720,1.4
6780,1.0
6840,0.8
6900,1.8
6960,0.8
7020,0.8
7080,1.4
7140,1.6
7200,1.2
7260,1.4
7320,1.6
7380,0.6
7440,1.6
7500,0.8
7560,2.2
7620,1.4
7680,1.8
7740,1.8
7800,1.2
7860,1.6
7920,0.4
7980,1.0
8040,1.2
8100,0.8
8160,1.4
8220,1.4
8280,0.6
8340,1.6
8400,0.6
8460,1.2
8520,1.4
8580,1.0
8640,1.6
8700,1.2
8760,1.6
8820,0.6
8880,0.8
8940,1.4
9000,1.4
9060,0.8
9120,1.2
9180,1.6
9240,1.8
9300,1.6
9360,1.4
9420,0.8
9480,1.6
9540,1.6
9600,1.8
9660,1.0
9720,1.0
9780,1.2
9840,1.6
9900,1.0
9960,1.8
10020,1.0
10080,1.0
10140,1.8
10200,1.8
10260,2.0
10320,1.2
10380,1.0
10440,0.8
10500,2.0
10560,1.2
10620,0.2
10680,2.0
10740,1.8
10800,1.2
10860,1.0
10920,0.4
10980,1.2
11040,1.8
11100,1.2
11160,1.0
11220,2.0
11280,1.0
11340,1.4
11400,2.2
11460,1.0
11520,0.6
11580,1.6
11640,1.2
11700,2.2
11760,1.2
11820,2.4
11880,1.2
11940,1.0
12000,2.4
12060,3.0
12120,2.0
12180,1.6
12240,1.4
12300,2.4
12360,2.0
12420,0.8
12480,1.8
12540,2.6
12600,1.0
12660,2.0
12720,2.2
12780,1.0
12840,1.6
12900,2.0
12960,2.4
13020,2.8
13080,2.0
13140,1.8
13200,2.0
13260,0.8
13320,1.2
13380,1.6
13440,0.6
13500,0.8
13560,1.0
13620,1.4
13680,1.0
13740,1.4
13800,1.6
13860,2.4
13920,1.0
13980,1.4
14040,0.8
14100,1.4
14160,2.4
14220,1.4
14280,1.6
14340,1.2
14400,0.6
14460,1.8
14520,1.2
14580,1.6
14640,0.8
14700,2.0
14760,1.4
14820,1.8
14880,1.2
14940,2.0
15000,1.0
15060,1.6
15120,1.0
15180,2.2
15240,1.6
15300,0.6
15360,1.0
15420,3.0
15480,1.2
15540,1.8
15600,1.8
15660,1.4
15720,1.4
15780,1.6
15840,1.8
15900,1.4
15960,1.0
16020,1.2
16080,1.4
16140,2.4
16200,1.6
16260,0.6
16320,2.2
16380,0.8
16440,1.8
16500,1.8
16560,2.2
16620,1.2
16680,1.4
16740,1.8
16800,1.2
16860,0.8
16920,1.4
16980,1.0
17040,2.0
17100,0.6
17160,1.4
17220,1.8
17280,1.2
17340,1.4
17400,1.6
17460,1.6
17520,1.4
17580,1.4
17640,2.0
17700,2.2
17760,1.6
17820,1.8
17880,2.0
17940,1.4
18000,1.8
18060,1.8
18120,1.6
18180,3.6
18240,2.0
18300,1.8
18360,2.4
18420,1.8
18480,1.8
18540,2.2
18600,1.8
18660,3.2
18720,1.8
18780,1.2
18840,1.4
18900,2.0
18960,2.6
19020,1.8
19080,2.2
19140,1.4
19200,1.2
19260,1.4
19320,2.8
19380,1.8
19440,1.0
19500,2.2
19560,1.6
19620,1.6
19680,2.4
19740,2.2
19800,0.8
19860,1.8
19920,2.4
19980,2.2
20040,2.2
20100,1.6
20160,1.0
20220,1.0
20280,1.0
20340,2.0
20400,2.0
20460,0.8
20520,0.4
20580,2.4
20640,2.0
20700,2.0
20760,1.8
20820,3.2
20880,2.0
20940,1.2
21000,1.8
21060,2.2
21120,0.6
21180,2.2
21240,2.0
21300,2.0
21360,2.4
21420,2.4
21480,1.8
21540,1.6
21600,1.8
21660,1.8
21720,2.0
21780,1.2
21840,2.6
21900,2.2
21960,2.6
22020,2.8
22080,1.8
22140,2.2
22200,1.6
22260,0.8
22320,2.0
22380,3.8
22440,2.0
22500,2.0
22560,2.0
22620,2.0
22680,2.2
22740,3.2
22800,2.2
22860,2.0
22920,2.0
22980,2.2
23040,3.2
23100,2.2
23160,2.2
23220,3.2
23280,2.6
23340,2.4
23400,2.6
23460,2.4
23520,2.6
23580,2.6
23640,3.2
23700,3.4
23760,2.8
23820,2.6
23880,3.6
23940,4.0
24000,5.0
24060,5.6
24120,7.2
24180,7.6
24240,7.6
24300,9.4
24360,10.8
24420,13.8
24480,17.8
24540,21.0
24600,22.6
24660,23.4
24720,22.2
24780,21.0
24840,19.2
24900,17.8
24960,16.4
25020,12.0
25080,9.4
25140,9.0
25200,9.0
25260,7.2
25320,6.2
25380,5.2
25440,5.2
25500,5.6
25560,4.4
25620,4.8
25680,5.0
25740,4.0
25800,4.4
25860,3.6
25920,3.2
25980,3.8
26040,4.2
26100,3.0
26160,3.6
26220,3.8
26280,3.8
26340,4.2
26400,4.2
26460,4.2
26520,3.2
26580,4.0
26640,2.6
26700,4.0
26760,3.6
26820,3.4
26880,2.6
26940,4.4
27000,3.6
27060,3.2
27120,2.4
27180,4.6
27240,3.4
27300,4.2
27360,4.0
27420,3.8
27480,3.4
27540,3.8
27600,4.2
27660,5.0
27720,3.0
27780,5.4
27840,5.4
27900,5.0
27960,6.4
28020,4.0
28080,4.0
28140,5.2
28200,5.2
28260,5.2
28320,4.8
28380,6.2
28440,5.4
28500,6.4
28560,6.6
28620,6.2
28680,7.0
28740,5.2
28800,6.8
28860,7.0
28920,7.8
28980,8.4
29040,7.8
29100,8.2
29160,9.0
29220,8.2
29280,9.2
29340,11.2
29400,12.2
29460,12.6
29520,13.0
29580,15.4
29640,13.8
29700,15.4
29760,15.6
29820,18.6
29880,18.6
29940,16.8
30000,18.6
30060,19.4
30120,18.2
30180,18.2
30240,19.4
30300,18.0
30360,18.4
30420,19.8
30480,18.4
30540,18.2
30600,17.6
30660,19.2
30720,19.0
30780,19.8
30840,22.0
30900,21.4
30960,22.2
31020,20.2
31080,21.4
31140,21.8
31200,23.8
31260,24.6
31320,23.0
31380,23.6
31440,22.2
31500,20.8
31560,22.4
31620,23.0
31680,22.4
31740,20.6
31800,21.6
31860,22.0
31920,21.8
31980,22.4
32040,22.0
32100,24.0
32160,21.8
32220,22.8
32280,23.2
32340,22.2
32400,24.6
32460,23.4
32520,22.0
32580,23.4
32640,22.6
32700,24.0
32760,24.0
32820,22.4
32880,23.2
32940,24.6
33000,24.6
33060,23.0
33120,24.2
33180,23.8
33240,24.0
33300,24.2
33360,23.6
33420,23.4
33480,23.6
33540,24.0
33600,24.6
33660,23.0
33720,22.6
33780,22.6
33840,22.6
33900,24.4
33960,22.6
34020,22.8
34080,25.0
34140,25.4
34200,24.0
34260,24.0
34320,22.6
34380,23.6
34440,23.0
34500,23.0
34560,25.4
34620,25.0
34680,22.6
34740,22.8
34800,23.0
34860,24.6
34920,22.6
34980,21.6
35040,22.6
35100,21.6
35160,22.2
35220,23.2
35280,21.6
35340,21.8
35400,23.2
35460,23.0
35520,22.0
35580,22.6
35640,22.8
35700,21.8
35760,24.0
35820,22.8
35880,23.6
35940,23.0
36000,23.6
36060,22.8
36120,22.8
36180,21.8
36240,23.6
36300,23.8
36360,23.8
36420,23.4
36480,22.0
36540,22.4
36600,23.2
36660,23.8
36720,24.4
36780,25.0
36840,23.0
36900,23.2
36960,24.2
37020,24.6
37080,24.2
37140,23.6
37200,23.0
37260,24.2
37320,23.6
37380,23.2
37440,23.2
37500,24.0
37560,23.8
37620,23.0
37680,23.2
37740,22.2
37800,22.6
37860,23.0
37920,21.6
37980,23.8
38040,24.0
38100,23.6
38160,23.6
38220,23.2
38280,23.8
38340,23.0
38400,23.4
38460,23.4
38520,23.8
38580,23.2
38640,23.0
38700,23.8
38760,23.6
38820,23.8
38880,23.0
38940,24.8
39000,24.4
39060,25.2
39120,23.6
39180,23.8
39240,23.0
39300,21.8
39360,25.2
39420,23.2
39480,23.0
39540,23.0
39600,22.0
39660,23.6
39720,22.6
39780,23.2
39840,25.2
39900,23.6
39960,22.0
40020,24.4
40080,22.2
40140,24.2
40200,22.2
40260,23.6
40320,23.2
40380,23.6
40440,25.8
40500,23.4
40560,23.0
40620,23.2
40680,24.2
40740,24.2
40800,22.6
40860,23.0
40920,24.0
40980,25.0
41040,24.2
41100,23.6
41160,23.8
41220,24.2
41280,24.2
41340,24.2
41400,24.4
41460,25.8
41520,26.0
41580,25.2
41640,25.0
41700,24.4
41760,24.0
41820,23.8
41880,25.6
41940,23.8
42000,23.6
42060,23.4
42120,23.8
42180,23.8
42240,24.6
42300,24.2
42360,25.0
42420,23.4
42480,25.0
42540,24.6
42600,23.6
42660,24.8
42720,25.0
42780,23.8
42840,24.2
42900,23.6
42960,24.4
43020,23.2
43080,24.4
43140,24.0
43200,23.8
43260,24.0
43320,24.6
43380,21.4
43440,23.8
43500,24.0
43560,24.4
43620,24.0
43680,23.4
43740,24.0
43800,23.2
43860,23.2
43920,24.4
43980,23.2
44040,23.6
44100,24.6
44160,24.8
44220,25.4
44280,24.8
44340,23.2
44400,23.0
44460,24.8
44520,23.6
44580,25.8
44640,25.2
44700,23.0
44760,24.4
44820,24.6
44880,24.2
44940,23.6
45000,24.8
45060,24.4
45120,25.0
45180,22.6
45240,22.8
45300,24.6
45360,25.4
45420,23.6
45480,24.6
45540,23.4
45600,25.2
45660,23.4
45720,23.0
45780,23.8
45840,23.8
45900,25.0
45960,23.8
46020,25.6
46080,24.2
46140,25.4
46200,23.6
46260,23.0
46320,24.4
46380,23.8
46440,22.6
46500,23.0
46560,25.0
46620,24.0
46680,23.8
46740,24.4
46800,23.6
46860,23.8
46920,25.8
46980,24.6
47040,26.0
47100,24.2
47160,24.6
47220,24.8
47280,25.0
47340,24.8
47400,24.0
47460,23.8
47520,24.6
47580,24.4
47640,24.2
47700,23.6
47760,23.6
47820,22.6
47880,25.4
47940,24.0
48000,23.8
48060,24.4
48120,23.8
48180,23.4
48240,23.6
48300,23.4
48360,23.0
48420,23.2
48480,23.2
48540,23.4
48600,22.2
48660,23.4
48720,22.4
48780,20.8
48840,22.4
48900,22.0
48960,23.2
49020,22.0
49080,20.8
49140,21.0
49200,19.8
49260,20.4
49320,21.0
49380,21.6
49440,21.4
49500,20.8
49560,21.4
49620,22.4
49680,22.6
49740,22.2
49800,23.0
49860,23.2
49920,25.0
49980,23.8
50040,23.6
50100,22.6
50160,24.2
50220,25.2
50280,25.4
50340,24.0
50400,24.0
50460,24.2
50520,24.2
50580,24.8
50640,23.2
50700,24.8
50760,23.4
50820,24.6
50880,25.4
50940,24.0
51000,24.0
51060,23.8
51120,25.2
51180,24.2
51240,23.8
51300,24.0
51360,24.8
51420,24.6
51480,23.8
51540,25.0
51600,24.2
51660,23.8
51720,24.0
51780,25.2
51840,22.8
51900,26.6
51960,23.8
52020,24.8
52080,25.0
52140,25.4
52200,24.4
52260,24.8
52320,23.4
52380,23.8
52440,23.0
52500,24.4
52560,24.6
52620,25.0
52680,24.6
52740,24.8
52800,25.0
52860,24.8
52920,23.0
52980,24.8
53040,23.4
53100,24.6
53160,24.2
53220,22.4
53280,22.8
53340,22.8
53400,22.6
53460,23.8
53520,24.2
53580,24.0
53640,22.8
53700,25.0
53760,23.8
53820,23.6
53880,22.4
53940,23.8
54000,24.0
54060,22.8
54120,23.2
54180,24.4
54240,23.0
54300,24.2
54360,24.6
54420,24.2
54480,24.2
54540,23.2
54600,23.4
54660,24.4
54720,23.6
54780,24.6
54840,24.2
54900,24.6
54960,24.2
55020,23.8
55080,24.0
55140,23.6
55200,25.6
55260,25.2
55320,24.0
55380,23.8
55440,24.8
55500,24.8
55560,24.6
55620,24.2
55680,24.6
55740,24.4
55800,24.4
55860,24.6
55920,23.2
55980,24.4
56040,24.4
56100,23.8
56160,24.2
56220,24.0
56280,24.2
56340,24.2
56400,23.6
56460,25.0
56520,23.2
56580,24.6
56640,25.4
56700,25.2
56760,23.4
56820,23.8
56880,24.2
56940,24.0
57000,24.0
57060,24.6
57120,25.4
57180,24.2
57240,24.8
57300,23.4
57360,26.2
57420,24.0
57480,24.6
57540,24.0
57600,23.4
57660,23.2
57720,23.8
57780,23.6
57840,25.0
57900,23.4
57960,24.2
58020,24.2
58080,23.4
58140,22.8
58200,26.0
58260,23.8
58320,25.0
58380,23.4
58440,25.2
58500,24.2
58560,24.2
58620,24.0
58680,23.8
58740,24.8
58800,24.0
58860,24.6
58920,24.2
58980,24.0
59040,24.6
59100,25.0
59160,24.2
59220,24.6
59280,24.8
59340,23.2
59400,23.2
59460,23.2
59520,25.2
59580,25.4
59640,23.0
59700,23.4
59760,25.0
59820,23.8
59880,24.6
59940,24.0
60000,23.4
60060,24.0
60120,24.2
60180,24.8
60240,23.2
60300,24.2
60360,26.2
60420,24.4
60480,25.4
60540,23.2
60600,23.8
60660,25.0
60720,25.2
60780,23.6
60840,25.6
60900,23.4
60960,23.8
61020,26.8
61080,24.8
61140,24.2
61200,25.2
61260,24.8
61320,24.6
61380,24.6
61440,24.4
61500,25.2
61560,25.4
61620,26.0
61680,25.4
61740,25.2
61800,25.0
61860,25.2
61920,23.8
61980,26.8
62040,26.0
62100,24.4
62160,24.4
62220,23.4
62280,23.6
62340,24.6
62400,25.0
62460,26.2
62520,25.6
62580,25.0
62640,23.8
62700,24.6
62760,24.4
62820,24.4
62880,24.2
62940,26.0
63000,26.0
63060,25.6
63120,26.4
63180,24.4
63240,25.0
63300,25.6
63360,25.0
63420,25.4
63480,23.8
63540,25.4
63600,25.4
63660,24.8
63720,27.0
63780,23.6
63840,25.8
63900,26.2
63960,27.0
64020,24.8
64080,24.6
64140,26.6
64200,23.4
64260,26.8
64320,25.8
64380,24.6
64440,24.2
64500,24.8
64560,24.6
64620,24.6
64680,25.0
64740,25.0
64800,24.6
64860,25.4
64920,26.2
64980,26.2
65040,23.2
65100,24.4
65160,26.0
65220,24.8
65280,24.6
65340,25.4
65400,25.4
65460,25.4
65520,25.0
65580,24.6
65640,25.8
65700,24.4
65760,25.6
65820,25.0
65880,23.8
65940,23.8
66000,25.2
66060,24.4
66120,26.8
66180,23.2
66240,26.6
66300,24.4
66360,25.2
66420,24.2
66480,23.8
66540,25.4
66600,23.8
66660,24.6
66720,25.4
66780,24.8
66840,24.4
66900,23.0
66960,24.8
67020,24.6
67080,23.8
67140,24.8
67200,24.6
67260,22.8
67320,25.8
67380,23.8
67440,25.6
67500,25.2
67560,23.0
67620,22.8
67680,22.6
67740,22.8
67800,24.2
67860,21.8
67920,23.8
67980,22.8
68040,24.4
68100,24.6
68160,24.0
68220,22.4
68280,23.8
68340,22.0
68400,22.8
68460,23.4
68520,25.0
68580,23.6
68640,24.0
68700,23.4
68760,24.0
68820,23.6
68880,24.8
68940,22.6
69000,24.6
69060,24.0
69120,24.6
69180,23.8
69240,24.6
69300,23.0
69360,24.6
69420,23.2
69480,23.4
69540,22.4
69600,24.2
69660,23.8
69720,22.8
69780,24.4
69840,23.8
69900,24.8
69960,25.0
70020,23.4
70080,23.8
70140,25.0
70200,24.0
70260,25.2
70320,24.0
70380,24.6
70440,24.0
70500,23.0
70560,23.8
70620,25.0
70680,24.2
70740,24.6
70800,23.8
70860,25.0
70920,25.2
70980,24.4
71040,25.0
71100,23.0
71160,23.2
71220,25.6
71280,25.0
71340,22.6
71400,23.6
71460,23.8
71520,23.0
71580,23.6
71640,25.0
71700,23.8
71760,24.8
71820,25.2
71880,23.4
71940,23.4
72000,24.0
72060,23.2
72120,26.8
72180,27.2
72240,24.8
72300,24.8
72360,24.2
72420,24.8
72480,24.6
72540,25.6
72600,26.2
72660,26.2
72720,25.8
72780,24.6
72840,25.4
72900,23.8
72960,25.2
73020,24.4
73080,24.8
73140,23.8
73200,26.2
73260,25.4
73320,24.0
73380,24.8
73440,24.4
73500,24.8
73560,26.0
73620,25.8
73680,24.2
73740,27.0
73800,24.8
73860,26.4
73920,25.2
73980,24.4
74040,23.4
74100,23.2
74160,24.6
74220,25.8
74280,25.2
74340,24.6
74400,24.8
74460,25.4
74520,24.4
74580,24.2
74640,23.6
74700,24.2
74760,23.6
74820,25.8
74880,26.2
74940,26.2
75000,22.6
75060,24.8
75120,24.0
75180,25.4
75240,25.8
75300,25.4
75360,26.0
75420,26.0
75480,24.6
75540,25.0
75600,25.6
75660,25.0
75720,24.8
75780,24.8
75840,25.8
75900,25.0
75960,24.4
76020,25.4
76080,25.2
76140,25.4
76200,24.8
76260,23.8
76320,23.6
76380,25.6
76440,25.2
76500,24.6
76560,25.6
76620,24.0
76680,25.6
76740,24.0
76800,24.8
76860,24.2
76920,26.0
76980,26.2
77040,25.8
77100,24.6
77160,25.6
77220,25.2
77280,27.2
77340,25.6
77400,25.6
77460,26.6
77520,25.0
77580,25.8
77640,26.0
77700,24.0
77760,26.0
77820,24.6
77880,25.2
77940,25.0
78000,25.0
78060,24.2
78120,25.8
78180,25.0
78240,26.0
78300,24.6
78360,25.0
78420,23.8
78480,25.2
78540,25.2
78600,24.0
78660,25.2
78720,26.0
78780,23.4
78840,25.0
78900,26.2
78960,24.8
79020,23.4
79080,25.4
79140,23.2
79200,24.8
79260,25.0
79320,23.8
79380,24.0
79440,25.0
79500,24.6
79560,25.4
79620,25.2
79680,23.2
79740,25.2
79800,24.8
79860,23.8
79920,22.2
79980,23.4
80040,23.2
80100,21.8
80160,22.2
80220,22.6
80280,20.8
80340,22.0
80400,23.2
80460,24.2
80520,23.4
80580,23.8
80640,22.8
80700,22.2
80760,22.2
80820,22.8
80880,24.2
80940,25.0
81000,24.6
81060,23.4
81120,25.4
81180,25.2
81240,24.8
81300,23.6
81360,25.4
81420,24.6
81480,24.8
81540,25.0
81600,25.0
81660,25.2
81720,24.4
81780,24.2
81840,26.0
81900,25.6
81960,25.4
82020,23.4
82080,25.8
82140,24.4
82200,25.0
82260,25.0
82320,25.6
82380,25.6
82440,24.0
82500,25.8
82560,24.2
82620,24.8
82680,24.4
82740,24.4
82800,25.8
82860,23.6
82920,26.2
82980,24.2
83040,25.0
83100,25.8
83160,26.2
83220,26.0
83280,25.6
83340,25.8
83400,24.8
83460,25.4
83520,24.8
83580,23.2
83640,24.0
83700,24.8
83760,25.6
83820,24.8
83880,22.6
83940,24.4
84000,23.6
84060,23.8
84120,25.0
84180,23.0
84240,23.2
84300,24.2
84360,24.0
84420,24.0
84480,23.8
84540,24.2
84600,25.6
84660,24.8
84720,23.4
84780,25.6
84840,24.8
84900,23.8
84960,24.0
85020,23.8
85080,23.2
85140,24.0
85200,22.6
85260,25.0
85320,23.8
85380,23.2
85440,23.8
85500,23.2
85560,23.8
85620,24.2
85680,24.2
85740,25.2
85800,24.4
85860,23.4
85920,24.6
85980,23.4
86040,24.8
86100,24.2
86160,24.6
86220,25.8
86280,25.0
86340,24.6
86400,26.0
86460,25.2
86520,24.6
86580,24.0
86640,25.2
86700,25.2
86760,24.8
86820,25.6
86880,25.4
86940,25.2
87000,24.8
87060,25.4
87120,24.6
87180,24.2
87240,25.6
87300,25.6
87360,24.4
87420,24.8
87480,25.0
87540,24.4
87600,24.8
87660,25.6
87720,24.8
87780,25.6
87840,26.8
87900,24.8
87960,24.0
88020,24.6
88080,25.6
88140,25.2
88200,25.6
88260,24.4
88320,23.6
88380,25.6
88440,24.0
88500,24.6
88560,25.6
88620,24.0
88680,25.2
88740,25.2
88800,26.2
88860,23.4
88920,24.6
88980,24.2
89040,23.8
89100,24.8
89160,23.4
89220,24.6
89280,23.8
89340,23.8
89400,25.0
89460,24.6
89520,24.4
89580,25.2
89640,24.4
89700,25.2
89760,24.0
89820,25.4
89880,24.4
89940,24.6
90000,24.2
90060,24.0
90120,25.2
90180,23.4
90240,23.6
90300,24.8
90360,25.0
90420,25.4
90480,24.6
90540,24.6
90600,26.0
90660,25.0
90720,24.6
90780,23.8
90840,23.8
90900,23.4
90960,24.0
91020,23.8
91080,24.0
91140,23.4
91200,24.4
91260,23.4
91320,22.4
91380,23.6
91440,24.0
91500,24.0
91560,23.6
91620,23.4
91680,24.6
91740,24.2
91800,24.6
91860,23.8
91920,23.6
91980,25.6
92040,23.4
92100,25.0
92160,23.4
92220,25.6
92280,24.0
92340,22.8
92400,24.2
92460,24.6
92520,24.2
92580,23.2
92640,23.2
92700,24.8
92760,24.6
92820,23.8
92880,23.6
92940,24.4
93000,25.4
93060,23.4
93120,24.2
93180,24.2
93240,23.6
93300,24.4
93360,24.4
93420,24.4
93480,24.2
93540,23.0
93600,24.2
93660,24.8
93720,23.4
93780,24.4
93840,25.4
93900,24.0
93960,25.6
94020,23.2
94080,23.8
94140,24.4
94200,25.0
94260,23.2
94320,23.6
94380,21.6
94440,22.2
94500,23.8
94560,24.0
94620,24.6
94680,23.6
94740,24.2
94800,23.2
94860,23.8
94920,24.8
94980,24.4
95040,24.6
95100,21.8
95160,23.0
95220,23.2
95280,25.0
95340,22.4
95400,23.4
95460,24.2
95520,23.6
95580,24.4
95640,24.2
95700,24.4
95760,24.6
95820,25.6
95880,25.2
95940,24.4
96000,23.2
96060,24.6
96120,24.8
96180,23.8
96240,24.4
96300,24.4
96360,24.2
96420,24.8
96480,24.8
96540,25.2
96600,24.6
96660,23.8
96720,25.2
96780,25.8
96840,25.0
96900,24.0
96960,24.2
97020,24.2
97080,24.4
97140,24.4
97200,24.8
97260,23.8
97320,24.0
97380,26.0
97440,23.6
97500,24.4
97560,24.0
97620,24.2
97680,23.2
97740,25.2
97800,24.2
97860,25.0
97920,22.8
97980,24.0
98040,25.2
98100,23.8
98160,24.2
98220,25.0
98280,24.4
98340,24.4
98400,24.8
98460,22.4
98520,24.0
98580,22.6
98640,26.0
98700,24.4
98760,23.0
98820,24.0
98880,25.2
98940,23.4
99000,24.8
99060,25.4
99120,24.0
99180,24.4
99240,24.6
99300,24.6
99360,24.2
99420,24.2
99480,23.6
99540,24.0
99600,24.0
99660,24.6
99720,23.0
99780,23.4
99840,23.8
99900,24.2
99960,23.8
100020,26.2
100080,23.4
100140,24.4
100200,26.2
100260,26.6
100320,25.2
100380,24.6
100440,25.4
100500,23.4
100560,24.4
100620,24.0
100680,24.0
100740,24.4
100800,24.0
100860,24.2
100920,24.6
100980,25.2
101040,23.6
101100,24.4
101160,26.0
101220,24.2
101280,24.2
101340,24.0
101400,25.8
101460,27.0
101520,25.4
101580,23.8
101640,24.8
101700,24.0
101760,23.6
101820,23.0
101880,25.2
101940,23.2
102000,23.8
102060,23.8
102120,22.8
102180,23.2
102240,23.0
102300,24.2
102360,23.8
102420,25.0
102480,23.8
102540,25.0
102600,25.4
102660,25.8
102720,24.4
102780,25.4
102840,23.6
102900,24.0
102960,24.2
103020,25.2
103080,25.0
103140,23.4
103200,24.4
103260,25.4
103320,25.0
103380,23.6
103440,25.0
103500,24.0
103560,23.2
103620,24.6
103680,26.2
103740,24.4
103800,25.4
103860,25.0
103920,26.6
103980,24.4
104040,25.8
104100,25.0
104160,27.4
104220,23.6
104280,25.8
104340,24.8
104400,25.2
104460,24.2
104520,25.0
104580,24.4
104640,22.8
104700,23.4
104760,24.4
104820,24.6
104880,24.8
104940,24.6
105000,23.8
105060,23.4
105120,24.4
105180,24.2
105240,25.0
105300,24.0
105360,24.0
105420,23.8
105480,25.0
105540,24.2
105600,23.6
105660,23.6
105720,23.6
105780,24.2
105840,22.6
105900,23.2
105960,22.6
106020,23.6
106080,22.6
106140,24.6
106200,23.0
106260,22.6
106320,23.2
106380,25.0
106440,24.6
106500,23.4
106560,24.0
106620,24.2
106680,23.2
106740,23.2
106800,24.8
106860,23.2
106920,23.6
106980,25.0
107040,24.0
107100,25.2
107160,24.6
107220,23.8
107280,23.8
107340,24.4
107400,25.2
107460,26.0
107520,24.4
107580,23.2
107640,24.0
107700,24.8
107760,25.0
107820,25.0
107880,23.8
107940,24.4
108000,24.8
108060,25.8
108120,24.2
108180,24.6
108240,25.6
108300,25.6
108360,24.8
108420,24.4
108480,23.8
108540,24.2
108600,23.2
108660,22.4
108720,24.8
108780,23.8
108840,24.8
108900,24.4
108960,23.4
109020,23.0
109080,24.8
109140,25.0
109200,22.8
109260,23.4
109320,24.0
109380,24.2
109440,24.0
109500,24.0
109560,23.2
109620,24.6
109680,22.8
109740,22.6
109800,24.0
109860,23.8
109920,24.4
109980,25.4
110040,24.4
110100,25.4
110160,25.0
110220,24.0
110280,25.6
110340,24.4
110400,23.2
110460,25.6
110520,24.2
110580,24.8
110640,23.6
110700,23.6
110760,23.2
110820,25.0
110880,25.0
110940,24.4
111000,24.8
111060,24.4
111120,25.0
111180,24.6
111240,25.6
111300,24.8
111360,25.0
111420,24.4
111480,25.6
111540,27.4
111600,25.0
111660,25.4
111720,22.8
111780,25.0
111840,25.8
111900,26.4
111960,25.6
112020,24.2
112080,24.0
112140,26.0
112200,24.4
112260,25.0
112320,24.4
112380,25.6
112440,24.4
112500,26.2
112560,24.0
112620,23.0
112680,24.6
112740,26.2
112800,24.8
112860,25.4
112920,25.6
112980,25.6
113040,24.0
113100,24.4
113160,25.2
113220,24.4
113280,24.6
113340,25.6
113400,25.0
113460,26.0
113520,25.6
113580,24.6
113640,25.4
113700,26.4
113760,25.4
113820,25.6
113880,24.2
113940,26.2
114000,26.4
114060,24.0
114120,24.8
114180,24.8
114240,26.4
114300,24.4
114360,26.0
114420,25.4
114480,24.2
114540,24.6
114600,24.6
114660,24.6
114720,25.0
114780,24.0
114840,24.2
114900,24.0
114960,25.6
115020,24.0
115080,25.2
115140,25.0
115200,25.4
115260,24.8
115320,25.4
115380,24.4
115440,26.0
115500,25.0
115560,25.6
115620,24.2
115680,24.8
115740,24.6
115800,25.4
115860,24.2
115920,25.6
115980,25.0
116040,26.2
116100,24.0
116160,24.4
116220,26.0
116280,24.8
116340,25.6
116400,24.4
116460,23.6
116520,23.0
116580,24.8
116640,24.6
116700,24.8
116760,23.8
116820,23.8
116880,24.6
116940,24.8
117000,25.2
117060,25.0
117120,22.4
117180,23.8
117240,23.8
117300,23.0
117360,23.0
117420,23.8
117480,23.0
117540,23.6
117600,23.6
117660,22.2
117720,24.0
117780,23.4
117840,22.2
117900,24.0
117960,23.8
118020,23.2
118080,22.0
118140,23.4
118200,23.2
118260,24.0
118320,22.8
118380,24.0
118440,25.0
118500,24.0
118560,23.8
118620,21.8
118680,23.8
118740,24.0
118800,25.4
118860,23.6
118920,23.6
118980,24.0
119040,23.0
119100,23.8
119160,24.2
119220,24.6
119280,24.4
119340,23.0
119400,24.6
119460,24.0
119520,24.6
119580,24.6
119640,24.4
119700,23.0
119760,25.8
119820,22.8
119880,24.8
119940,24.6
120000,24.2
120060,25.4
120120,23.4
120180,24.8
120240,25.4
120300,23.6
120360,22.8
120420,26.2
120480,24.8
120540,24.2
120600,25.0
120660,23.4
120720,24.0
120780,23.6
120840,23.6
120900,24.6
120960,25.6
121020,23.8
121080,23.4
121140,24.2
121200,24.4
121260,24.8
121320,23.2
121380,22.4
121440,24.0
121500,24.0
121560,24.8
121620,24.4
121680,25.4
121740,23.8
121800,23.4
121860,25.0
121920,24.0
121980,23.6
122040,25.0
122100,24.8
122160,22.2
122220,24.8
122280,23.8
122340,24.4
122400,23.8
122460,24.2
122520,24.0
122580,21.6
122640,24.8
122700,22.2
122760,24.2
122820,24.0
122880,24.2
122940,22.8
123000,22.4
123060,22.8
123120,24.2
123180,24.6
123240,23.6
123300,24.8
123360,23.8
123420,24.4
123480,24.2
123540,24.2
123600,23.4
123660,23.0
123720,24.4
123780,23.4
123840,24.2
123900,23.2
123960,23.2
124020,24.2
124080,23.4
124140,24.2
124200,24.0
124260,23.2
124320,23.8
124380,23.4
124440,25.8
124500,24.4
124560,25.6
124620,24.6
124680,23.8
124740,24.4
124800,26.0
124860,23.8
124920,24.6
124980,25.2
125040,24.2
125100,25.0
125160,25.6
125220,24.8
125280,23.0
125340,25.2
125400,25.4
125460,25.2
125520,23.4
125580,24.6
125640,26.4
125700,24.0
125760,25.4
125820,24.6
125880,25.0
125940,24.6
126000,26.0
126060,25.4
126120,25.6
126180,25.8
126240,24.2
126300,24.0
126360,25.2
126420,25.6
126480,26.4
126540,26.4
126600,26.2
126660,24.6
126720,25.4
126780,27.2
126840,25.8
126900,23.6
126960,25.4
127020,26.4
127080,24.2
127140,23.8
127200,25.0
127260,24.4
127320,24.2
127380,24.6
127440,24.6
127500,25.2
127560,26.8
127620,24.0
127680,25.2
127740,24.0
127800,24.2
127860,25.0
127920,25.2
127980,23.8
128040,22.6
128100,23.0
128160,24.8
128220,24.6
128280,23.4
128340,23.8
128400,25.8
128460,23.6
128520,23.2
128580,24.2
128640,23.8
128700,25.0
128760,23.0
128820,23.6
128880,24.8
128940,24.8
129000,25.4
129060,25.0
129120,24.4
129180,25.4
129240,24.8
129300,23.4
129360,24.4
129420,26.0
129480,25.8
129540,24.8
129600,24.8
129660,24.4
129720,24.8
129780,24.8
129840,26.0
129900,25.6
129960,24.2
130020,24.8
130080,24.8
130140,24.8
130200,24.8
130260,26.0
130320,25.2
130380,24.6
130440,23.4
130500,24.2
130560,24.6
130620,24.0
130680,22.6
130740,24.2
130800,24.0
130860,24.4
130920,24.0
130980,23.0
131040,24.2
131100,23.4
131160,24.8
131220,23.8
131280,23.6
131340,23.8
131400,23.8
131460,24.6
131520,24.8
131580,23.0
131640,25.0
131700,22.8
131760,22.6
131820,20.0
131880,22.8
131940,23.0
132000,22.0
132060,23.2
132120,21.0
132180,23.0
132240,20.6
132300,22.2
132360,20.8
132420,23.0
132480,21.4
132540,22.8
132600,23.4
132660,23.2
132720,22.4
132780,24.4
132840,24.0
132900,24.0
132960,24.0
133020,25.6
