#Steps,score
60,0.2
120,0.8
180,0.8
240,2.0
300,0.8
360,1.4
420,1.6
480,0.6
540,1.0
600,1.8
660,1.2
720,0.8
780,1.0
840,0.2
900,1.2
960,1.0
1020,0.8
1080,0.8
1140,1.8
1200,0.6
1260,1.4
1320,1.8
1380,1.0
1440,0.8
1500,0.4
1560,1.2
1620,0.6
1680,0.6
1740,0.6
1800,1.8
1860,1.2
1920,1.2
1980,0.8
2040,1.8
2100,2.4
2160,1.2
2220,0.6
2280,0.8
2340,0.8
2400,0.8
2460,1.0
2520,0.8
2580,1.0
2640,0.6
2700,1.0
2760,0.8
2820,1.0
2880,0.4
2940,1.0
3000,1.4
3060,1.4
3120,1.8
3180,0.6
3240,2.2
3300,1.2
3360,0.8
3420,0.8
3480,0.8
3540,1.6
3600,0.8
3660,1.2
3720,1.0
3780,0.8
3840,0.8
3900,0.8
3960,1.6
4020,1.0
4080,0.6
4140,0.4
4200,1.2
4260,1.2
4320,1.4
4380,1.8
4440,0.8
4500,0.8
4560,0.8
4620,0.6
4680,1.4
4740,0.6
4800,1.2
4860,1.0
4920,1.6
4980,1.8
5040,1.6
5100,0.6
5160,1.2
5220,1.8
5280,1.2
5340,0.8
5400,1.0
5460,1.2
5520,0.6
5580,1.0
5640,0.4
5700,1.0
5760,0.6
5820,1.8
5880,2.4
5940,1.0
6000,0.8
6060,1.4
6120,1.2
6180,1.6
6240,0.6
6300,1.8
6360,1.0
6420,1.2
6480,0.6
6540,1.4
6600,1.0
6660,0.8
6720,1.4
6780,1.0
6840,0.8
6900,1.4
6960,1.2
7020,1.8
7080,1.4
7140,1.4
7200,1.6
7260,1.4
7320,1.2
7380,1.8
7440,1.8
7500,1.2
7560,1.0
7620,0.8
7680,1.2
7740,0.8
7800,1.2
7860,1.6
7920,1.2
7980,1.0
8040,1.4
8100,1.4
8160,1.2
8220,1.4
8280,1.2
8340,1.6
8400,0.0
8460,1.6
8520,1.0
8580,1.6
8640,1.0
8700,1.0
8760,1.8
8820,1.0
8880,0.8
8940,1.0
9000,1.4
9060,0.8
9120,1.0
9180,1.4
9240,1.0
9300,1.2
9360,1.4
9420,1.4
9480,1.2
9540,1.2
9600,1.2
9660,0.8
9720,1.0
9780,1.0
9840,1.2
9900,2.0
9960,1.2
10020,1.4
10080,1.2
10140,1.8
10200,2.0
10260,1.8
10320,1.2
10380,1.6
10440,0.8
10500,0.6
10560,1.4
10620,1.8
10680,2.0
10740,1.6
10800,1.2
10860,0.8
10920,1.8
10980,1.0
11040,1.0
11100,1.0
11160,0.8
11220,0.8
11280,2.2
11340,1.0
11400,1.0
11460,0.4
11520,0.6
11580,1.4
11640,1.8
11700,1.8
11760,1.4
11820,1.2
11880,1.4
11940,2.2
12000,1.2
12060,1.4
12120,1.8
12180,1.0
12240,1.0
12300,1.6
12360,1.8
12420,1.8
12480,1.2
12540,2.0
12600,1.2
12660,1.4
12720,1.8
12780,1.4
12840,2.0
12900,0.6
12960,1.6
13020,1.6
13080,0.8
13140,1.8
13200,2.0
13260,1.2
13320,1.4
13380,0.8
13440,1.2
13500,1.0
13560,2.0
13620,0.4
13680,0.8
13740,1.2
13800,0.4
13860,1.2
13920,1.4
13980,1.0
14040,1.4
14100,0.8
14160,1.2
14220,0.8
14280,1.2
14340,1.8
14400,1.0
14460,2.2
14520,1.2
14580,1.4
14640,0.6
14700,1.8
14760,1.6
14820,0.6
14880,1.8
14940,1.2
15000,1.0
15060,1.0
15120,2.8
15180,2.0
15240,0.8
15300,1.2
15360,1.4
15420,0.8
15480,1.0
15540,1.0
15600,1.4
15660,1.4
15720,1.0
15780,1.6
15840,1.2
15900,1.0
15960,1.6
16020,1.6
16080,0.8
16140,0.8
16200,1.6
16260,2.0
16320,2.0
16380,1.2
16440,1.2
16500,1.6
16560,0.4
16620,1.4
16680,1.4
16740,1.0
16800,1.4
16860,1.0
16920,1.8
16980,0.6
17040,1.2
17100,1.4
17160,1.2
17220,1.6
17280,1.2
17340,1.6
17400,1.4
17460,1.2
17520,1.6
17580,0.4
17640,0.8
17700,1.0
17760,1.8
17820,1.8
17880,2.6
17940,1.0
18000,1.6
18060,1.6
18120,0.6
18180,1.8
18240,2.0
18300,1.0
18360,2.0
18420,1.8
18480,1.6
18540,1.6
18600,1.6
18660,0.4
18720,1.2
18780,1.8
18840,2.2
18900,1.2
18960,1.8
19020,1.4
19080,2.0
19140,0.6
19200,1.0
19260,1.0
19320,1.8
19380,1.6
19440,1.4
19500,1.4
19560,1.4
19620,1.2
19680,1.8
19740,2.6
19800,1.6
19860,2.0
19920,0.8
19980,1.4
20040,0.8
20100,2.2
20160,2.6
20220,1.6
20280,1.2
20340,1.2
20400,1.2
20460,0.8
20520,2.6
20580,0.8
20640,3.0
20700,1.4
20760,1.6
20820,1.6
20880,2.2
20940,2.0
21000,1.4
21060,1.8
21120,0.8
21180,1.0
21240,2.0
21300,1.4
21360,0.8
21420,1.6
21480,2.0
21540,2.2
21600,2.4
21660,0.8
21720,1.8
21780,1.0
21840,1.0
21900,0.6
21960,1.2
22020,1.0
22080,0.8
22140,0.8
22200,2.8
22260,0.8
22320,1.4
22380,1.4
22440,0.8
22500,2.2
22560,2.6
22620,1.0
22680,1.2
22740,0.4
22800,2.0
22860,1.0
22920,1.2
22980,1.6
23040,1.6
23100,1.8
23160,1.4
23220,1.2
23280,1.0
23340,1.4
23400,2.4
23460,1.8
23520,2.2
23580,1.6
23640,1.2
23700,1.8
23760,1.6
23820,1.4
23880,1.4
23940,1.6
24000,2.0
24060,1.6
24120,2.0
24180,1.0
24240,2.2
24300,1.4
24360,1.4
24420,1.2
24480,1.4
24540,1.2
24600,2.2
24660,1.4
24720,1.6
24780,1.4
24840,1.8
24900,1.0
24960,1.0
25020,1.0
25080,1.0
25140,1.8
25200,1.6
25260,2.2
25320,1.2
25380,1.0
25440,1.4
25500,1.0
25560,0.8
25620,1.0
25680,1.4
25740,1.4
25800,2.2
25860,1.2
25920,1.2
25980,1.2
26040,1.0
26100,1.8
26160,1.6
26220,1.4
26280,1.2
26340,1.2
26400,1.2
26460,1.8
26520,1.4
26580,1.6
26640,1.4
26700,1.2
26760,1.2
26820,1.6
26880,1.2
26940,1.4
27000,1.4
27060,0.8
27120,1.4
27180,1.2
27240,2.0
27300,1.2
27360,1.2
27420,1.2
27480,0.8
27540,1.8
27600,1.6
27660,2.4
27720,1.8
27780,1.4
27840,1.0
27900,2.4
27960,1.4
28020,1.6
28080,2.0
28140,1.6
28200,1.0
28260,2.6
28320,1.6
28380,2.2
28440,1.2
28500,1.4
28560,1.4
28620,1.0
28680,1.2
28740,1.2
28800,0.4
28860,1.2
28920,2.4
28980,1.6
29040,1.6
29100,2.0
29160,2.8
29220,2.0
29280,1.2
29340,1.6
29400,1.6
29460,2.0
29520,1.4
29580,1.2
29640,2.6
29700,2.2
29760,0.2
29820,1.8
29880,1.8
29940,1.6
30000,1.0
30060,1.8
30120,2.2
30180,1.8
30240,1.4
30300,2.4
30360,1.0
30420,1.8
30480,1.0
30540,1.4
30600,1.8
30660,1.4
30720,1.6
30780,1.2
30840,1.2
30900,1.8
30960,1.8
31020,1.0
31080,2.6
31140,1.2
31200,2.2
31260,2.0
31320,1.6
31380,1.8
31440,2.6
31500,1.2
31560,1.4
31620,0.6
31680,2.4
31740,2.6
31800,2.6
31860,1.6
31920,0.8
31980,1.4
32040,2.0
32100,2.0
32160,1.8
32220,1.6
32280,2.4
32340,2.0
32400,2.2
32460,1.0
32520,1.4
32580,1.8
32640,1.8
32700,3.0
32760,1.2
32820,2.6
32880,2.0
32940,3.8
33000,2.2
33060,2.0
33120,3.0
33180,2.4
33240,1.4
33300,3.4
33360,2.0
33420,1.0
33480,1.8
33540,2.0
33600,2.2
33660,2.0
33720,3.2
33780,3.0
33840,2.4
33900,2.6
33960,2.4
34020,2.6
34080,1.2
34140,3.0
34200,3.2
34260,2.4
34320,3.0
34380,3.8
34440,3.4
34500,3.0
34560,3.0
34620,2.2
34680,2.8
34740,3.0
34800,1.8
34860,2.8
34920,2.4
34980,2.4
35040,0.6
35100,2.2
35160,2.6
35220,2.8
35280,1.6
35340,2.6
35400,1.0
35460,1.0
35520,1.6
35580,2.2
35640,0.6
35700,0.8
35760,2.0
35820,2.2
35880,0.6
35940,2.6
36000,2.0
36060,2.0
36120,1.8
36180,2.6
36240,2.2
36300,1.8
36360,0.8
36420,1.8
36480,2.2
36540,2.0
36600,2.8
36660,2.6
36720,3.0
36780,1.6
36840,1.6
36900,2.2
36960,2.2
37020,2.6
37080,1.8
37140,2.2
37200,2.2
37260,1.4
37320,2.4
37380,3.6
37440,2.4
37500,2.6
37560,3.6
37620,2.8
37680,2.2
37740,2.8
37800,2.0
37860,3.4
37920,3.4
37980,3.4
38040,1.8
38100,2.6
38160,2.6
38220,3.0
38280,3.0
38340,2.8
38400,3.4
38460,5.4
38520,4.4
38580,3.0
38640,2.4
38700,4.2
38760,3.6
38820,4.0
38880,4.8
38940,3.2
39000,3.0
39060,4.2
39120,4.2
39180,3.8
39240,3.0
39300,5.6
39360,3.8
39420,3.2
39480,4.0
39540,5.6
39600,5.6
39660,3.8
39720,4.8
39780,4.4
39840,2.4
39900,3.8
39960,3.6
40020,5.0
40080,4.4
40140,2.6
40200,3.8
40260,4.0
40320,4.0
40380,3.2
40440,4.6
40500,3.6
40560,3.8
40620,3.2
40680,3.2
40740,3.4
40800,4.4
40860,2.4
40920,5.6
40980,3.0
41040,3.6
41100,4.2
41160,4.0
41220,3.4
41280,6.2
41340,2.0
41400,6.2
41460,4.4
41520,4.8
41580,5.0
41640,5.4
41700,5.4
41760,5.4
41820,5.8
41880,5.2
41940,5.4
42000,5.4
42060,5.6
42120,5.0
42180,7.2
42240,5.2
42300,7.0
42360,5.6
42420,8.0
42480,5.4
42540,7.8
42600,9.6
42660,9.8
42720,7.8
42780,6.2
42840,9.6
42900,9.8
42960,9.2
43020,8.8
43080,11.0
43140,10.0
43200,11.2
43260,10.2
43320,9.6
43380,9.6
43440,10.2
43500,8.4
43560,7.8
43620,8.6
43680,7.6
43740,8.6
43800,5.6
43860,5.4
43920,6.6
43980,5.8
44040,7.8
44100,7.6
44160,7.4
44220,7.0
44280,6.4
44340,7.2
44400,6.6
44460,7.2
44520,8.4
44580,6.0
44640,8.0
44700,6.6
44760,9.0
44820,6.4
44880,7.0
44940,8.4
45000,8.0
45060,9.0
45120,11.4
45180,10.6
45240,9.8
45300,10.0
45360,9.6
45420,11.0
45480,11.8
45540,9.6
45600,11.2
45660,11.4
45720,13.6
45780,12.8
45840,12.2
45900,10.6
45960,12.2
46020,14.8
46080,12.6
46140,14.2
46200,15.0
46260,15.0
46320,13.6
46380,16.8
46440,14.4
46500,17.8
46560,16.4
46620,17.4
46680,17.8
46740,17.8
46800,17.4
46860,18.0
46920,19.2
46980,20.0
47040,20.6
47100,21.0
47160,19.8
47220,20.4
47280,20.0
47340,20.8
47400,22.4
47460,21.8
47520,22.4
47580,21.8
47640,22.4
47700,21.6
47760,22.4
47820,23.0
47880,23.4
47940,23.0
48000,24.0
48060,23.0
48120,22.8
48180,23.2
48240,24.0
48300,22.4
48360,23.0
48420,23.2
48480,24.2
48540,24.4
48600,22.8
48660,24.4
48720,23.8
48780,24.2
48840,23.0
48900,24.0
48960,22.6
49020,24.0
49080,23.6
49140,23.2
49200,23.0
49260,23.8
49320,24.8
49380,22.0
49440,25.2
49500,25.2
49560,23.8
49620,23.0
49680,24.0
49740,23.6
49800,25.2
49860,24.2
49920,25.4
49980,25.0
50040,23.6
50100,25.0
50160,24.0
50220,23.2
50280,25.6
50340,24.4
50400,24.8
50460,26.0
50520,23.2
50580,25.0
50640,26.2
50700,24.8
50760,25.0
50820,23.6
50880,24.8
50940,24.8
51000,24.2
51060,25.2
51120,24.8
51180,25.2
51240,24.2
51300,25.6
51360,25.6
51420,24.8
51480,25.8
51540,24.0
51600,25.0
51660,24.8
51720,25.4
51780,23.8
51840,23.0
51900,25.2
51960,24.8
52020,25.8
52080,23.4
52140,22.6
52200,24.6
52260,24.2
52320,25.6
52380,23.4
52440,23.6
52500,25.8
52560,24.6
52620,24.0
52680,23.0
52740,24.4
52800,23.2
52860,24.4
52920,24.6
52980,24.8
53040,25.8
53100,23.2
53160,24.4
53220,25.8
53280,24.2
53340,25.4
53400,25.2
53460,24.4
53520,23.0
53580,24.0
53640,23.6
53700,24.2
53760,23.8
53820,25.8
53880,23.6
53940,24.4
54000,22.4
54060,23.8
54120,24.4
54180,22.8
54240,24.4
54300,22.8
54360,24.2
54420,23.4
54480,22.8
54540,21.8
54600,23.8
54660,22.2
54720,24.8
54780,22.0
54840,23.8
54900,22.4
54960,22.8
55020,24.2
55080,23.6
55140,23.6
55200,21.4
55260,23.0
55320,22.4
55380,21.8
55440,21.8
55500,23.2
55560,23.6
55620,22.2
55680,22.0
55740,21.4
55800,22.8
55860,22.4
55920,22.4
55980,22.2
56040,22.0
56100,22.8
56160,22.6
56220,23.4
56280,22.0
56340,24.6
56400,23.2
56460,23.8
56520,20.8
56580,23.2
56640,24.0
56700,22.6
56760,24.2
56820,22.2
56880,20.4
56940,23.0
57000,22.0
57060,23.2
57120,21.8
57180,21.6
57240,22.6
57300,23.0
57360,23.4
57420,23.8
57480,23.8
57540,24.0
57600,21.8
57660,23.8
57720,22.2
57780,22.8
57840,22.2
57900,24.0
57960,23.2
58020,24.4
58080,22.8
58140,21.6
58200,24.4
58260,23.2
58320,22.6
58380,23.6
58440,23.8
58500,23.8
58560,23.6
58620,24.6
58680,23.2
58740,24.0
58800,22.4
58860,25.0
58920,22.8
58980,23.2
59040,24.0
59100,22.4
59160,24.2
59220,24.0
59280,23.8
59340,25.6
59400,24.8
59460,23.0
59520,23.6
59580,23.0
59640,23.0
59700,23.0
59760,24.0
59820,25.2
59880,24.0
59940,25.6
60000,24.4
60060,25.2
60120,24.8
60180,24.6
60240,25.4
60300,23.6
60360,24.2
60420,25.2
60480,25.4
60540,23.6
60600,25.2
60660,25.2
60720,23.2
60780,25.2
60840,25.6
60900,24.8
60960,23.8
61020,24.2
61080,23.6
61140,23.0
61200,25.2
61260,24.4
61320,24.0
61380,25.2
61440,24.0
61500,24.6
61560,26.4
61620,26.0
61680,26.2
61740,24.2
61800,23.6
61860,23.8
61920,24.0
61980,24.8
62040,23.2
62100,23.4
62160,23.0
62220,25.4
62280,24.4
62340,24.0
62400,25.2
62460,25.2
62520,23.4
62580,24.2
62640,26.0
62700,24.4
62760,23.6
62820,24.2
62880,23.6
62940,24.4
63000,24.6
63060,23.8
63120,24.6
63180,23.8
63240,24.6
63300,24.2
63360,24.0
63420,25.2
63480,25.2
63540,25.2
63600,24.2
63660,25.4
63720,23.8
63780,24.6
63840,25.6
63900,24.8
63960,24.6
64020,24.2
64080,25.4
64140,24.6
64200,24.2
64260,26.0
64320,25.8
64380,25.8
64440,25.6
64500,24.2
64560,24.4
64620,26.2
64680,24.0
64740,24.4
64800,25.0
64860,26.0
64920,24.0
64980,24.8
65040,25.6
65100,25.4
65160,24.4
65220,24.2
65280,25.0
65340,25.4
65400,24.8
65460,24.8
65520,24.6
65580,23.8
65640,24.6
65700,24.6
65760,23.2
65820,23.6
65880,23.0
65940,23.0
66000,25.2
66060,23.4
66120,24.8
66180,24.2
66240,25.4
66300,25.0
66360,24.0
66420,24.2
66480,25.2
66540,24.8
66600,24.8
66660,23.0
66720,25.6
66780,25.6
66840,25.2
66900,26.0
66960,23.6
67020,25.4
67080,24.4
67140,24.8
67200,24.0
67260,23.4
67320,24.2
67380,24.0
67440,24.2
67500,24.0
67560,24.2
67620,23.4
67680,23.8
67740,24.8
67800,23.4
67860,24.4
67920,23.8
67980,24.0
68040,23.6
68100,23.6
68160,23.0
68220,21.8
68280,23.0
68340,23.4
68400,23.0
68460,24.8
68520,25.2
68580,24.2
68640,24.2
68700,23.2
68760,24.6
68820,23.4
68880,24.4
68940,23.8
69000,24.2
69060,24.0
69120,25.6
69180,26.0
69240,23.2
69300,24.8
69360,23.6
69420,25.0
69480,24.2
69540,24.4
69600,24.0
69660,23.2
69720,26.0
69780,26.0
69840,25.8
69900,25.2
69960,23.6
70020,25.6
70080,23.6
70140,25.0
70200,24.6
70260,26.0
70320,25.2
70380,24.4
70440,25.6
70500,24.2
70560,25.4
70620,24.8
70680,23.8
70740,24.6
70800,25.8
70860,24.4
70920,23.8
70980,24.8
71040,24.2
71100,25.8
71160,25.0
71220,25.0
71280,27.0
71340,25.6
71400,26.2
71460,25.4
71520,26.8
71580,24.4
71640,25.8
71700,24.8
71760,26.4
71820,24.8
71880,23.2
71940,24.2
72000,24.6
72060,24.6
72120,26.2
72180,24.6
72240,27.2
72300,24.8
72360,25.8
72420,25.0
72480,25.0
72540,24.4
72600,26.6
72660,25.0
72720,26.6
72780,25.2
72840,25.2
72900,25.2
72960,24.4
73020,24.6
73080,24.0
73140,24.4
73200,24.0
73260,24.4
73320,24.6
73380,23.2
73440,24.8
73500,24.6
73560,24.2
73620,24.6
73680,24.6
73740,23.6
73800,24.4
73860,24.0
73920,24.8
73980,24.0
74040,24.4
74100,24.6
74160,25.2
74220,25.2
74280,25.4
74340,24.2
74400,25.6
74460,25.4
74520,24.8
74580,25.8
74640,23.8
74700,22.6
74760,25.0
74820,24.6
74880,24.4
74940,24.6
75000,25.2
75060,25.4
75120,24.6
75180,24.2
75240,25.6
75300,24.0
75360,26.0
75420,24.6
75480,25.0
75540,25.8
75600,25.2
75660,24.4
75720,24.4
75780,25.2
75840,24.0
75900,25.4
75960,24.4
76020,24.6
76080,23.8
76140,23.4
76200,23.0
76260,23.4
76320,23.2
76380,24.2
76440,23.6
76500,24.4
76560,25.0
76620,23.4
76680,25.0
76740,24.6
76800,24.0
76860,24.2
76920,24.4
76980,24.4
77040,23.0
77100,25.2
77160,23.4
77220,24.8
77280,24.6
77340,23.0
77400,24.2
77460,25.2
77520,26.0
77580,25.0
77640,25.4
77700,24.6
77760,25.0
77820,22.2
77880,25.4
77940,25.2
78000,24.0
78060,26.2
78120,25.6
78180,27.2
78240,24.4
78300,25.6
78360,25.2
78420,24.2
78480,25.2
78540,26.0
78600,25.8
78660,24.6
78720,24.2
78780,24.4
78840,25.4
78900,24.0
78960,23.2
79020,25.4
79080,27.0
79140,24.2
79200,25.0
79260,26.0
79320,23.8
79380,27.2
79440,23.0
79500,24.0
79560,25.2
79620,22.8
79680,26.0
79740,25.6
79800,25.4
79860,25.6
79920,26.0
79980,25.0
80040,26.0
80100,25.2
80160,24.4
80220,26.0
80280,25.6
80340,24.8
80400,25.4
80460,26.4
80520,25.4
80580,25.0
80640,25.0
80700,25.2
80760,25.0
80820,25.2
80880,26.6
80940,24.0
81000,25.2
81060,24.4
81120,25.0
81180,25.4
81240,25.8
81300,26.4
81360,25.2
81420,25.6
81480,24.4
81540,26.0
81600,25.6
81660,26.2
81720,25.2
81780,24.0
81840,24.8
81900,24.8
81960,26.4
82020,25.2
82080,25.6
82140,28.0
82200,24.0
82260,25.8
82320,24.2
82380,24.2
82440,23.6
82500,23.8
82560,25.4
82620,24.6
82680,25.0
82740,25.0
82800,26.0
82860,24.0
82920,23.6
82980,24.0
83040,24.6
83100,24.8
83160,25.6
83220,24.0
83280,24.8
83340,26.0
83400,23.8
83460,23.8
83520,25.0
83580,24.0
83640,24.8
83700,26.4
83760,26.2
83820,23.8
83880,25.0
83940,23.4
84000,25.4
84060,25.4
84120,25.2
84180,23.8
84240,24.0
84300,24.4
84360,22.6
84420,23.6
84480,23.4
84540,25.2
84600,23.8
84660,24.6
84720,23.8
84780,24.4
84840,24.4
84900,24.2
84960,24.4
85020,24.0
85080,24.2
85140,25.2
85200,24.8
85260,23.8
85320,24.8
85380,25.6
85440,25.4
85500,23.2
85560,24.4
85620,24.2
85680,22.6
85740,24.4
85800,24.6
85860,23.6
85920,25.0
85980,23.8
86040,23.8
86100,23.4
86160,23.0
86220,24.4
86280,23.4
86340,23.0
86400,23.2
86460,25.0
86520,23.0
86580,23.8
86640,23.6
86700,23.6
86760,22.4
86820,22.8
86880,21.2
86940,22.4
87000,22.2
87060,22.8
87120,21.4
87180,21.0
87240,21.8
87300,19.8
87360,21.4
87420,21.2
87480,21.2
87540,23.0
87600,22.0
87660,22.8
87720,21.8
87780,22.8
87840,24.0
87900,23.2
87960,23.2
88020,23.8
88080,25.2
88140,23.2
88200,24.6
88260,24.4
88320,24.4
88380,24.4
88440,23.2
88500,25.4
88560,22.8
88620,25.2
88680,24.2
88740,23.4
88800,25.4
88860,23.0
88920,26.4
88980,25.0
89040,24.0
89100,24.6
89160,25.4
89220,24.8
89280,24.8
89340,24.2
89400,23.8
89460,26.2
89520,25.2
89580,25.8
89640,26.8
89700,25.8
89760,25.8
89820,25.6
89880,25.6
89940,23.6
90000,23.2
90060,24.8
90120,24.2
90180,23.8
90240,24.2
90300,26.2
90360,25.0
90420,24.8
90480,25.4
90540,24.6
90600,26.6
90660,25.2
90720,25.0
90780,24.8
90840,24.8
90900,23.4
90960,23.8
91020,23.6
91080,25.6
91140,25.8
91200,26.6
91260,25.2
91320,26.2
91380,24.4
91440,25.0
91500,25.4
91560,25.2
91620,25.0
91680,24.2
91740,24.4
91800,24.4
91860,25.4
91920,25.2
91980,26.0
92040,24.6
92100,24.2
92160,25.2
92220,25.4
92280,25.2
92340,24.8
92400,25.2
92460,23.8
92520,25.0
92580,27.0
92640,25.0
92700,26.2
92760,24.4
92820,26.4
92880,24.6
92940,24.4
93000,24.8
93060,24.8
93120,24.2
93180,25.6
93240,24.6
93300,26.0
93360,24.2
93420,25.2
93480,24.2
93540,23.6
93600,25.4
93660,24.2
93720,24.6
93780,23.2
93840,24.6
93900,26.2
93960,26.0
94020,24.4
94080,27.0
94140,26.8
94200,25.8
94260,25.8
94320,25.4
94380,25.8
94440,23.4
94500,24.8
94560,24.8
94620,26.4
94680,26.6
94740,23.8
94800,25.4
94860,24.6
94920,25.0
94980,24.6
95040,24.8
95100,24.8
95160,25.2
95220,23.2
95280,25.2
95340,26.0
95400,26.6
95460,25.6
95520,25.4
95580,25.0
95640,25.6
95700,26.0
95760,26.2
95820,26.0
95880,25.8
95940,25.4
96000,24.6
96060,24.6
96120,24.8
96180,25.2
96240,24.6
96300,26.0
96360,25.0
96420,26.0
96480,25.8
96540,25.6
96600,23.8
96660,24.8
96720,25.0
96780,26.8
96840,25.0
96900,24.8
96960,23.8
97020,26.0
97080,23.8
97140,25.2
97200,24.8
97260,25.4
97320,24.2
97380,25.0
97440,24.6
97500,25.6
97560,25.2
97620,24.6
97680,25.6
97740,24.8
97800,25.8
97860,24.4
97920,23.0
97980,23.6
98040,24.6
98100,25.2
98160,25.2
98220,24.0
98280,25.6
98340,24.6
98400,23.8
98460,24.4
98520,25.0
98580,23.2
98640,24.6
98700,24.6
98760,25.0
98820,25.2
98880,26.2
98940,27.0
99000,25.0
99060,26.0
99120,23.0
99180,23.8
99240,24.8
99300,24.6
99360,24.2
99420,22.0
99480,26.2
99540,24.8
99600,25.8
99660,25.2
99720,24.6
99780,24.4
99840,26.0
99900,23.8
99960,25.2
100020,24.8
100080,24.8
100140,24.2
100200,24.8
100260,26.0
100320,25.6
100380,25.0
100440,26.4
100500,26.4
100560,25.2
100620,24.8
100680,24.2
100740,25.4
100800,24.4
100860,24.4
100920,25.0
100980,26.8
101040,25.0
101100,26.4
101160,23.6
101220,25.8
101280,25.2
101340,25.4
101400,24.8
101460,24.8
101520,25.0
101580,23.2
101640,24.8
101700,24.0
101760,24.6
101820,23.4
101880,23.0
101940,23.2
102000,25.4
102060,22.6
102120,24.0
102180,24.4
102240,25.4
102300,22.8
102360,24.8
102420,24.8
102480,24.0
102540,24.8
102600,24.2
102660,23.6
102720,24.2
102780,24.4
102840,24.2
102900,23.8
102960,23.8
103020,24.2
103080,23.8
103140,23.4
103200,24.4
103260,25.0
103320,24.6
103380,22.4
103440,24.2
103500,22.4
103560,25.2
103620,22.8
103680,23.6
103740,23.6
103800,24.4
103860,23.4
103920,24.6
103980,24.4
104040,24.0
104100,25.8
104160,24.2
104220,23.2
104280,25.0
104340,24.4
104400,24.2
104460,23.2
104520,23.4
104580,24.2
104640,25.0
104700,24.0
104760,22.8
104820,23.8
104880,25.4
104940,25.0
105000,24.4
105060,26.0
105120,22.8
105180,24.4
105240,23.0
105300,25.0
105360,23.6
105420,24.0
105480,24.8
105540,25.0
105600,25.0
105660,23.8
105720,25.4
105780,23.4
105840,25.2
105900,25.8
105960,25.0
106020,25.2
106080,25.6
106140,24.6
106200,26.6
106260,25.2
106320,24.0
106380,24.2
106440,23.4
106500,25.4
106560,26.4
106620,25.2
106680,26.2
106740,24.6
106800,26.4
106860,25.6
106920,27.0
106980,23.8
107040,24.4
107100,25.0
107160,24.2
107220,25.2
107280,24.8
107340,26.0
107400,25.4
107460,26.6
107520,25.8
107580,25.2
107640,23.8
107700,25.8
107760,26.2
107820,25.2
107880,24.6
107940,24.8
108000,25.2
108060,24.2
108120,23.4
108180,24.6
108240,25.8
108300,23.4
108360,25.8
108420,25.0
108480,23.8
108540,23.8
108600,24.6
108660,24.6
108720,24.8
108780,24.0
108840,23.8
108900,22.8
108960,23.8
109020,25.8
109080,24.2
109140,24.4
109200,25.4
109260,24.8
109320,23.6
109380,25.6
109440,25.2
109500,25.2
109560,23.6
109620,24.8
109680,24.4
109740,25.4
109800,25.4
109860,26.0
109920,24.0
109980,23.8
110040,24.6
110100,24.4
110160,25.0
110220,24.4
110280,24.2
110340,25.6
110400,25.4
110460,25.2
110520,24.6
110580,24.8
110640,24.4
110700,27.0
110760,25.2
110820,25.4
110880,25.4
110940,24.8
111000,24.8
111060,26.2
111120,24.2
111180,24.6
111240,24.2
111300,25.4
111360,25.8
111420,25.0
111480,25.8
111540,26.4
111600,24.8
111660,25.4
111720,24.4
111780,26.0
111840,26.4
111900,24.0
111960,26.0
112020,25.4
112080,26.0
112140,24.8
112200,24.6
112260,27.4
112320,26.0
112380,25.4
112440,26.0
112500,25.8
112560,25.6
112620,25.4
112680,26.0
112740,23.8
112800,25.8
112860,24.4
112920,25.0
112980,26.4
113040,25.0
113100,24.0
113160,24.2
113220,26.0
113280,25.2
113340,25.0
113400,24.2
113460,24.6
113520,23.8
113580,25.2
113640,23.4
113700,25.2
113760,25.6
113820,26.2
113880,24.2
113940,25.8
114000,24.0
114060,24.6
114120,23.6
114180,24.4
114240,25.2
114300,24.6
114360,24.6
114420,26.8
114480,25.2
114540,24.8
114600,25.4
114660,23.8
114720,24.2
114780,25.0
114840,25.0
114900,23.4
114960,24.6
115020,23.6
115080,24.6
115140,24.0
115200,23.8
115260,24.8
115320,25.0
115380,24.8
115440,23.4
115500,25.0
115560,25.0
115620,22.4
115680,23.2
115740,23.4
115800,23.8
115860,25.0
115920,24.8
115980,23.6
116040,26.4
116100,24.6
116160,23.2
116220,24.8
116280,23.6
116340,23.8
116400,23.4
116460,24.4
116520,23.6
116580,24.4
116640,23.2
116700,24.0
116760,23.8
116820,23.4
116880,24.2
116940,25.8
117000,23.4
117060,24.4
117120,24.8
117180,25.6
117240,25.6
117300,25.6
117360,25.6
117420,23.8
117480,25.0
117540,25.6
117600,26.2
117660,25.4
117720,24.0
117780,24.4
117840,24.4
117900,25.8
117960,23.8
118020,25.2
118080,24.0
118140,25.2
118200,25.6
118260,24.0
118320,25.4
118380,24.2
118440,25.4
118500,23.8
118560,25.8
118620,25.4
118680,24.6
118740,25.2
118800,24.2
118860,26.2
118920,24.6
118980,25.4
119040,25.4
119100,26.8
119160,25.6
119220,23.6
119280,24.4
119340,24.4
119400,25.0
119460,25.0
119520,25.2
119580,24.4
119640,25.4
119700,25.2
119760,25.4
119820,23.8
119880,24.6
119940,25.2
120000,25.4
120060,25.2
120120,25.2
120180,24.6
120240,25.4
120300,26.2
120360,24.4
120420,26.4
120480,24.8
120540,25.0
120600,26.0
120660,24.2
120720,26.0
120780,25.8
120840,24.6
120900,26.8
120960,25.2
121020,25.8
121080,25.6
121140,25.2
121200,25.2
121260,25.2
121320,25.0
121380,25.0
121440,26.0
121500,24.4
121560,25.8
121620,26.2
121680,24.6
121740,23.6
121800,26.0
121860,25.6
121920,25.2
121980,26.6
122040,25.4
122100,26.6
122160,24.6
122220,25.6
122280,25.2
122340,23.8
122400,24.2
122460,25.6
122520,25.2
122580,25.4
122640,24.6
122700,25.0
122760,24.2
122820,26.0
122880,24.0
122940,25.4
123000,25.0
123060,24.8
123120,25.0
123180,25.8
123240,25.8
123300,24.8
123360,23.8
123420,24.8
123480,25.4
123540,24.8
123600,25.4
123660,26.0
123720,24.6
123780,24.8
123840,25.6
123900,25.4
123960,24.8
124020,26.4
124080,25.0
124140,26.4
124200,25.2
124260,26.2
124320,25.2
124380,25.0
124440,25.6
124500,25.2
124560,24.8
124620,26.0
124680,24.8
124740,24.4
124800,27.2
124860,26.2
124920,25.2
124980,25.0
125040,26.2
125100,24.6
125160,26.2
125220,25.6
125280,24.2
125340,25.2
125400,25.4
125460,26.4
125520,25.0
125580,23.2
125640,25.0
125700,25.4
125760,25.4
125820,24.4
125880,22.8
125940,26.6
126000,25.2
126060,24.8
126120,25.2
126180,24.4
126240,23.2
126300,25.2
126360,25.2
126420,26.8
126480,25.0
126540,23.6
126600,24.0
126660,24.8
126720,24.4
126780,26.2
126840,25.0
126900,24.4
126960,23.6
127020,24.4
127080,25.0
127140,25.8
127200,24.4
127260,22.8
127320,26.0
127380,25.0
127440,24.4
127500,24.8
127560,25.8
127620,25.2
127680,24.8
127740,25.6
127800,25.4
127860,24.2
127920,26.0
127980,26.2
128040,23.8
128100,26.4
128160,25.6
128220,26.2
128280,26.4
128340,24.4
128400,25.8
128460,26.0
128520,24.8
128580,25.8
128640,25.0
128700,25.0
128760,25.0
128820,25.4
128880,26.4
128940,24.4
129000,24.6
129060,25.0
129120,23.4
129180,24.0
129240,24.6
129300,24.4
129360,24.6
129420,26.0
129480,25.6
129540,25.8
129600,24.8
129660,24.2
129720,24.2
129780,25.4
129840,24.6
129900,25.0
129960,24.8
130020,23.8
130080,25.0
130140,23.2
130200,23.8
130260,25.8
130320,25.4
130380,24.4
130440,25.8
130500,25.4
130560,26.0
130620,25.2
130680,23.0
130740,26.0
130800,25.8
130860,23.8
130920,26.0
130980,24.6
131040,26.0
131100,23.4
131160,25.2
131220,25.0
131280,25.0
131340,24.0
131400,25.4
131460,26.6
131520,25.2
131580,24.4
131640,25.2
131700,24.8
131760,24.2
131820,24.8
131880,24.6
131940,24.2
132000,23.0
132060,23.6
132120,26.6
132180,24.6
132240,25.2
132300,23.2
132360,25.4
132420,24.2
132480,24.6
132540,25.0
132600,23.6
132660,25.0
132720,25.0
132780,24.4
132840,25.4
132900,25.2
132960,24.4
133020,23.4
133080,25.4
133140,24.8
133200,24.0
133260,23.0
133320,25.4
133380,23.0
133440,23.8
133500,23.4
133560,25.0
133620,23.2
133680,25.4
133740,25.0
133800,23.2
133860,24.8
133920,24.0
133980,24.6
134040,25.4
134100,25.6
134160,25.8
134220,24.6
134280,25.0
134340,26.2
134400,24.4
134460,25.2
134520,25.0
134580,25.0
134640,22.8
134700,22.8
134760,25.0
134820,24.0
134880,25.4
134940,25.0
135000,23.6
135060,24.2
135120,25.2
135180,24.6
135240,25.6
135300,25.6
135360,24.8
135420,23.8
135480,23.8
135540,24.0
135600,24.2
135660,24.6
135720,25.6
135780,22.8
135840,22.2
135900,23.2
135960,24.0
136020,24.0
136080,23.4
136140,25.4
136200,23.0
136260,24.8
136320,23.6
136380,23.4
136440,23.2
136500,26.4
136560,23.4
136620,23.8
136680,24.4
136740,24.8
136800,23.4
136860,26.2
136920,23.0
136980,24.4
137040,26.0
137100,24.4
137160,23.8
137220,25.0
137280,24.6
137340,24.6
137400,25.0
137460,24.6
137520,25.0
137580,23.2
137640,25.4
137700,23.4
137760,24.2
137820,24.2
137880,24.6
137940,24.6
138000,24.6
138060,23.6
138120,25.2
138180,23.4
138240,21.4
138300,23.4
138360,24.0
138420,21.6
138480,22.6
138540,24.8
138600,24.6
138660,24.0
138720,23.4
138780,23.4
138840,23.4
138900,23.6
138960,22.8
139020,23.4
139080,23.2
139140,23.0
139200,22.2
139260,22.0
139320,24.2
139380,22.6
139440,21.8
139500,23.0
139560,22.4
139620,22.8
139680,22.8
139740,22.8
139800,22.0
139860,22.0
139920,23.8
139980,22.2
140040,23.0
140100,21.6
140160,21.4
140220,23.6
140280,21.6
140340,22.2
140400,22.8
140460,22.8
140520,22.8
140580,21.8
140640,23.6
140700,21.8
140760,22.6
140820,22.8
140880,22.4
140940,21.6
141000,22.0
141060,22.8
141120,22.0
141180,21.6
141240,22.6
141300,23.8
141360,22.2
141420,23.2
141480,22.4
141540,23.0
141600,24.4
141660,22.6
141720,25.0
141780,24.2
141840,23.8
141900,23.6
141960,23.6
142020,23.2
142080,23.0
142140,24.6
142200,24.6
142260,24.4
142320,24.6
142380,22.0
142440,25.4
142500,25.4
142560,25.6
142620,25.6
142680,25.0
142740,25.0
142800,24.0
142860,24.0
142920,25.0
142980,25.0
143040,26.2
143100,26.2
143160,24.8
143220,24.6
143280,26.4
143340,26.0
143400,25.6
143460,25.2
143520,25.0
143580,25.2
143640,23.8
143700,26.4
143760,26.0
143820,26.2
143880,24.0
143940,25.4
144000,24.0
144060,25.4
144120,25.0
144180,26.2
144240,26.4
144300,26.2
144360,23.8
144420,24.8
144480,24.6
144540,26.2
144600,26.8
144660,25.4
144720,24.8
144780,24.8
144840,26.8
144900,24.4
144960,23.8
145020,24.4
145080,26.4
145140,24.6
145200,26.4
145260,25.0
145320,26.8
145380,26.0
145440,25.0
145500,24.8
145560,25.6
145620,25.6
145680,24.0
145740,25.8
145800,26.2
145860,24.4
145920,26.0
145980,23.4
146040,25.8
146100,24.4
146160,25.8
146220,25.4
146280,25.6
146340,25.6
146400,24.8
146460,25.6
146520,24.4
146580,25.2
146640,26.8
146700,23.8
146760,25.6
146820,25.4
146880,25.4
146940,26.0
147000,25.6
147060,24.6
147120,24.0
147180,25.8
147240,26.0
147300,25.2
147360,25.6
147420,25.2
147480,25.4
147540,25.0
147600,26.0
147660,25.8
147720,24.0
147780,24.4
147840,23.6
147900,25.6
147960,25.8
148020,24.8
148080,24.6
148140,24.6
148200,25.2
148260,25.4
148320,25.4
148380,24.2
148440,26.2
148500,25.0
148560,25.6
148620,25.4
148680,25.0
148740,25.2
148800,25.6
148860,25.0
148920,25.0
148980,27.0
149040,24.8
149100,24.4
149160,25.6
149220,23.4
149280,26.0
149340,25.6
149400,23.8
149460,24.4
149520,25.6
149580,24.8
149640,25.2
149700,25.0
149760,24.8
149820,25.8
149880,25.4
149940,25.0
150000,26.2
150060,25.4
150120,24.2
150180,26.4
150240,26.2
150300,24.4
150360,26.6
150420,26.4
150480,25.2
150540,25.2
150600,26.6
150660,24.8
150720,24.4
150780,25.6
150840,23.8
150900,25.8
150960,26.0
151020,25.4
151080,24.0
151140,24.2
151200,26.8
151260,25.4
151320,25.8
151380,25.8
151440,25.8
151500,24.6
151560,24.4
151620,26.8
151680,26.0
151740,25.6
151800,24.6
151860,25.0
151920,25.6
151980,24.4
152040,25.4
152100,25.2
152160,24.2
152220,25.2
152280,26.2
152340,25.2
152400,26.8
152460,25.8
152520,26.4
152580,25.4
152640,26.6
152700,26.0
152760,26.8
152820,25.4
152880,25.8
152940,25.2
153000,24.8
153060,25.6
153120,25.2
153180,24.6
153240,24.4
153300,26.0
153360,25.8
153420,26.0
153480,26.0
153540,24.8
153600,24.2
153660,25.6
153720,24.4
153780,24.8
153840,25.2
153900,25.0
153960,25.2
154020,27.6
154080,26.2
154140,26.6
154200,26.0
154260,24.4
154320,23.8
154380,24.4
154440,24.6
154500,25.2
154560,26.0
154620,24.8
154680,24.8
154740,25.8
154800,26.0
154860,25.4
154920,25.4
154980,25.6
155040,24.8
155100,26.2
155160,25.0
155220,24.6
155280,26.0
155340,25.0
155400,26.6
155460,25.0
155520,24.4
155580,25.2
155640,26.6
155700,25.2
155760,24.6
155820,25.6
155880,24.4
155940,24.4
156000,24.8
156060,26.2
156120,25.2
156180,25.2
156240,24.8
156300,26.2
156360,24.8
156420,23.8
156480,23.4
156540,24.2
156600,25.6
156660,24.4
156720,24.2
156780,24.2
156840,25.6
156900,25.8
156960,26.8
157020,24.2
157080,24.8
157140,25.2
157200,24.4
157260,26.2
157320,25.8
157380,25.4
157440,25.8
157500,22.6
157560,24.8
157620,26.0
157680,25.0
157740,25.4
157800,26.8
157860,24.0
157920,25.4
157980,24.4
158040,25.2
158100,25.4
158160,25.0
158220,24.6
158280,24.4
158340,25.6
158400,25.6
158460,25.4
158520,25.8
158580,26.8
158640,26.2
158700,25.0
158760,25.0
158820,25.0
158880,26.0
158940,24.6
159000,27.0
159060,25.4
159120,25.2
159180,25.6
159240,24.8
159300,24.8
159360,26.0
159420,24.0
159480,24.8
159540,25.2
159600,24.4
159660,25.0
159720,25.0
159780,26.0
159840,25.8
159900,24.0
159960,24.8
160020,26.6
160080,25.2
160140,22.4
160200,24.8
160260,25.4
160320,23.8
160380,24.2
160440,24.6
160500,26.0
160560,24.6
160620,25.8
160680,27.0
160740,26.0
160800,25.8
160860,24.0
160920,25.2
160980,25.4
161040,26.6
161100,24.2
161160,25.8
161220,25.6
161280,24.8
161340,24.8
161400,24.4
161460,22.8
161520,24.4
161580,23.6
161640,24.4
161700,25.4
161760,24.4
161820,25.2
161880,24.2
161940,21.8
162000,24.2
162060,23.2
162120,23.4
162180,24.0
162240,24.6
162300,24.0
162360,24.8
162420,22.2
162480,24.2
162540,23.0
162600,22.0
162660,24.6
162720,23.0
162780,23.6
162840,23.4
162900,22.6
162960,22.4
163020,23.0
163080,22.0
163140,23.2
163200,24.2
163260,23.2
163320,22.4
163380,23.0
163440,23.0
163500,24.0
163560,22.8
163620,22.0
163680,22.8
163740,23.4
163800,24.0
163860,22.4
163920,24.4
163980,21.4
164040,23.4
164100,23.0
164160,24.0
164220,22.2
164280,22.6
164340,24.4
164400,24.8
164460,23.8
164520,23.2
164580,23.2
164640,23.4
164700,25.2
164760,23.4
164820,22.4
164880,24.0
164940,26.0
165000,23.2
165060,25.0
165120,24.0
165180,25.0
165240,24.4
165300,24.2
165360,24.4
165420,23.6
165480,22.6
165540,23.4
165600,24.0
165660,23.0
165720,23.6
165780,23.8
165840,24.4
165900,23.8
165960,25.4
166020,24.6
166080,23.6
166140,23.2
166200,25.4
166260,25.6
166320,24.0
166380,22.8
166440,25.2
166500,23.2
166560,23.6
166620,24.6
166680,23.8
166740,24.6
166800,24.6
166860,24.0
166920,25.2
166980,24.2
167040,22.8
167100,24.6
167160,24.2
167220,24.4
167280,25.2
167340,24.6
167400,24.4
167460,25.0
167520,24.2
167580,24.8
167640,24.8
167700,24.4
167760,24.4
167820,23.2
167880,25.4
167940,24.0
168000,24.6
168060,25.4
168120,25.2
168180,24.0
168240,25.6
168300,24.6
168360,23.8
168420,24.8
168480,26.6
168540,25.2
168600,24.4
168660,25.4
168720,24.6
168780,25.2
168840,24.6
168900,24.6
168960,23.8
169020,25.4
169080,25.4
169140,24.2
169200,24.2
169260,25.0
169320,25.4
169380,25.4
169440,26.4
169500,24.8
169560,25.6
169620,24.6
169680,25.6
169740,24.8
169800,23.4
169860,25.2
169920,26.0
169980,23.8
170040,23.8
170100,25.4
170160,24.6
170220,25.8
170280,24.6
170340,26.6
170400,25.8
170460,24.8
170520,22.2
170580,24.8
170640,23.6
170700,26.2
170760,25.0
170820,25.0
170880,24.8
170940,23.8
171000,24.8
171060,23.6
171120,24.6
171180,24.8
171240,24.4
171300,23.0
171360,24.0
171420,23.8
171480,24.4
171540,24.2
171600,23.4
171660,24.8
171720,24.2
171780,25.0
171840,25.2
171900,24.6
171960,24.4
172020,24.2
172080,24.0
172140,24.2
172200,24.2
172260,24.4
172320,24.6
172380,25.2
172440,23.6
172500,23.8
172560,25.2
172620,24.0
172680,24.8
172740,25.6
172800,24.2
172860,24.2
172920,24.2
172980,24.4
173040,23.0
173100,25.0
173160,23.4
173220,23.2
173280,22.6
173340,24.4
173400,22.6
173460,23.6
173520,24.0
173580,24.6
173640,24.4
173700,23.4
173760,22.8
173820,25.2
173880,24.8
173940,24.2
174000,24.2
174060,25.0
174120,24.4
174180,25.0
174240,24.6
174300,23.4
174360,22.2
174420,24.4
174480,24.8
174540,24.8
174600,23.8
174660,24.6
174720,24.8
174780,26.0
174840,24.4
174900,26.0
174960,25.4
175020,23.4
175080,25.8
175140,24.2
175200,25.0
175260,23.0
175320,25.8
175380,25.6
175440,23.4
175500,25.0
175560,24.4
175620,23.2
175680,24.4
175740,25.6
175800,25.2
175860,24.2
175920,24.4
175980,22.8
176040,24.2
176100,24.6
176160,23.8
176220,24.2
176280,25.2
176340,23.6
176400,25.0
176460,22.4
176520,23.8
176580,24.2
176640,24.6
176700,24.2
176760,24.4
176820,23.8
176880,24.4
176940,24.8
177000,24.8
177060,24.6
177120,24.6
177180,24.2
177240,23.8
177300,23.6
177360,23.6
177420,24.0
177480,24.4
177540,24.4
177600,23.6
177660,24.8
177720,24.8
177780,26.6
177840,24.0
177900,23.8
177960,24.6
178020,25.2
178080,23.6
178140,24.8
178200,23.4
178260,24.4
178320,24.0
178380,24.6
178440,25.0
178500,25.2
178560,23.6
178620,24.4
178680,24.2
178740,24.6
178800,25.8
178860,23.2
178920,24.4
178980,23.8
179040,24.2
179100,24.4
179160,24.0
179220,25.6
179280,25.4
179340,24.4
179400,23.4
179460,25.8
179520,24.0
179580,25.2
179640,25.0
179700,25.2
179760,25.4
179820,24.6
179880,24.4
179940,24.6
180000,24.8
180060,25.0
180120,24.4
180180,25.4
180240,25.4
180300,24.2
180360,25.6
180420,25.0
180480,25.2
180540,26.2
180600,23.8
180660,25.0
180720,25.6
180780,24.8
180840,25.4
180900,25.0
180960,26.0
181020,25.0
181080,24.6
181140,24.0
181200,25.0
181260,25.8
181320,25.6
181380,24.6
181440,25.0
181500,24.8
181560,26.6
181620,25.8
181680,25.4
181740,25.2
181800,25.0
181860,24.2
181920,26.0
181980,27.6
182040,24.8
182100,25.4
182160,25.4
182220,26.2
182280,25.2
182340,25.2
182400,25.2
182460,24.6
182520,24.4
182580,26.2
182640,23.6
182700,26.6
182760,25.0
182820,25.8
182880,23.8
182940,24.4
183000,25.4
183060,25.2
183120,24.4
183180,24.6
183240,24.4
183300,24.4
183360,25.8
183420,26.8
183480,25.0
183540,26.4
183600,24.8
183660,24.4
183720,25.0
183780,26.0
183840,25.4
183900,25.4
183960,25.8
184020,25.8
184080,24.6
184140,26.0
184200,22.8
184260,26.0
184320,24.0
184380,24.4
184440,25.8
184500,24.4
184560,25.4
184620,24.8
184680,25.4
184740,26.0
184800,25.2
184860,27.2
184920,25.6
184980,25.8
185040,26.6
185100,23.6
185160,24.8
185220,25.4
185280,26.4
185340,26.2
185400,23.6
185460,24.8
185520,25.2
185580,25.8
185640,26.8
185700,27.0
185760,25.8
185820,25.6
185880,24.2
185940,25.8
186000,25.6
186060,25.6
186120,24.8
186180,24.6
186240,25.0
186300,23.4
186360,26.6
186420,24.8
186480,25.0
186540,25.8
186600,25.2
186660,26.0
186720,24.2
186780,25.4
186840,25.4
186900,24.6
186960,26.0
187020,23.8
187080,25.0
187140,25.4
187200,25.2
187260,26.8
187320,25.4
187380,25.0
187440,25.2
187500,24.4
187560,24.4
187620,25.8
187680,24.6
187740,25.8
187800,25.8
187860,24.0
187920,25.4
187980,26.8
188040,24.0
188100,22.8
188160,24.8
188220,24.8
188280,24.6
188340,25.6
188400,25.8
188460,26.8
188520,26.6
188580,26.0
188640,24.4
188700,25.4
188760,24.0
188820,25.0
188880,24.4
188940,25.0
189000,24.6
189060,24.8
189120,24.8
189180,24.6
189240,24.2
189300,25.4
189360,26.8
189420,26.0
189480,24.8
189540,26.2
189600,24.8
189660,25.8
189720,25.4
189780,25.0
189840,24.2
189900,23.0
189960,25.0
190020,24.2
190080,24.2
190140,24.4
190200,24.6
190260,24.8
190320,24.6
190380,23.8
190440,24.8
190500,22.8
190560,23.8
190620,24.6
190680,23.6
190740,26.0
190800,23.6
190860,24.4
190920,24.8
190980,24.2
191040,26.2
191100,24.8
191160,24.4
191220,24.0
191280,25.4
191340,25.0
191400,24.4
191460,25.8
191520,23.8
191580,25.2
191640,24.8
191700,23.6
191760,25.6
191820,24.2
191880,24.0
191940,24.6
192000,24.6
192060,26.0
192120,23.8
192180,25.6
192240,24.0
192300,24.6
192360,25.0
192420,25.2
192480,23.0
192540,24.2
192600,24.8
192660,25.0
192720,22.2
192780,24.4
192840,23.4
192900,24.0
192960,24.0
193020,22.6
193080,22.8
193140,23.0
193200,23.6
193260,23.8
193320,23.2
193380,23.8
193440,22.8
193500,21.6
193560,22.4
193620,22.2
193680,21.8
193740,23.4
193800,22.4
193860,23.4
193920,22.0
193980,22.4
194040,22.4
194100,22.4
194160,22.8
194220,23.6
194280,22.0
194340,23.4
194400,21.8
194460,24.0
194520,23.4
194580,22.4
194640,23.8
194700,23.2
194760,22.8
194820,23.4
194880,24.0
194940,25.4
195000,24.4
195060,22.6
195120,22.6
195180,24.2
195240,23.8
195300,23.4
195360,24.2
195420,25.6
195480,22.4
195540,22.6
195600,24.2
195660,24.2
195720,24.2
195780,23.0
195840,23.4
195900,25.2
195960,24.6
196020,23.6
196080,24.0
196140,24.0
196200,23.4
196260,24.4
196320,23.0
196380,24.4
196440,24.6
196500,24.2
196560,23.4
196620,23.8
196680,24.0
196740,24.6
196800,23.4
196860,24.0
196920,23.8
196980,24.4
197040,24.2
197100,24.2
197160,22.8
197220,23.6
197280,24.6
197340,24.0
197400,24.8
197460,24.4
197520,24.0
197580,25.4
197640,25.2
197700,24.0
197760,24.6
197820,24.8
197880,24.4
197940,23.4
198000,23.6
198060,24.2
198120,23.4
198180,23.6
198240,21.8
198300,24.0
198360,23.0
198420,24.0
198480,24.0
198540,23.0
198600,24.4
198660,23.4
198720,25.8
198780,23.4
198840,23.6
198900,23.2
198960,23.6
199020,23.8
199080,24.0
199140,23.6
199200,24.4
199260,24.6
199320,23.8
199380,25.6
199440,22.8
199500,24.8
199560,24.6
199620,24.6
199680,23.4
199740,24.4
199800,22.4
199860,22.4
199920,25.0
199980,23.0
200040,24.6
200100,21.4
200160,24.6
200220,22.4
200280,23.8
200340,23.6
200400,23.8
200460,24.0
200520,23.8
200580,24.8
200640,25.2
200700,22.8
200760,22.8
200820,24.0
200880,23.8
200940,22.6
201000,24.4
201060,24.4
201120,23.2
201180,23.0
201240,23.6
201300,26.0
201360,24.4
201420,24.2
201480,23.8
201540,23.4
201600,24.4
201660,23.6
201720,24.2
201780,25.0
201840,25.6
201900,24.8
201960,25.8
202020,24.6
202080,24.0
202140,25.0
202200,24.8
202260,25.0
202320,23.4
202380,26.4
202440,23.4
202500,23.2
202560,24.8
202620,25.6
202680,24.8
202740,24.4
202800,24.8
202860,24.2
202920,24.4
202980,23.0
203040,22.2
203100,23.8
203160,23.6
203220,25.2
203280,24.2
203340,23.4
203400,24.8
203460,24.0
203520,23.2
203580,23.4
203640,22.4
203700,24.8
203760,22.4
203820,22.4
203880,24.8
203940,24.4
204000,23.4
204060,22.4
204120,23.6
204180,24.2
204240,23.0
204300,24.4
204360,23.6
204420,23.8
204480,23.8
204540,22.4
204600,24.4
204660,23.2
204720,25.4
204780,23.8
204840,23.4
204900,23.2
204960,24.0
205020,24.0
205080,25.2
205140,24.4
205200,24.6
205260,24.4
205320,24.2
205380,25.0
205440,25.2
205500,24.6
205560,25.2
205620,25.0
205680,25.2
205740,24.6
205800,24.4
205860,25.4
205920,24.4
205980,24.4
206040,24.4
206100,24.6
206160,25.4
206220,25.0
206280,24.4
206340,25.2
206400,25.2
206460,24.6
206520,23.0
206580,24.2
206640,24.0
206700,25.0
206760,25.6
206820,26.4
206880,25.4
206940,26.0
207000,24.6
207060,26.2
207120,25.4
207180,25.6
207240,25.8
207300,25.0
207360,25.8
207420,24.4
207480,25.4
207540,26.6
207600,26.4
207660,25.8
207720,24.8
207780,25.0
207840,25.4
207900,27.2
207960,27.0
208020,24.2
208080,25.0
208140,25.0
208200,25.2
208260,26.4
208320,26.0
208380,26.4
208440,26.2
208500,25.2
208560,25.6
208620,24.8
208680,26.6
208740,25.2
208800,25.2
208860,25.0
208920,23.4
208980,25.0
209040,25.6
209100,25.8
209160,25.8
209220,25.6
209280,25.2
209340,24.2
209400,25.0
209460,23.8
209520,25.2
209580,24.0
209640,23.2
209700,24.6
209760,24.6
209820,24.2
209880,25.8
209940,25.6
210000,25.4
210060,25.0
210120,25.2
210180,23.2
210240,24.8
210300,25.8
210360,25.4
210420,24.8
210480,25.0
210540,25.4
210600,23.2
210660,24.2
210720,25.6
210780,25.6
210840,24.0
210900,25.4
210960,25.4
211020,25.0
211080,25.0
211140,24.6
211200,25.0
211260,25.8
211320,24.6
211380,25.2
211440,24.8
211500,25.6
211560,23.8
211620,24.6
211680,25.2
211740,26.0
211800,23.8
211860,25.4
211920,25.0
211980,24.2
212040,24.4
212100,26.4
212160,23.6
212220,24.4
212280,24.8
212340,26.2
212400,25.2
212460,24.2
212520,24.0
212580,24.4
212640,23.6
212700,23.6
212760,24.6
212820,25.8
212880,24.4
212940,26.0
213000,24.8
213060,24.6
213120,24.8
213180,23.0
213240,23.4
213300,22.8
213360,25.0
213420,22.8
213480,22.4
213540,24.6
213600,22.6
213660,22.6
213720,22.8
213780,22.6
213840,23.4
213900,24.0
213960,24.8
214020,23.0
214080,25.8
214140,23.8
214200,24.0
214260,24.6
214320,24.4
214380,24.4
214440,24.8
214500,24.2
214560,24.2
214620,24.2
214680,24.0
214740,23.8
214800,24.0
214860,23.8
214920,25.0
214980,24.8
215040,24.6
215100,24.4
215160,26.2
215220,23.2
215280,26.0
215340,23.2
215400,24.2
215460,23.8
215520,25.2
215580,23.8
215640,22.8
215700,25.2
215760,24.2
215820,24.2
215880,25.0
215940,24.0
216000,24.6
216060,23.4
216120,22.6
216180,24.6
216240,24.2
216300,24.4
216360,24.2
216420,25.0
216480,24.0
216540,23.4
216600,23.6
216660,25.4
216720,24.0
216780,24.2
216840,24.6
216900,25.8
216960,25.2
217020,25.0
217080,26.4
217140,23.6
217200,24.0
217260,23.6
217320,25.2
217380,24.6
217440,25.2
217500,24.8
217560,24.8
217620,25.0
217680,25.0
217740,25.6
217800,24.2
217860,26.6
217920,25.2
217980,24.0
218040,24.8
218100,25.6
218160,23.6
218220,24.0
218280,24.4
218340,24.8
218400,24.2
218460,24.6
218520,24.8
218580,25.0
218640,23.6
218700,25.0
218760,25.8
218820,23.6
218880,25.6
218940,24.6
219000,27.0
219060,26.2
219120,23.6
219180,24.6
219240,26.8
219300,24.0
219360,24.6
219420,25.8
219480,24.4
219540,26.2
219600,25.0
219660,25.0
219720,25.0
219780,24.4
219840,25.4
219900,24.0
219960,24.2
220020,25.6
220080,25.6
220140,25.4
220200,24.4
220260,23.6
220320,24.0
220380,25.4
220440,24.6
220500,25.0
220560,24.0
220620,24.2
220680,24.4
220740,24.0
220800,24.8
220860,25.2
220920,24.6
220980,24.8
221040,25.2
221100,24.8
221160,22.8
221220,24.6
221280,23.2
221340,23.0
221400,24.4
221460,24.8
221520,24.8
221580,25.0
221640,23.8
221700,25.0
221760,24.8
221820,25.0
221880,24.0
221940,24.8
222000,26.2
222060,25.2
222120,25.0
222180,24.6
222240,24.6
222300,25.4
222360,25.6
222420,26.4
222480,24.2
222540,23.6
222600,25.0
222660,24.0
222720,24.6
222780,23.6
222840,24.6
222900,25.2
222960,25.4
223020,25.0
223080,23.8
223140,24.8
223200,25.6
223260,25.4
223320,25.4
223380,26.0
223440,26.6
223500,24.8
223560,24.4
223620,25.0
223680,25.0
223740,24.6
223800,26.0
223860,25.2
223920,25.2
223980,25.0
224040,26.4
224100,25.4
224160,24.4
224220,24.8
224280,25.2
224340,24.4
224400,25.0
224460,25.2
224520,24.8
224580,24.0
224640,26.0
224700,24.6
224760,25.0
224820,25.2
224880,24.6
224940,24.0
225000,24.2
225060,23.4
225120,24.8
225180,24.8
225240,25.0
225300,25.4
225360,24.2
225420,23.6
225480,26.6
225540,25.4
225600,24.8
225660,24.8
225720,24.8
225780,24.8
225840,25.8
225900,24.0
225960,24.8
226020,24.8
226080,25.0
226140,23.6
226200,24.2
226260,26.2
226320,25.2
226380,25.6
226440,25.2
226500,24.8
226560,27.2
226620,26.0
226680,24.6
226740,25.2
226800,25.0
226860,26.4
226920,25.0
226980,24.4
227040,24.8
227100,26.0
227160,26.8
227220,25.0
227280,26.0
227340,26.4
227400,25.8
227460,26.0
227520,25.2
227580,24.8
227640,26.4
227700,25.4
227760,26.2
227820,25.0
227880,26.0
227940,24.8
228000,26.0
228060,25.0
228120,25.4
228180,23.6
228240,25.8
228300,26.4
228360,26.4
228420,25.6
228480,26.2
228540,25.6
228600,26.4
228660,25.4
228720,25.2
228780,26.2
228840,24.6
228900,23.4
228960,24.6
229020,25.0
229080,26.8
229140,25.2
229200,25.6
229260,26.2
229320,26.2
229380,26.2
229440,25.8
229500,24.4
229560,26.2
229620,26.4
229680,25.0
229740,25.6
229800,25.8
229860,26.4
229920,27.0
229980,26.4
230040,24.2
230100,26.4
230160,25.0
230220,25.6
230280,26.2
230340,26.6
230400,25.4
230460,25.6
230520,26.2
230580,24.6
230640,26.4
230700,25.6
230760,26.4
230820,26.2
230880,26.4
230940,24.4
231000,24.4
231060,26.2
231120,24.4
231180,24.4
231240,24.6
231300,25.0
231360,26.2
231420,25.0
231480,25.8
231540,24.8
231600,24.2
231660,24.8
231720,26.0
231780,24.6
231840,25.4
231900,25.6
231960,26.2
232020,23.2
232080,25.6
232140,23.6
232200,24.8
232260,25.2
232320,25.4
232380,25.0
232440,26.0
232500,25.2
232560,25.8
232620,26.4
232680,25.8
232740,25.6
232800,25.2
232860,24.4
232920,24.8
232980,24.6
233040,25.0
233100,25.4
233160,26.0
233220,25.0
233280,25.2
233340,25.6
233400,26.4
233460,24.6
233520,25.6
233580,25.8
233640,23.8
233700,24.8
233760,24.6
233820,25.0
233880,25.8
233940,24.6
234000,26.0
234060,24.0
234120,25.4
234180,26.0
234240,24.6
234300,24.0
234360,25.0
234420,25.0
234480,26.2
234540,24.8
234600,24.4
234660,24.6
234720,24.0
234780,24.6
234840,24.2
234900,23.6
234960,24.2
235020,24.2
235080,24.2
235140,25.4
235200,26.0
235260,26.0
235320,24.2
235380,25.0
235440,25.4
235500,25.2
235560,27.0
235620,24.6
235680,25.2
235740,25.0
235800,24.2
235860,23.4
235920,24.6
235980,24.0
236040,24.8
236100,25.4
236160,24.2
236220,25.0
236280,23.8
236340,24.6
236400,24.4
236460,24.6
236520,25.2
236580,25.6
236640,26.2
236700,25.0
236760,23.6
236820,23.0
236880,25.6
236940,24.2
237000,25.4
237060,25.0
237120,23.8
237180,25.4
237240,24.2
237300,24.2
237360,24.6
237420,24.6
237480,23.6
237540,24.6
237600,24.4
237660,25.6
237720,23.8
237780,24.4
237840,25.8
237900,24.2
237960,25.0
238020,23.8
238080,26.2
238140,23.4
238200,25.6
238260,25.0
238320,23.6
238380,25.2
238440,26.0
238500,26.0
238560,25.2
238620,24.4
238680,24.4
238740,25.4
238800,25.4
238860,25.4
238920,24.8
238980,25.8
239040,24.6
239100,25.2
239160,26.2
239220,25.2
239280,24.6
239340,24.6
239400,24.8
239460,26.0
239520,25.6
239580,24.4
239640,25.2
239700,26.0
239760,25.2
239820,25.2
239880,25.0
239940,25.4
240000,25.0
240060,26.6
240120,26.8
240180,24.0
240240,25.4
240300,25.0
240360,25.8
240420,25.2
240480,25.4
240540,24.0
240600,26.4
240660,25.2
240720,24.2
240780,24.8
240840,26.0
240900,23.6
240960,27.0
241020,25.4
241080,25.0
241140,23.2
241200,25.2
241260,26.0
241320,24.6
241380,25.4
241440,26.2
241500,25.6
241560,24.6
241620,24.0
241680,24.2
241740,25.6
241800,24.0
241860,24.0
241920,25.4
241980,24.8
242040,25.4
242100,25.8
242160,24.4
242220,27.2
242280,23.4
242340,24.4
242400,26.2
242460,26.2
242520,24.6
242580,27.0
242640,24.8
242700,25.4
242760,26.0
242820,25.4
242880,25.6
242940,26.0
243000,24.8
243060,25.6
243120,24.8
243180,24.6
243240,23.4
243300,25.2
243360,25.0
243420,23.6
243480,25.8
243540,24.8
243600,26.0
243660,25.2
243720,24.4
243780,23.6
243840,25.0
243900,24.0
243960,23.0
244020,23.8
244080,25.2
244140,25.2
244200,23.6
244260,26.4
244320,25.2
244380,23.0
244440,24.0
244500,25.4
244560,24.6
244620,24.4
244680,24.4
244740,24.4
244800,25.0
244860,23.2
244920,23.2
244980,24.0
245040,24.0
245100,23.4
245160,23.6
245220,23.8
245280,23.8
245340,25.8
245400,25.4
245460,23.6
245520,24.0
245580,25.6
245640,25.4
245700,24.2
245760,24.6
245820,22.6
245880,24.2
245940,24.2
246000,24.4
246060,23.6
246120,23.4
246180,23.8
246240,23.0
246300,22.6
246360,22.0
246420,24.2
246480,24.0
246540,24.4
246600,22.6
246660,22.4
246720,23.0
246780,23.2
246840,21.8
246900,22.2
246960,24.0
247020,23.4
247080,23.4
247140,22.8
247200,23.2
247260,23.8
247320,23.2
247380,23.2
247440,24.2
247500,22.4
247560,23.4
247620,22.0
247680,22.6
247740,23.2
247800,21.8
247860,21.8
247920,23.8
247980,24.2
248040,23.0
248100,22.6
248160,23.2
248220,23.6
248280,24.2
248340,24.2
248400,23.4
248460,24.4
248520,24.0
248580,24.4
248640,25.4
248700,24.2
248760,23.4
248820,25.6
248880,24.4
248940,24.2
249000,23.8
249060,24.2
249120,23.6
249180,23.4
249240,24.6
249300,24.6
249360,26.2
249420,24.0
249480,25.4
249540,23.8
249600,23.0
249660,25.0
249720,25.4
249780,23.4
249840,24.4
249900,24.0
249960,22.6
250020,23.8
250080,25.0
250140,25.0
250200,25.0
250260,25.8
250320,24.4
250380,25.0
250440,24.4
250500,25.2
250560,24.2
250620,24.0
250680,24.4
250740,23.0
250800,23.2
250860,23.4
250920,24.6
250980,23.4
251040,22.6
251100,23.8
251160,23.8
251220,25.0
251280,24.0
251340,23.4
251400,23.6
251460,23.8
251520,23.6
251580,22.4
251640,24.2
251700,23.0
251760,24.0
251820,25.6
251880,24.8
251940,22.2
252000,23.4
252060,24.6
252120,24.6
252180,23.6
252240,22.6
252300,24.6
252360,23.6
252420,23.2
252480,23.8
252540,23.6
252600,24.8
252660,23.8
252720,24.0
252780,23.8
252840,23.2
252900,23.4
252960,24.2
253020,23.2
253080,24.2
253140,23.6
253200,22.8
253260,24.6
253320,22.8
253380,23.2
253440,23.8
253500,24.2
253560,21.6
253620,22.0
253680,23.4
253740,23.4
253800,22.4
253860,24.0
253920,24.6
253980,24.0
254040,24.2
254100,23.8
254160,22.2
254220,23.0
254280,23.8
254340,23.4
254400,24.2
254460,23.4
254520,23.0
254580,23.8
254640,24.2
254700,23.8
254760,23.4
254820,24.6
254880,24.2
254940,26.2
255000,25.0
255060,24.6
255120,25.2
255180,23.4
255240,24.0
255300,25.4
255360,24.6
255420,24.4
255480,24.4
255540,23.8
255600,22.8
255660,25.4
255720,25.6
255780,25.0
255840,25.4
255900,23.6
255960,24.0
256020,25.0
256080,24.6
256140,23.4
256200,25.0
256260,25.2
256320,24.8
256380,23.6
256440,25.0
256500,24.0
256560,23.8
256620,24.4
256680,24.6
256740,24.8
256800,23.8
256860,25.6
256920,22.4
256980,24.6
257040,22.6
257100,23.6
257160,23.4
257220,24.2
257280,25.0
257340,24.8
257400,24.4
257460,24.2
257520,24.0
257580,24.4
257640,24.6
257700,23.6
257760,24.4
257820,23.0
257880,25.6
257940,24.4
258000,24.2
258060,25.6
258120,24.8
258180,23.4
258240,24.2
258300,23.4
258360,25.4
258420,24.6
258480,25.2
258540,24.0
258600,24.2
258660,25.2
258720,24.0
258780,24.8
258840,25.4
258900,23.2
258960,25.4
259020,26.2
259080,24.4
259140,25.8
259200,23.4
259260,24.6
259320,24.8
259380,24.6
259440,24.8
259500,24.2
259560,27.0
259620,25.2
259680,24.0
259740,25.0
259800,24.8
259860,25.8
259920,25.4
259980,25.4
260040,24.0
260100,25.4
260160,25.2
260220,23.8
260280,25.6
260340,23.8
260400,25.4
260460,25.2
260520,25.6
260580,25.2
260640,23.4
260700,25.4
260760,24.2
260820,24.2
260880,25.6
260940,22.6
261000,25.0
261060,25.0
261120,23.0
261180,24.8
261240,24.8
261300,25.0
261360,24.8
261420,23.8
261480,24.4
261540,26.4
261600,26.2
261660,24.0
261720,25.6
261780,23.6
261840,24.6
261900,25.2
261960,24.0
262020,25.0
262080,24.6
262140,24.6
262200,23.8
262260,24.8
262320,26.2
262380,24.2
262440,24.8
262500,25.2
262560,23.4
