#Steps,score
60,0.8
120,1.4
180,2.2
240,1.4
300,1.8
360,1.4
420,1.2
480,0.8
540,1.6
600,0.6
660,1.6
720,0.6
780,0.8
840,1.2
900,0.6
960,0.4
1020,1.6
1080,1.6
1140,1.0
1200,1.4
1260,0.8
1320,2.6
1380,1.4
1440,0.6
1500,1.0
1560,1.8
1620,0.6
1680,1.4
1740,1.6
1800,0.8
1860,0.6
1920,0.8
1980,1.8
2040,0.8
2100,1.8
2160,0.8
2220,0.8
2280,0.8
2340,1.6
2400,1.0
2460,2.0
2520,0.4
2580,1.6
2640,2.4
2700,1.8
2760,1.6
2820,0.8
2880,1.6
2940,0.6
3000,0.6
3060,1.2
3120,1.8
3180,1.8
3240,1.4
3300,1.4
3360,0.8
3420,0.4
3480,1.4
3540,0.8
3600,1.4
3660,1.0
3720,1.0
3780,1.6
3840,1.4
3900,0.4
3960,1.2
4020,0.8
4080,1.0
4140,1.8
4200,1.4
4260,0.2
4320,1.2
4380,2.0
4440,0.6
4500,1.0
4560,0.6
4620,1.8
4680,2.4
4740,1.8
4800,1.4
4860,1.0
4920,1.6
4980,0.4
5040,0.8
5100,1.0
5160,1.4
5220,2.2
5280,1.6
5340,1.0
5400,1.6
5460,1.6
5520,0.4
5580,1.4
5640,1.2
5700,1.6
5760,0.8
5820,1.6
5880,0.8
5940,2.0
6000,0.6
6060,1.4
6120,1.6
6180,1.6
6240,1.4
6300,1.4
6360,2.0
6420,1.2
6480,0.6
6540,1.6
6600,1.6
6660,2.6
6720,0.2
6780,1.6
6840,1.0
6900,2.0
6960,1.2
7020,1.0
7080,1.4
7140,1.8
7200,0.4
7260,2.4
7320,1.4
7380,0.4
7440,2.2
7500,1.0
7560,0.6
7620,1.4
7680,0.8
7740,2.2
7800,1.6
7860,2.4
7920,0.8
7980,1.4
8040,0.8
8100,1.8
8160,1.4
8220,1.2
8280,0.8
8340,1.0
8400,1.8
8460,1.8
8520,1.2
8580,2.0
8640,1.8
8700,1.4
8760,1.0
8820,0.8
8880,1.2
8940,1.0
9000,1.0
9060,2.4
9120,2.0
9180,1.2
9240,1.0
9300,1.2
9360,2.0
9420,1.0
9480,1.2
9540,1.2
9600,0.8
9660,1.2
9720,1.2
9780,2.0
9840,1.4
9900,1.6
9960,1.4
10020,0.4
10080,2.6
10140,1.0
10200,1.0
10260,1.6
10320,0.4
10380,1.0
10440,2.0
10500,1.2
10560,2.2
10620,0.8
10680,0.8
10740,0.6
10800,0.6
10860,1.2
10920,1.0
10980,1.0
11040,1.0
11100,1.0
11160,1.4
11220,0.8
11280,1.6
11340,0.6
11400,1.6
11460,2.4
11520,1.4
11580,0.8
11640,1.2
11700,1.6
11760,1.8
11820,1.2
11880,0.6
11940,0.8
12000,0.8
12060,1.0
12120,1.6
12180,1.2
12240,2.2
12300,1.4
12360,2.0
12420,0.6
12480,1.6
12540,1.6
12600,1.6
12660,0.8
12720,0.8
12780,2.0
12840,1.0
12900,1.6
12960,0.8
13020,1.4
13080,1.4
13140,1.8
13200,1.0
13260,0.4
13320,1.2
13380,1.8
13440,2.2
13500,1.4
13560,1.0
13620,1.6
13680,1.8
13740,1.2
13800,0.8
13860,1.6
13920,0.2
13980,2.0
14040,1.8
14100,0.8
14160,2.8
14220,1.6
14280,2.6
14340,2.4
14400,1.4
14460,0.6
14520,1.2
14580,1.2
14640,3.0
14700,1.6
14760,2.6
14820,1.2
14880,1.2
14940,1.6
15000,1.0
15060,1.4
15120,2.2
15180,1.8
15240,0.4
15300,1.0
15360,2.2
15420,0.6
15480,0.8
15540,1.6
15600,0.8
15660,1.8
15720,2.2
15780,2.8
15840,1.2
15900,2.6
15960,1.6
16020,1.6
16080,2.6
16140,3.8
16200,2.2
16260,1.0
16320,1.8
16380,2.2
16440,2.0
16500,3.4
16560,1.6
16620,2.4
16680,1.6
16740,1.2
16800,2.6
16860,2.4
16920,2.0
16980,2.8
17040,1.8
17100,1.4
17160,3.0
17220,2.6
17280,1.6
17340,2.2
17400,1.8
17460,2.0
17520,2.6
17580,3.4
17640,3.6
17700,2.0
17760,2.6
17820,1.8
17880,2.4
17940,2.0
18000,2.0
18060,1.8
18120,2.0
18180,2.2
18240,2.0
18300,2.4
18360,1.8
18420,1.6
18480,3.2
18540,1.0
18600,1.8
18660,2.2
18720,1.4
18780,1.4
18840,2.0
18900,1.4
18960,1.4
19020,1.4
19080,1.4
19140,2.2
19200,0.4
19260,1.6
19320,1.8
19380,1.8
19440,1.8
19500,2.0
19560,0.4
19620,2.0
19680,1.2
19740,1.8
19800,2.0
19860,1.8
19920,1.8
19980,2.0
20040,1.0
20100,2.2
20160,2.2
20220,2.2
20280,2.0
20340,1.8
20400,0.8
20460,0.6
20520,3.2
20580,1.2
20640,2.0
20700,1.4
20760,1.4
20820,2.0
20880,1.8
20940,2.0
21000,2.0
21060,2.0
21120,1.6
21180,4.4
21240,0.6
21300,2.0
21360,3.8
21420,2.6
21480,4.0
21540,2.4
21600,2.0
21660,2.8
21720,2.4
21780,1.8
21840,3.2
21900,3.0
21960,3.6
22020,3.2
22080,2.2
22140,5.0
22200,2.0
22260,2.6
22320,2.4
22380,4.4
22440,3.4
22500,3.0
22560,4.0
22620,3.4
22680,4.2
22740,2.6
22800,3.2
22860,3.8
22920,4.0
22980,3.8
23040,4.6
23100,5.8
23160,4.2
23220,4.6
23280,4.8
23340,4.4
23400,7.0
23460,5.8
23520,6.4
23580,7.2
23640,8.8
23700,9.2
23760,9.6
23820,12.0
23880,11.8
23940,12.4
24000,13.4
24060,16.2
24120,18.2
24180,19.0
24240,20.2
24300,22.0
24360,21.2
24420,23.2
24480,21.6
24540,20.6
24600,20.6
24660,20.0
24720,19.6
24780,19.8
24840,19.0
24900,19.2
24960,20.2
25020,22.0
25080,20.4
25140,22.0
25200,23.4
25260,21.6
25320,22.0
25380,22.0
25440,22.0
25500,19.8
25560,20.6
25620,21.2
25680,22.8
25740,20.8
25800,19.2
25860,20.6
25920,21.0
25980,20.0
26040,20.6
26100,20.0
26160,20.6
26220,20.8
26280,21.4
26340,21.2
26400,21.2
26460,20.4
26520,20.0
26580,20.8
26640,20.6
26700,21.8
26760,21.4
26820,19.4
26880,21.0
26940,21.2
27000,20.2
27060,20.2
27120,19.0
27180,19.2
27240,19.2
27300,20.8
27360,18.8
27420,19.2
27480,19.0
27540,19.6
27600,20.0
27660,19.2
27720,20.2
27780,19.8
27840,20.0
27900,20.8
27960,20.0
28020,20.8
28080,19.4
28140,21.2
28200,19.0
28260,22.0
28320,19.8
28380,19.6
28440,20.4
28500,21.0
28560,20.8
28620,20.2
28680,21.2
28740,20.8
28800,21.4
28860,21.6
28920,22.8
28980,23.0
29040,23.0
29100,22.2
29160,21.6
29220,23.2
29280,23.6
29340,22.2
29400,20.8
29460,22.8
29520,22.4
29580,22.0
29640,22.8
29700,21.4
29760,23.2
29820,23.0
29880,21.6
29940,22.6
30000,22.0
30060,20.8
30120,22.0
30180,21.6
30240,20.0
30300,20.0
30360,21.2
30420,21.8
30480,22.0
30540,20.0
30600,22.8
30660,21.4
30720,22.4
30780,21.4
30840,24.0
30900,22.4
30960,22.6
31020,22.0
31080,20.6
31140,23.4
31200,22.2
31260,22.2
31320,22.4
31380,21.0
31440,23.6
31500,24.2
31560,22.4
31620,22.2
31680,22.8
31740,22.2
31800,21.8
31860,22.4
31920,23.8
31980,24.6
32040,22.6
32100,23.2
32160,23.2
32220,23.2
32280,23.4
32340,22.6
32400,23.0
32460,23.6
32520,24.2
32580,22.2
32640,22.6
32700,22.6
32760,23.2
32820,22.8
32880,23.2
32940,22.2
33000,20.8
33060,20.8
33120,21.8
33180,22.6
33240,21.8
33300,21.8
33360,22.6
33420,22.2
33480,21.6
33540,22.6
33600,21.0
33660,21.8
33720,23.4
33780,22.2
33840,22.0
33900,22.8
33960,23.6
34020,21.4
34080,23.2
34140,22.6
34200,23.6
34260,22.6
34320,22.8
34380,22.6
34440,22.6
34500,22.8
34560,21.4
34620,23.6
34680,23.0
34740,24.0
34800,22.2
34860,23.6
34920,22.0
34980,23.8
35040,23.4
35100,24.4
35160,23.6
35220,22.2
35280,21.4
35340,21.0
35400,22.6
35460,23.0
35520,24.2
35580,23.6
35640,22.8
35700,23.6
35760,24.0
35820,22.6
35880,22.4
35940,21.8
36000,22.8
36060,22.8
36120,22.2
36180,23.6
36240,22.8
36300,23.6
36360,22.8
36420,23.2
36480,24.6
36540,23.2
36600,24.6
36660,23.8
36720,23.8
36780,23.4
36840,22.8
36900,24.2
36960,23.6
37020,23.6
37080,24.0
37140,24.0
37200,22.4
37260,24.6
37320,23.2
37380,23.0
37440,23.4
37500,23.2
37560,23.4
37620,23.0
37680,23.0
37740,24.4
37800,22.8
37860,22.6
37920,23.4
37980,23.0
38040,24.8
38100,24.0
38160,24.4
38220,22.0
38280,23.4
38340,24.2
38400,24.8
38460,24.0
38520,22.6
38580,24.2
38640,23.6
38700,22.4
38760,24.2
38820,22.6
38880,24.0
38940,23.0
39000,23.2
39060,22.2
39120,22.6
39180,22.8
39240,22.8
39300,22.8
39360,22.0
39420,21.4
39480,22.4
39540,23.6
39600,23.4
39660,22.2
39720,22.4
39780,23.0
39840,21.2
39900,22.4
39960,23.0
40020,21.2
40080,20.4
40140,22.2
40200,22.4
40260,21.6
40320,25.2
40380,23.2
40440,22.2
40500,22.2
40560,21.4
40620,22.8
40680,22.8
40740,22.8
40800,23.2
40860,23.8
40920,22.6
40980,24.2
41040,24.0
41100,23.6
41160,24.2
41220,22.4
41280,23.8
41340,22.8
41400,23.8
41460,23.0
41520,24.6
41580,21.8
41640,22.8
41700,21.8
41760,22.8
41820,22.0
41880,21.8
41940,23.4
42000,22.8
42060,24.0
42120,22.8
42180,22.6
42240,22.4
42300,22.6
42360,23.4
42420,22.0
42480,22.8
42540,23.8
42600,24.2
42660,23.8
42720,24.6
42780,23.4
42840,23.2
42900,23.8
42960,24.0
43020,23.8
43080,23.2
43140,23.6
43200,23.4
43260,22.8
43320,23.4
43380,22.8
43440,22.8
43500,23.4
43560,23.0
43620,22.6
43680,23.4
43740,22.0
43800,23.2
43860,22.4
43920,23.0
43980,22.6
44040,21.8
44100,23.8
44160,22.8
44220,23.0
44280,22.8
44340,22.8
44400,22.2
44460,24.0
44520,22.6
44580,23.0
44640,23.6
44700,23.6
44760,23.4
44820,22.4
44880,22.6
44940,23.6
45000,24.4
45060,24.0
45120,24.2
45180,23.2
45240,23.0
45300,23.2
45360,23.6
45420,22.0
45480,23.0
45540,23.0
45600,22.8
45660,23.2
45720,23.4
45780,22.4
45840,24.6
45900,21.8
45960,23.2
46020,24.8
46080,22.4
46140,23.2
46200,23.2
46260,24.8
46320,23.4
46380,24.4
46440,24.2
46500,22.2
46560,24.0
46620,23.4
46680,24.0
46740,24.8
46800,24.4
46860,23.6
46920,23.6
46980,24.2
47040,24.4
47100,23.6
47160,23.8
47220,25.8
47280,23.6
47340,23.2
47400,23.6
47460,24.8
47520,25.4
47580,23.8
47640,24.0
47700,24.2
47760,23.0
47820,24.0
47880,23.6
47940,25.2
48000,24.4
48060,24.2
48120,23.8
48180,24.2
48240,24.2
48300,23.8
48360,24.4
48420,24.2
48480,23.0
48540,23.8
48600,24.0
48660,23.8
48720,23.6
48780,23.6
48840,24.2
48900,23.0
48960,24.2
49020,23.0
49080,24.0
49140,22.4
49200,23.8
49260,25.0
49320,22.8
49380,24.0
49440,22.8
49500,23.8
49560,23.2
49620,24.6
49680,24.0
49740,23.2
49800,21.6
49860,24.6
49920,25.8
49980,23.4
50040,22.2
50100,25.6
50160,22.2
50220,23.4
50280,24.6
50340,23.8
50400,25.0
50460,24.6
50520,24.2
50580,23.6
50640,23.6
50700,23.4
50760,24.4
50820,24.0
50880,24.6
50940,23.2
51000,24.6
51060,24.0
51120,23.2
51180,24.0
51240,25.0
51300,24.4
51360,23.0
51420,22.4
51480,23.4
51540,22.4
51600,22.6
51660,24.2
51720,23.6
51780,24.0
51840,24.6
51900,23.2
51960,23.0
52020,24.0
52080,22.6
52140,23.2
52200,23.6
52260,23.4
52320,22.4
52380,23.0
52440,22.8
52500,25.8
52560,23.4
52620,23.0
52680,23.4
52740,22.4
52800,22.6
52860,24.6
52920,23.8
52980,24.0
53040,23.0
53100,23.4
53160,25.0
53220,24.0
53280,21.6
53340,23.8
53400,22.8
53460,24.4
53520,24.2
53580,22.6
53640,23.6
53700,24.2
53760,23.8
53820,24.2
53880,24.4
53940,23.8
54000,21.6
54060,23.4
54120,24.0
54180,23.4
54240,23.6
54300,24.2
54360,21.6
54420,23.6
54480,22.2
54540,24.8
54600,22.8
54660,23.4
54720,23.2
54780,23.6
54840,22.6
54900,24.2
54960,23.6
55020,24.4
55080,23.8
55140,24.2
55200,23.2
55260,24.8
55320,23.8
55380,23.0
55440,24.0
55500,23.8
55560,23.8
55620,24.0
55680,24.6
55740,22.8
55800,22.8
55860,21.6
55920,22.8
55980,23.2
56040,24.6
56100,25.0
56160,22.4
56220,23.2
56280,24.4
56340,22.6
56400,22.6
56460,23.6
56520,24.2
56580,24.0
56640,23.2
56700,23.6
56760,24.0
56820,22.4
56880,23.6
56940,24.6
57000,23.0
57060,24.2
57120,23.4
57180,24.2
57240,24.6
57300,24.0
57360,23.8
57420,24.4
57480,24.2
57540,23.6
57600,25.8
57660,23.8
57720,25.2
57780,24.6
57840,23.2
57900,23.8
57960,24.4
58020,24.0
58080,24.4
58140,24.6
58200,25.8
58260,23.6
58320,23.8
58380,23.0
58440,23.6
58500,25.2
58560,24.8
58620,25.0
58680,24.2
58740,24.2
58800,24.8
58860,22.8
58920,24.2
58980,23.6
59040,24.6
59100,22.8
59160,24.4
59220,24.0
59280,24.0
59340,22.8
59400,23.2
59460,23.0
59520,24.4
59580,23.0
59640,23.6
59700,23.2
59760,21.4
59820,23.6
59880,22.0
59940,24.4
60000,21.6
60060,23.6
60120,24.8
60180,23.2
60240,21.4
60300,23.6
60360,22.6
60420,21.4
60480,22.8
60540,22.6
60600,22.6
60660,23.0
60720,22.8
60780,24.8
60840,23.6
60900,24.8
60960,24.4
61020,23.2
61080,23.0
61140,25.2
61200,24.4
61260,23.8
61320,23.0
61380,24.2
61440,25.8
61500,25.4
61560,25.6
61620,24.4
61680,25.0
61740,25.4
61800,24.2
61860,24.0
61920,24.8
61980,22.2
62040,24.0
62100,26.2
62160,23.6
62220,23.4
62280,25.4
62340,25.2
62400,25.0
62460,23.6
62520,24.2
62580,25.0
62640,24.4
62700,23.8
62760,24.0
62820,23.4
62880,26.0
62940,23.4
63000,24.6
63060,24.2
63120,25.0
63180,23.2
63240,24.4
63300,24.8
63360,24.2
63420,23.6
63480,24.4
63540,23.2
63600,24.6
63660,25.4
63720,23.4
63780,23.6
63840,24.0
63900,24.2
63960,23.6
64020,25.2
64080,23.2
64140,25.2
64200,24.4
64260,23.6
64320,25.2
64380,23.0
64440,23.6
64500,23.8
64560,24.8
64620,23.0
64680,23.4
64740,23.8
64800,24.2
64860,22.8
64920,22.8
64980,24.0
65040,24.8
65100,23.4
65160,23.6
65220,23.8
65280,23.0
65340,23.8
65400,23.4
65460,23.2
65520,25.0
65580,24.2
65640,23.8
65700,22.8
65760,24.0
65820,23.2
65880,23.8
65940,24.0
66000,24.4
66060,23.0
66120,24.6
66180,23.8
66240,24.4
66300,22.6
66360,23.8
66420,22.6
66480,24.2
66540,23.8
66600,23.6
66660,24.0
66720,24.6
66780,24.8
66840,25.6
66900,25.8
66960,22.8
67020,24.0
67080,24.8
67140,24.4
67200,24.6
67260,23.8
67320,23.0
67380,24.4
67440,24.8
67500,24.4
67560,23.4
67620,24.4
67680,24.2
67740,25.6
67800,25.6
67860,25.2
67920,24.4
67980,23.2
68040,24.4
68100,25.0
68160,24.6
68220,24.2
68280,25.0
68340,24.8
68400,24.8
68460,25.2
68520,24.2
68580,24.6
68640,25.2
68700,25.2
68760,24.8
68820,24.8
68880,24.2
68940,25.0
69000,24.4
69060,25.2
69120,25.8
69180,24.2
69240,24.4
69300,24.6
69360,25.8
69420,24.8
69480,24.0
69540,26.2
69600,24.8
69660,25.4
69720,24.8
69780,24.6
69840,25.4
69900,25.0
69960,26.0
70020,23.6
70080,25.0
70140,24.6
70200,25.8
70260,23.8
70320,23.6
70380,23.8
70440,24.8
70500,24.6
70560,26.2
70620,25.0
70680,23.0
70740,24.6
70800,24.8
70860,23.8
70920,26.2
70980,24.4
71040,25.8
71100,24.2
71160,24.2
71220,26.4
71280,25.6
71340,23.4
71400,24.8
71460,24.4
71520,25.0
71580,25.4
71640,25.0
71700,24.8
71760,24.0
71820,24.0
71880,24.4
71940,25.4
72000,24.2
72060,24.6
72120,23.6
72180,24.6
72240,24.4
72300,23.4
72360,25.6
72420,24.4
72480,24.0
72540,25.0
72600,24.2
72660,23.8
72720,24.6
72780,25.0
72840,24.8
72900,24.0
72960,23.2
73020,24.6
73080,22.6
73140,23.8
73200,24.2
73260,25.2
73320,24.8
73380,23.8
73440,24.4
73500,24.2
73560,24.4
73620,22.8
73680,23.8
73740,24.2
73800,23.2
73860,23.4
73920,23.8
73980,25.0
74040,24.0
74100,24.4
74160,24.8
74220,24.2
74280,24.0
74340,24.2
74400,23.4
74460,24.6
74520,22.2
74580,22.8
74640,23.6
74700,22.8
74760,22.8
74820,22.8
74880,24.8
74940,23.6
75000,25.0
75060,24.4
75120,24.4
75180,23.6
75240,22.4
75300,25.2
75360,23.6
75420,23.4
75480,25.2
75540,23.6
75600,24.0
75660,23.0
75720,23.6
75780,24.0
75840,23.2
75900,23.2
75960,22.8
76020,23.0
76080,23.8
76140,24.4
76200,25.0
76260,23.2
76320,24.2
76380,24.0
76440,24.2
76500,24.4
76560,24.6
76620,24.4
76680,25.0
76740,24.0
76800,25.2
76860,24.0
76920,24.0
76980,23.8
77040,23.6
77100,24.6
77160,24.6
77220,24.8
77280,22.6
77340,23.0
77400,24.4
77460,22.6
77520,23.8
77580,23.2
77640,22.4
77700,23.4
77760,22.4
77820,21.6
77880,23.4
77940,25.2
78000,24.0
78060,23.4
78120,24.2
78180,25.0
78240,23.8
78300,22.8
78360,23.0
78420,24.4
78480,25.4
78540,25.2
78600,24.2
78660,23.8
78720,24.0
78780,24.0
78840,24.8
78900,23.2
78960,24.6
79020,24.4
79080,23.6
79140,24.4
79200,24.0
79260,23.8
79320,25.0
79380,22.4
79440,23.0
79500,24.4
79560,25.4
79620,23.2
79680,23.0
79740,24.6
79800,23.8
79860,22.8
79920,25.0
79980,24.2
80040,24.0
80100,23.4
80160,24.6
80220,23.4
80280,23.8
80340,23.0
80400,24.0
80460,22.4
80520,21.8
80580,23.6
80640,25.0
80700,24.0
80760,23.6
80820,24.4
80880,24.0
80940,23.8
81000,24.4
81060,23.0
81120,22.6
81180,22.0
81240,22.4
81300,22.4
81360,23.2
81420,22.2
81480,24.4
81540,22.2
81600,23.0
81660,23.0
81720,24.2
81780,24.0
81840,21.8
81900,23.0
81960,23.0
82020,21.8
82080,22.0
82140,25.0
82200,24.0
82260,22.0
82320,22.6
82380,22.2
82440,22.6
82500,23.0
82560,22.8
82620,23.4
82680,22.4
82740,23.2
82800,24.4
82860,24.0
82920,22.0
82980,22.6
83040,23.4
83100,22.4
83160,23.8
83220,22.8
83280,24.8
83340,23.2
83400,24.0
83460,22.0
83520,23.0
83580,25.6
83640,23.0
83700,24.2
83760,24.0
83820,25.0
83880,24.2
83940,25.8
84000,25.2
84060,25.2
84120,23.4
84180,24.6
84240,24.4
84300,24.0
84360,24.0
84420,24.6
84480,23.8
84540,25.6
84600,26.0
84660,24.2
84720,23.8
84780,24.6
84840,25.8
84900,24.4
84960,24.0
85020,23.6
85080,24.8
85140,24.2
85200,23.8
85260,24.6
85320,24.0
85380,24.6
85440,24.2
85500,24.6
85560,25.4
85620,23.0
85680,24.0
85740,23.6
85800,22.6
85860,25.2
85920,23.4
85980,22.6
86040,23.4
86100,21.8
86160,23.0
86220,22.6
86280,21.6
86340,23.4
86400,21.8
86460,22.6
86520,24.4
86580,24.0
86640,23.2
86700,23.8
86760,23.8
86820,23.4
86880,25.0
86940,23.4
87000,23.8
87060,23.4
87120,23.4
87180,23.2
87240,24.2
87300,25.0
87360,24.8
87420,24.6
87480,23.6
87540,25.6
87600,23.6
87660,25.6
87720,24.2
87780,25.0
87840,24.6
87900,25.0
87960,25.8
88020,24.6
88080,24.0
88140,24.8
88200,23.0
88260,24.8
88320,25.8
88380,26.2
88440,25.4
88500,23.2
88560,26.0
88620,25.4
88680,25.2
88740,25.6
88800,24.4
88860,25.4
88920,24.6
88980,24.4
89040,23.2
89100,26.0
89160,25.0
89220,25.0
89280,24.4
89340,26.2
89400,25.0
89460,24.8
89520,23.8
89580,24.4
89640,24.4
89700,23.6
89760,25.6
89820,23.6
89880,24.8
89940,24.4
90000,23.6
90060,24.2
90120,24.0
90180,26.0
90240,24.0
90300,24.4
90360,25.0
90420,24.8
90480,24.6
90540,25.0
90600,26.2
90660,24.8
90720,25.4
90780,25.0
90840,25.6
90900,24.8
90960,25.2
91020,25.6
91080,24.8
91140,25.2
91200,25.4
91260,23.8
91320,24.6
91380,24.0
91440,23.4
91500,23.4
91560,25.0
91620,24.8
91680,24.4
91740,23.6
91800,23.8
91860,24.0
91920,22.6
91980,24.2
92040,24.0
92100,24.8
92160,23.8
92220,25.4
92280,24.8
92340,23.6
92400,23.6
92460,23.6
92520,24.4
92580,22.8
92640,23.4
92700,24.4
92760,23.6
92820,24.8
92880,24.4
92940,22.6
93000,23.0
93060,23.0
93120,25.0
93180,25.2
93240,25.2
93300,25.0
93360,25.0
93420,24.8
93480,23.8
93540,24.6
93600,23.6
93660,24.8
93720,24.4
93780,24.0
93840,25.0
93900,23.4
93960,24.0
94020,23.8
94080,22.4
94140,22.4
94200,24.2
94260,23.6
94320,24.2
94380,23.8
94440,25.0
94500,23.8
94560,23.4
94620,23.2
94680,23.0
94740,24.4
94800,25.6
94860,25.0
94920,24.6
94980,24.2
95040,23.8
95100,23.8
95160,25.2
95220,23.8
95280,24.4
95340,24.6
95400,23.4
95460,24.2
95520,24.2
95580,23.0
95640,24.2
95700,24.8
95760,26.0
95820,25.8
95880,24.4
95940,23.6
96000,22.6
96060,25.2
96120,24.0
96180,23.8
96240,24.6
96300,23.8
96360,25.4
96420,24.2
96480,23.0
96540,24.4
96600,23.8
96660,24.4
96720,24.0
96780,24.6
96840,22.6
96900,24.2
96960,24.0
97020,24.8
97080,24.4
97140,24.4
97200,25.8
97260,24.6
97320,24.0
97380,23.2
97440,23.8
97500,25.0
97560,23.4
97620,25.6
97680,24.8
97740,24.0
97800,24.0
97860,23.8
97920,23.6
97980,23.6
98040,25.2
98100,25.2
98160,23.2
98220,24.0
98280,25.6
98340,24.6
98400,23.4
98460,25.0
98520,26.2
98580,26.2
98640,24.0
98700,22.8
98760,25.0
98820,24.2
98880,25.4
98940,24.6
99000,23.2
99060,23.8
99120,24.6
99180,25.2
99240,24.4
99300,24.6
99360,24.6
99420,25.4
99480,25.6
99540,24.8
99600,25.4
99660,25.4
99720,24.6
99780,24.6
99840,25.4
99900,24.2
99960,24.0
100020,23.8
100080,24.6
100140,22.4
100200,24.4
100260,23.6
100320,23.8
100380,24.6
100440,25.6
100500,23.6
100560,24.4
100620,23.6
100680,24.2
100740,23.8
100800,24.4
100860,25.8
100920,23.4
100980,23.4
101040,25.2
101100,23.4
101160,23.0
101220,24.8
101280,23.6
101340,23.4
101400,24.0
101460,23.8
101520,22.2
101580,23.4
101640,23.8
101700,23.0
101760,23.0
101820,23.2
101880,22.4
101940,23.4
102000,22.6
102060,22.4
102120,23.8
102180,22.8
102240,23.4
102300,23.4
102360,24.2
102420,23.4
102480,23.6
102540,22.4
102600,24.4
102660,24.0
102720,24.4
102780,22.6
102840,23.0
102900,22.2
102960,23.0
103020,23.8
103080,25.4
103140,23.0
103200,22.8
103260,24.2
103320,24.0
103380,23.6
103440,23.6
103500,21.6
103560,22.8
103620,24.8
103680,23.6
103740,24.6
103800,24.4
103860,24.4
103920,23.8
103980,22.8
104040,21.8
104100,22.6
104160,24.8
104220,22.4
104280,23.4
104340,22.8
104400,22.6
104460,24.0
104520,23.2
104580,23.0
104640,23.0
104700,24.2
104760,24.2
104820,25.2
104880,24.4
104940,25.2
105000,24.2
105060,23.6
105120,23.0
105180,23.2
105240,24.8
105300,23.2
105360,22.8
105420,24.4
105480,23.0
105540,23.6
105600,22.4
105660,23.6
105720,23.6
105780,23.4
105840,23.8
105900,24.4
105960,21.8
106020,23.8
106080,23.4
106140,23.6
106200,23.6
106260,23.2
106320,24.2
106380,24.4
106440,23.2
106500,21.8
106560,23.2
106620,24.0
106680,25.0
106740,24.8
106800,24.4
106860,24.6
106920,23.8
106980,24.2
107040,23.8
107100,25.2
107160,23.8
107220,23.4
107280,23.4
107340,23.4
107400,25.4
107460,24.4
107520,23.8
107580,25.4
107640,25.2
107700,24.8
107760,25.2
107820,24.2
107880,24.2
107940,23.2
108000,25.2
108060,24.6
108120,24.8
108180,25.6
108240,24.6
108300,24.8
108360,24.8
108420,23.6
108480,24.2
108540,24.0
108600,24.4
108660,23.4
108720,24.6
108780,24.4
108840,23.6
108900,24.2
108960,23.8
109020,25.4
109080,24.2
109140,22.4
109200,24.2
109260,24.0
109320,26.0
109380,24.0
109440,25.0
109500,23.6
109560,24.8
109620,24.0
109680,24.0
109740,23.0
109800,22.8
109860,24.0
109920,23.2
109980,21.8
110040,22.2
110100,23.4
110160,23.2
110220,23.4
110280,23.6
110340,23.4
110400,24.8
110460,23.4
110520,23.6
110580,23.4
110640,23.4
110700,25.4
110760,23.6
110820,23.8
110880,23.2
110940,24.6
111000,23.6
111060,25.0
111120,24.4
111180,25.2
111240,23.4
111300,24.6
111360,24.8
111420,23.8
111480,24.2
111540,22.2
111600,23.4
111660,24.4
111720,24.4
111780,22.8
111840,23.4
111900,22.4
111960,22.2
112020,24.2
112080,22.6
112140,22.6
112200,24.6
112260,23.6
112320,24.2
112380,23.4
112440,24.0
112500,22.6
112560,24.0
112620,23.4
112680,22.2
112740,24.6
112800,24.4
112860,25.0
112920,22.8
112980,24.0
113040,23.8
113100,23.2
113160,25.2
113220,25.2
113280,23.8
113340,23.2
113400,25.2
113460,23.8
113520,23.6
113580,24.8
113640,24.6
113700,25.6
113760,23.6
113820,24.4
113880,23.8
113940,25.0
114000,23.6
114060,22.8
114120,24.6
114180,22.4
114240,22.8
114300,23.0
114360,26.0
114420,24.8
114480,25.2
114540,23.2
114600,24.6
114660,23.2
114720,23.6
114780,25.8
114840,24.6
114900,21.6
114960,23.0
115020,24.2
115080,24.4
115140,22.8
115200,24.0
115260,22.4
115320,24.0
115380,22.4
115440,22.8
115500,23.8
115560,24.0
115620,22.8
115680,23.6
115740,23.0
115800,23.0
115860,24.4
115920,23.0
115980,23.6
116040,22.8
116100,24.4
116160,23.0
116220,22.6
116280,22.4
116340,22.2
116400,24.2
116460,25.0
116520,23.8
116580,23.6
116640,22.0
116700,24.6
116760,23.8
116820,23.2
116880,23.6
116940,23.0
117000,23.2
117060,22.6
117120,23.0
117180,22.8
117240,21.6
117300,21.0
117360,21.0
117420,23.0
117480,22.6
117540,23.8
117600,22.4
117660,22.6
117720,22.8
117780,22.6
117840,21.6
117900,22.4
117960,21.4
118020,21.8
118080,21.8
118140,22.8
118200,23.0
118260,20.2
118320,22.2
118380,23.0
118440,24.4
118500,22.6
118560,24.2
118620,23.0
118680,23.2
118740,24.2
118800,21.4
118860,23.0
118920,24.2
118980,23.8
119040,22.6
119100,23.2
119160,25.2
119220,23.0
119280,21.0
119340,23.2
119400,24.8
119460,23.4
119520,23.0
119580,23.8
119640,23.2
119700,23.4
119760,23.8
119820,22.2
119880,23.4
119940,22.4
120000,25.0
120060,23.6
120120,23.8
120180,23.0
120240,24.0
120300,23.2
120360,24.0
120420,24.6
120480,24.4
120540,24.0
120600,23.0
120660,24.0
120720,23.2
120780,23.0
120840,24.0
120900,23.4
120960,22.4
121020,24.4
121080,23.4
121140,23.8
121200,22.6
121260,25.2
121320,24.2
121380,25.4
121440,24.2
121500,24.8
121560,22.8
121620,22.4
121680,24.2
121740,23.4
121800,24.6
121860,24.8
121920,25.0
121980,23.8
122040,24.6
122100,23.8
122160,23.6
122220,24.6
122280,23.4
122340,23.4
122400,25.6
122460,25.8
122520,25.8
122580,24.2
122640,24.4
122700,23.2
122760,25.6
122820,23.4
122880,25.2
122940,26.6
123000,23.4
123060,24.8
123120,24.6
123180,25.8
123240,24.4
123300,25.2
123360,24.4
123420,23.2
123480,25.2
123540,23.2
123600,25.4
123660,24.2
123720,24.8
123780,25.0
123840,25.4
123900,23.4
123960,24.2
124020,23.2
124080,24.0
124140,23.8
124200,25.0
124260,25.2
124320,24.2
124380,24.6
124440,24.8
124500,24.2
124560,24.6
124620,25.8
124680,26.0
124740,25.2
124800,25.4
124860,23.6
124920,24.4
124980,25.6
125040,25.2
125100,25.6
125160,23.8
125220,24.4
125280,24.0
125340,24.4
125400,25.2
125460,25.4
125520,25.2
125580,25.0
125640,24.0
125700,24.8
125760,25.2
125820,26.2
125880,23.8
125940,25.8
126000,26.4
126060,25.0
126120,25.8
126180,25.6
126240,23.0
126300,26.2
126360,24.0
126420,24.8
126480,25.4
126540,23.6
126600,26.2
126660,23.6
126720,26.0
126780,25.6
126840,23.8
126900,25.6
126960,25.4
127020,25.8
127080,24.8
127140,24.2
127200,25.0
127260,23.6
127320,23.2
127380,25.0
127440,24.6
127500,25.6
127560,25.4
127620,23.4
127680,25.2
127740,26.4
127800,25.8
127860,25.0
127920,23.8
127980,23.8
128040,23.0
128100,23.2
128160,23.6
128220,25.0
128280,26.4
128340,25.0
128400,25.8
128460,24.4
128520,24.0
128580,25.2
128640,24.6
128700,25.0
128760,24.2
128820,24.4
128880,23.4
128940,23.8
129000,24.2
129060,26.2
129120,25.4
129180,24.6
129240,24.0
129300,25.6
129360,24.6
129420,24.6
129480,25.0
129540,24.8
129600,23.8
129660,24.8
129720,23.2
129780,23.2
129840,24.8
129900,25.6
129960,23.8
130020,23.2
130080,24.0
130140,23.4
130200,24.0
130260,23.6
130320,24.6
130380,23.8
130440,25.6
130500,26.6
130560,25.0
130620,24.0
130680,24.4
130740,24.4
130800,25.8
130860,23.6
130920,26.0
130980,26.4
131040,25.4
131100,23.8
131160,24.8
131220,24.6
131280,24.6
131340,24.0
131400,26.0
131460,24.4
131520,25.4
131580,24.6
131640,23.6
131700,26.4
131760,26.0
131820,24.0
131880,24.6
131940,23.4
132000,24.4
132060,25.4
132120,25.8
132180,25.6
132240,23.6
132300,25.8
132360,26.4
132420,25.0
132480,24.8
132540,25.2
132600,24.4
132660,25.8
132720,26.2
132780,24.4
132840,24.6
132900,25.2
132960,24.8
133020,25.0
133080,24.8
133140,26.4
133200,25.4
133260,25.2
133320,24.8
133380,25.0
133440,25.0
133500,25.2
133560,25.8
133620,24.8
133680,24.8
133740,25.2
133800,25.0
133860,25.4
133920,25.4
133980,25.4
134040,24.2
134100,24.4
134160,24.8
134220,25.6
134280,25.2
134340,26.6
134400,23.6
134460,24.4
134520,26.2
134580,25.0
134640,25.4
134700,25.0
134760,24.6
134820,25.0
134880,25.0
134940,23.4
135000,24.4
135060,26.2
135120,25.6
135180,25.6
135240,24.2
135300,23.6
135360,25.0
135420,24.2
135480,24.6
135540,23.8
135600,25.8
135660,25.0
135720,25.0
135780,24.8
135840,25.2
135900,24.4
135960,24.0
136020,23.4
136080,25.0
136140,23.2
136200,24.6
136260,23.8
136320,24.4
136380,24.2
136440,23.8
136500,24.8
136560,24.4
136620,24.4
136680,24.4
136740,24.0
136800,23.0
136860,24.6
136920,25.4
136980,23.0
137040,23.2
137100,25.0
137160,24.8
137220,23.2
137280,25.2
137340,25.4
137400,24.6
137460,25.2
137520,24.2
137580,25.6
137640,25.6
137700,26.0
137760,25.4
137820,25.2
137880,24.4
137940,23.6
138000,24.2
138060,25.8
138120,23.8
138180,24.2
138240,24.2
138300,23.6
138360,26.4
138420,24.8
138480,24.4
138540,24.6
138600,24.8
138660,24.8
138720,24.6
138780,23.6
138840,26.0
138900,26.0
138960,26.0
139020,25.2
139080,25.4
139140,23.6
139200,26.0
139260,23.8
139320,24.6
139380,25.0
139440,25.8
139500,24.4
139560,25.4
139620,24.6
139680,24.6
139740,23.8
139800,25.0
139860,24.8
139920,24.0
139980,24.2
140040,25.4
140100,25.8
140160,25.0
140220,24.4
140280,23.8
140340,25.0
140400,25.0
140460,24.2
140520,24.4
140580,24.6
140640,24.4
140700,24.4
140760,24.0
140820,24.4
140880,24.6
140940,24.2
141000,23.8
141060,24.8
141120,25.0
141180,22.6
141240,22.6
141300,22.2
141360,23.6
141420,22.8
141480,24.4
141540,23.2
141600,23.2
141660,22.6
141720,23.8
141780,24.2
141840,23.4
141900,23.0
141960,23.0
142020,23.4
142080,23.4
142140,24.6
142200,22.8
142260,23.2
142320,24.2
142380,23.0
142440,23.2
142500,24.0
142560,21.6
142620,24.8
142680,25.0
142740,25.0
142800,23.4
142860,23.2
142920,24.4
142980,22.0
143040,23.4
143100,23.6
143160,23.8
143220,24.0
143280,22.0
143340,23.2
143400,23.6
143460,22.8
143520,24.2
143580,22.8
143640,24.0
143700,25.0
143760,23.6
143820,23.8
143880,23.2
143940,24.2
144000,22.2
144060,22.8
144120,24.2
144180,24.6
144240,22.4
144300,23.4
144360,23.4
144420,23.6
144480,23.4
144540,23.4
144600,24.8
144660,24.2
144720,23.6
144780,24.2
144840,23.4
144900,22.0
144960,23.4
145020,23.8
145080,23.0
145140,23.6
145200,22.8
145260,24.2
145320,23.6
145380,23.4
145440,24.2
145500,24.0
145560,23.6
145620,23.2
145680,23.8
145740,22.4
145800,24.0
145860,23.8
145920,25.8
145980,24.6
146040,23.8
146100,25.4
146160,25.8
146220,24.8
146280,26.8
146340,25.8
146400,25.2
146460,26.2
146520,25.0
146580,24.8
146640,25.8
146700,25.2
146760,25.8
146820,24.0
146880,24.2
146940,25.0
147000,23.8
147060,24.8
147120,24.6
147180,25.0
147240,24.8
147300,26.4
147360,26.0
147420,26.2
147480,25.0
147540,23.6
147600,25.6
147660,26.4
147720,24.0
147780,23.0
147840,25.6
147900,26.0
147960,25.4
148020,24.6
148080,25.0
148140,25.0
148200,24.8
148260,25.4
148320,24.2
148380,24.8
148440,24.8
148500,25.0
148560,23.4
148620,25.6
148680,26.8
148740,24.6
148800,24.6
148860,25.4
148920,24.6
148980,24.4
149040,25.0
149100,25.0
149160,24.0
149220,25.6
149280,25.0
149340,25.0
149400,26.2
149460,24.6
149520,23.4
149580,25.0
149640,26.6
149700,24.0
149760,24.2
149820,24.0
149880,21.4
149940,23.2
150000,24.2
150060,25.8
150120,23.4
150180,23.8
150240,22.6
150300,22.2
150360,23.2
150420,23.0
150480,22.6
150540,22.8
150600,22.2
150660,20.8
150720,22.6
150780,22.2
150840,21.0
150900,21.0
150960,22.2
151020,23.2
151080,22.8
151140,22.8
151200,23.0
151260,24.4
151320,24.2
151380,22.6
151440,24.0
151500,25.8
151560,23.2
151620,25.0
151680,25.6
151740,25.0
151800,23.8
151860,24.4
151920,23.8
151980,25.0
152040,25.0
152100,24.4
152160,24.8
152220,23.8
152280,23.4
152340,24.2
152400,23.4
152460,24.6
152520,25.0
152580,23.2
152640,25.4
152700,23.6
152760,26.0
152820,23.4
152880,24.2
152940,26.2
153000,24.6
153060,23.2
153120,23.8
153180,24.0
153240,23.6
153300,24.6
153360,25.0
153420,24.8
153480,24.0
153540,24.8
153600,23.6
153660,24.8
153720,25.0
153780,24.2
153840,23.6
153900,22.2
153960,24.0
154020,24.6
154080,23.6
154140,22.2
154200,21.4
154260,24.6
154320,24.6
154380,24.2
154440,24.8
154500,25.8
154560,23.2
154620,23.4
154680,24.2
154740,23.4
154800,25.6
154860,23.0
154920,24.6
154980,25.2
155040,24.6
155100,23.8
155160,23.4
155220,24.4
155280,22.4
155340,26.6
155400,25.6
155460,24.4
155520,23.8
155580,24.6
155640,24.2
155700,26.4
155760,23.8
155820,24.2
155880,24.4
155940,24.2
156000,25.0
156060,24.8
156120,25.0
156180,24.8
156240,23.2
156300,26.0
156360,24.6
156420,24.8
156480,24.8
156540,23.2
156600,23.6
156660,25.4
156720,24.0
156780,24.2
156840,25.2
156900,23.4
156960,22.4
157020,24.8
157080,25.4
157140,24.2
157200,26.6
157260,24.8
157320,23.4
157380,24.8
157440,23.6
157500,25.0
157560,24.6
157620,25.8
157680,25.0
157740,24.6
157800,23.4
157860,24.2
157920,24.0
157980,22.8
158040,23.8
158100,23.0
158160,27.0
158220,25.0
158280,24.8
158340,24.6
158400,25.2
158460,25.4
158520,26.2
158580,24.0
158640,25.2
158700,23.6
158760,26.0
158820,24.0
158880,25.0
158940,23.6
159000,23.4
159060,24.2
159120,23.6
159180,24.8
159240,24.8
159300,24.8
159360,23.8
159420,24.2
159480,23.6
159540,23.6
159600,24.0
159660,23.2
159720,23.6
159780,23.0
159840,24.4
159900,23.8
159960,23.2
160020,24.4
160080,25.2
160140,24.8
160200,24.2
160260,24.6
160320,24.2
160380,25.0
160440,23.8
160500,25.2
160560,24.6
160620,24.6
160680,22.6
160740,23.4
160800,23.4
160860,25.0
160920,25.2
160980,24.0
161040,22.2
161100,25.0
161160,25.0
161220,24.4
161280,24.8
161340,24.0
161400,23.8
161460,23.0
161520,24.4
161580,24.0
161640,25.4
161700,25.8
161760,26.0
161820,23.0
161880,23.8
161940,24.4
162000,24.6
162060,23.4
162120,24.8
162180,24.0
162240,26.0
162300,24.0
162360,25.0
162420,24.4
162480,24.2
162540,25.2
162600,24.6
162660,25.0
162720,24.2
162780,23.6
162840,25.2
162900,25.2
162960,24.6
163020,23.0
163080,24.2
163140,23.8
163200,25.0
163260,24.2
163320,24.2
163380,24.6
163440,24.4
163500,25.0
163560,24.0
163620,25.6
163680,23.4
163740,25.0
163800,24.6
163860,24.2
163920,23.8
163980,23.0
164040,23.2
164100,24.8
164160,24.6
164220,25.6
164280,25.2
164340,25.2
164400,24.8
164460,24.8
164520,23.2
164580,25.0
164640,24.0
164700,24.2
164760,24.8
164820,23.8
164880,25.6
164940,25.0
165000,25.4
165060,25.0
165120,25.8
165180,25.0
165240,25.6
165300,23.2
165360,25.0
165420,24.2
165480,24.0
165540,25.2
165600,26.2
165660,23.8
165720,24.8
165780,23.2
165840,25.0
165900,25.8
165960,24.8
166020,24.2
166080,25.2
166140,25.2
166200,25.6
166260,25.8
166320,26.2
166380,24.8
166440,23.6
166500,23.4
166560,24.8
166620,24.6
166680,24.2
166740,24.6
166800,24.4
166860,24.4
166920,24.0
166980,25.4
167040,23.8
167100,25.0
167160,23.4
167220,24.2
167280,23.2
167340,24.0
167400,22.6
167460,24.2
167520,23.4
167580,23.6
167640,23.6
167700,23.0
167760,23.2
167820,23.0
167880,23.2
167940,23.2
168000,25.4
168060,23.8
168120,24.8
168180,24.2
168240,23.6
168300,23.0
168360,23.2
168420,24.2
168480,24.4
168540,23.0
168600,24.8
168660,24.4
168720,23.6
168780,23.8
168840,23.8
168900,24.6
168960,23.6
169020,24.8
169080,23.4
169140,24.8
169200,23.2
169260,24.4
169320,23.6
169380,23.2
169440,23.6
169500,24.6
169560,23.4
169620,23.2
169680,24.8
169740,23.4
169800,23.4
169860,24.6
169920,24.4
169980,23.2
170040,24.0
170100,23.6
170160,23.4
170220,23.2
170280,23.0
170340,23.8
170400,23.6
170460,23.8
170520,23.8
170580,22.8
170640,23.6
170700,22.0
170760,22.0
170820,22.8
170880,21.8
170940,21.6
171000,23.8
171060,23.2
171120,22.8
171180,22.8
171240,22.8
171300,20.8
171360,23.0
171420,23.6
171480,22.4
171540,24.4
171600,23.4
171660,24.4
171720,23.8
171780,24.0
171840,23.8
171900,23.2
171960,23.2
172020,23.8
172080,23.0
172140,23.2
172200,22.4
172260,22.0
172320,22.8
172380,23.0
172440,24.0
172500,23.6
172560,24.8
172620,24.4
172680,24.2
172740,21.6
172800,23.4
172860,23.6
172920,23.4
172980,23.0
173040,23.6
173100,23.0
173160,23.0
173220,24.0
173280,24.2
173340,24.0
173400,24.8
173460,25.0
173520,24.2
173580,23.6
173640,25.8
173700,24.4
173760,25.2
173820,24.4
173880,24.6
173940,24.0
174000,25.0
174060,24.6
174120,25.6
174180,23.4
174240,23.6
174300,23.8
174360,23.8
174420,25.4
174480,26.4
174540,24.4
174600,26.0
174660,25.8
174720,25.0
174780,25.8
174840,25.4
174900,22.8
174960,23.8
175020,25.4
175080,24.6
175140,25.8
175200,24.2
175260,24.8
175320,23.8
175380,24.0
175440,24.8
175500,24.4
175560,26.0
175620,24.2
175680,23.2
175740,25.0
175800,25.0
175860,24.0
175920,25.2
175980,22.8
176040,24.2
176100,24.8
176160,24.4
176220,23.8
176280,24.8
176340,23.8
176400,24.6
176460,23.0
176520,25.0
176580,26.2
176640,23.8
176700,23.2
176760,25.2
176820,24.8
176880,24.0
176940,24.8
177000,24.2
177060,24.4
177120,23.6
177180,26.0
177240,23.6
177300,25.0
177360,24.4
177420,24.6
177480,24.8
177540,23.8
177600,23.4
177660,24.0
177720,23.6
177780,23.4
177840,23.6
177900,23.0
177960,23.8
178020,23.8
178080,24.6
178140,24.0
178200,24.8
178260,23.2
178320,23.0
178380,22.8
178440,22.8
178500,23.2
178560,23.2
178620,23.2
178680,24.2
178740,25.2
178800,23.6
178860,24.0
178920,23.8
178980,24.0
179040,23.6
179100,22.4
179160,23.8
179220,24.0
179280,24.2
179340,24.8
179400,23.0
179460,23.4
179520,23.0
179580,24.4
179640,22.8
179700,24.8
179760,25.0
179820,23.4
179880,24.6
179940,25.0
180000,23.0
180060,24.4
180120,24.0
180180,23.6
180240,23.6
180300,22.4
180360,23.4
180420,22.2
180480,22.8
180540,24.2
180600,23.8
180660,23.0
180720,22.0
180780,23.0
180840,23.8
180900,23.8
180960,22.0
181020,24.0
181080,23.4
181140,23.8
181200,24.2
181260,24.2
181320,24.6
181380,23.0
181440,21.8
181500,24.6
181560,25.4
181620,24.0
181680,23.4
181740,23.6
181800,24.2
181860,24.8
181920,24.0
181980,23.8
182040,24.0
182100,24.0
182160,23.2
182220,24.4
182280,22.4
182340,24.8
182400,23.6
182460,23.8
182520,25.8
182580,24.4
182640,24.4
182700,25.0
182760,23.8
182820,23.0
182880,23.4
182940,23.2
183000,24.4
183060,23.0
183120,24.8
183180,24.6
183240,22.8
183300,24.0
183360,24.6
183420,24.6
183480,23.6
183540,23.4
183600,23.2
183660,23.8
183720,23.6
183780,24.6
183840,23.0
183900,24.6
183960,24.4
184020,25.0
184080,25.0
184140,24.2
184200,24.6
184260,25.0
184320,23.0
184380,24.2
184440,22.6
184500,25.0
184560,24.4
184620,23.6
184680,23.6
184740,23.8
184800,21.8
184860,23.6
184920,23.2
184980,23.8
185040,24.0
185100,24.2
185160,22.6
185220,23.2
185280,22.8
185340,23.2
185400,22.8
185460,23.2
185520,24.4
185580,23.8
185640,23.6
185700,22.2
185760,23.0
185820,23.0
185880,24.2
185940,25.4
186000,23.0
186060,22.2
186120,23.2
186180,23.2
186240,22.8
186300,24.8
186360,23.2
186420,24.2
186480,22.4
186540,23.2
186600,24.0
186660,23.4
186720,22.6
186780,23.0
186840,23.6
186900,23.4
186960,23.6
187020,23.8
187080,23.0
187140,25.4
187200,24.4
187260,23.4
187320,23.2
187380,23.6
187440,23.8
187500,23.8
187560,25.6
187620,23.2
187680,24.4
187740,23.6
187800,22.2
187860,24.6
187920,23.2
187980,25.8
188040,24.2
188100,23.0
188160,25.2
188220,24.6
188280,24.0
188340,24.8
188400,23.6
188460,24.0
188520,24.0
188580,23.8
188640,24.4
188700,23.2
188760,23.2
188820,25.0
188880,23.8
188940,22.8
189000,23.0
189060,23.6
189120,22.8
189180,22.8
189240,22.4
189300,22.6
189360,22.8
189420,23.4
189480,23.0
189540,23.8
189600,23.6
189660,22.6
189720,23.2
189780,23.0
189840,23.2
189900,22.6
189960,23.0
190020,22.8
190080,23.6
190140,22.8
190200,23.8
190260,23.4
190320,24.4
190380,23.4
190440,24.2
190500,22.0
190560,24.2
190620,23.2
190680,23.2
190740,23.6
190800,23.4
190860,23.2
190920,23.0
190980,22.4
191040,24.0
191100,24.2
191160,24.2
191220,23.6
191280,23.6
191340,23.0
191400,21.8
191460,23.4
191520,23.0
191580,24.2
191640,23.4
191700,23.6
191760,24.2
191820,24.6
191880,23.8
191940,23.6
192000,23.4
192060,24.6
192120,23.0
192180,23.8
192240,22.8
192300,25.8
192360,23.2
192420,25.0
192480,24.2
192540,22.2
192600,23.8
192660,23.4
192720,23.4
192780,23.2
192840,24.4
192900,25.4
192960,22.2
193020,23.4
193080,23.0
193140,22.6
193200,23.8
193260,22.6
193320,22.2
193380,23.2
193440,22.8
193500,23.4
193560,23.4
193620,22.2
193680,22.8
193740,23.6
193800,22.8
193860,23.6
193920,25.8
193980,22.0
194040,23.6
194100,24.2
194160,22.8
194220,22.8
194280,23.2
194340,23.0
194400,25.6
194460,23.8
194520,23.0
194580,24.2
194640,24.4
194700,24.2
194760,24.0
194820,24.0
194880,23.2
194940,22.6
195000,24.8
195060,24.2
195120,24.0
195180,25.0
195240,23.6
195300,24.0
195360,24.2
195420,24.2
195480,25.0
195540,25.2
195600,23.8
195660,25.2
195720,24.6
195780,24.2
195840,23.8
195900,25.8
195960,23.0
196020,24.0
196080,25.2
196140,23.4
196200,24.0
196260,24.6
196320,23.8
196380,25.4
196440,22.8
196500,25.0
196560,23.6
196620,24.6
196680,23.6
196740,24.8
196800,25.0
196860,23.0
196920,23.6
196980,24.4
197040,24.0
197100,24.0
197160,25.4
197220,23.8
197280,25.0
197340,22.2
197400,24.0
197460,23.2
197520,24.2
197580,22.6
197640,23.2
197700,24.4
197760,23.0
197820,24.6
197880,24.4
197940,23.2
198000,24.6
198060,22.6
198120,22.4
198180,24.6
198240,23.8
198300,24.6
198360,24.0
198420,24.4
198480,23.8
198540,26.0
198600,22.8
198660,23.8
198720,24.4
198780,23.2
198840,24.4
198900,24.2
198960,25.0
199020,23.2
199080,25.2
199140,25.4
199200,23.8
199260,25.0
199320,24.8
199380,24.2
199440,25.0
199500,24.0
199560,22.2
199620,25.0
199680,23.2
199740,24.6
199800,23.6
199860,24.8
199920,24.6
199980,24.6
200040,23.6
200100,24.4
200160,24.4
200220,24.2
200280,24.4
200340,25.4
200400,24.0
200460,24.2
200520,25.0
200580,25.0
200640,23.6
200700,23.8
200760,24.2
200820,24.2
200880,27.0
200940,25.4
201000,24.8
201060,24.8
201120,26.0
201180,24.2
201240,25.6
201300,24.6
201360,23.8
201420,24.2
201480,24.8
201540,24.0
201600,24.4
201660,24.2
201720,25.0
201780,24.4
201840,24.2
201900,23.0
201960,24.4
202020,23.8
202080,25.4
202140,24.0
202200,24.2
202260,24.4
202320,24.4
202380,23.8
202440,24.2
202500,24.0
202560,23.8
202620,23.2
202680,23.8
202740,23.2
202800,23.6
202860,24.4
202920,23.4
202980,22.6
203040,23.2
203100,22.8
203160,23.2
203220,22.4
203280,23.4
203340,23.2
203400,23.4
203460,22.4
203520,23.8
203580,23.0
203640,23.0
203700,24.2
203760,24.4
203820,21.8
203880,23.2
203940,23.4
204000,23.2
204060,23.6
204120,22.8
204180,23.2
204240,25.0
204300,23.6
204360,23.8
204420,24.0
204480,24.2
204540,23.4
204600,24.8
204660,24.0
204720,24.0
204780,23.2
204840,23.0
204900,24.0
204960,23.0
205020,23.4
205080,23.6
205140,22.8
205200,22.8
205260,21.2
205320,23.2
205380,23.4
205440,22.0
205500,21.8
205560,20.6
205620,22.4
205680,23.0
205740,21.0
205800,23.0
205860,22.4
205920,23.8
205980,23.2
206040,23.8
206100,24.8
206160,24.0
206220,22.4
206280,22.8
206340,23.4
206400,24.0
206460,23.4
206520,23.0
206580,25.0
206640,24.4
206700,22.6
206760,24.8
206820,22.0
206880,24.2
206940,26.0
207000,23.0
207060,22.2
207120,23.6
207180,23.4
207240,25.0
207300,23.6
207360,23.2
207420,23.8
207480,23.6
207540,22.4
207600,22.8
207660,24.6
207720,24.6
207780,24.8
207840,23.2
207900,24.4
207960,24.4
208020,24.2
208080,23.8
208140,23.0
208200,27.0
208260,24.2
208320,25.2
208380,23.4
208440,24.4
208500,23.0
208560,25.0
208620,22.6
208680,23.6
208740,25.6
208800,25.2
208860,24.0
208920,24.4
208980,25.0
209040,25.4
209100,24.8
209160,25.0
209220,25.6
209280,25.0
209340,25.2
209400,24.2
209460,25.4
209520,24.4
209580,24.6
209640,26.4
209700,25.0
209760,23.0
209820,22.6
209880,25.4
209940,23.4
210000,23.4
210060,23.4
210120,23.2
210180,24.0
210240,26.0
210300,25.0
210360,24.4
210420,24.0
210480,24.6
210540,24.4
210600,24.4
210660,23.2
210720,22.8
210780,25.8
210840,24.2
210900,24.8
210960,26.2
211020,23.6
211080,24.2
211140,22.4
211200,24.2
211260,24.0
211320,25.2
211380,25.6
211440,24.8
211500,25.2
211560,25.4
211620,25.0
211680,25.2
211740,22.6
211800,25.0
211860,24.0
211920,24.2
211980,25.4
212040,24.8
212100,25.6
212160,24.2
212220,24.4
212280,24.4
212340,25.4
212400,24.4
212460,24.8
212520,23.6
212580,23.8
212640,24.2
212700,23.4
212760,23.6
212820,25.4
212880,23.2
212940,24.0
213000,25.2
213060,25.0
213120,24.0
213180,24.6
213240,23.8
213300,23.8
213360,23.8
213420,24.0
213480,24.4
213540,24.2
213600,26.2
213660,24.6
213720,24.2
213780,24.8
213840,25.6
213900,25.2
213960,25.4
214020,25.6
214080,24.6
214140,24.4
214200,24.4
214260,23.6
214320,25.0
214380,23.4
214440,25.6
214500,23.8
214560,24.2
214620,25.0
214680,24.6
214740,24.0
214800,25.4
214860,25.6
214920,25.6
214980,26.0
215040,25.6
215100,25.6
215160,26.6
215220,25.2
215280,25.0
215340,24.4
215400,25.4
215460,23.2
215520,24.8
215580,25.2
215640,24.2
215700,24.6
215760,25.2
215820,25.6
215880,23.8
215940,24.0
216000,24.4
216060,23.0
216120,23.8
216180,24.8
216240,24.8
216300,24.2
216360,25.4
216420,24.6
216480,25.0
216540,24.4
216600,24.6
216660,26.0
216720,25.0
216780,24.4
216840,24.6
216900,23.8
216960,22.2
217020,23.8
217080,25.0
217140,23.4
217200,24.6
217260,23.6
217320,23.6
217380,24.0
217440,24.4
217500,22.8
217560,24.0
217620,24.6
217680,23.8
217740,24.4
217800,23.0
217860,24.2
217920,24.4
217980,23.6
218040,24.8
218100,24.2
218160,25.0
218220,24.0
218280,24.6
218340,23.8
218400,23.8
218460,24.6
218520,25.6
218580,23.8
218640,24.2
218700,24.6
218760,23.6
218820,24.6
218880,23.0
218940,23.2
219000,23.8
219060,24.2
219120,23.6
219180,24.0
219240,24.0
219300,25.0
219360,23.6
219420,24.4
219480,22.8
219540,24.6
219600,27.0
219660,24.0
219720,24.4
219780,24.8
219840,23.0
219900,25.2
219960,24.0
220020,25.8
220080,24.0
220140,23.6
220200,23.2
220260,24.8
220320,25.2
220380,24.4
220440,24.6
220500,24.8
220560,24.0
220620,25.2
220680,24.0
220740,23.2
220800,25.0
220860,24.6
220920,25.2
220980,25.2
221040,24.6
221100,23.6
221160,24.4
221220,23.8
221280,23.8
221340,25.4
221400,25.0
221460,24.6
221520,24.6
221580,24.6
221640,24.2
221700,24.2
221760,24.0
221820,25.0
221880,25.8
221940,23.2
222000,24.0
222060,23.0
222120,23.8
222180,24.8
222240,25.0
222300,23.8
222360,23.6
222420,22.8
222480,23.0
222540,24.0
222600,24.0
222660,24.0
222720,23.8
222780,23.0
222840,23.6
222900,23.2
222960,24.4
223020,23.6
223080,24.6
223140,24.6
223200,21.8
223260,23.8
223320,22.0
223380,23.8
223440,24.2
223500,23.8
223560,24.2
223620,24.4
223680,25.0
223740,24.4
223800,25.0
223860,23.0
223920,25.0
223980,23.4
224040,24.8
224100,24.2
224160,27.4
224220,22.6
224280,24.0
224340,24.0
224400,24.6
224460,23.8
224520,23.4
224580,25.4
224640,23.6
224700,23.2
224760,24.2
224820,23.8
224880,25.0
224940,25.0
225000,25.2
225060,24.8
225120,25.6
225180,24.4
225240,24.0
225300,23.6
225360,26.0
225420,25.4
225480,24.8
225540,25.2
225600,25.8
225660,25.4
225720,25.2
225780,25.8
225840,25.4
225900,23.4
225960,24.2
226020,24.6
226080,25.0
226140,24.0
226200,25.8
226260,24.0
226320,25.6
226380,24.4
226440,25.6
226500,25.0
226560,24.6
226620,23.2
226680,25.8
226740,24.4
226800,26.4
226860,24.6
226920,25.6
226980,23.8
227040,24.6
227100,23.4
227160,23.0
227220,23.0
227280,24.6
227340,25.2
227400,24.6
227460,24.0
227520,25.0
227580,23.2
227640,23.8
227700,24.8
227760,24.2
227820,24.0
227880,23.2
227940,22.8
228000,25.4
228060,24.8
228120,25.4
228180,24.2
228240,25.4
228300,24.0
228360,24.4
228420,23.8
228480,24.0
228540,24.4
228600,24.4
228660,25.4
228720,24.6
228780,24.0
228840,23.8
228900,24.2
228960,25.0
229020,25.2
229080,24.2
229140,25.4
229200,23.6
229260,24.8
229320,24.4
229380,25.4
229440,25.0
229500,25.4
229560,24.0
229620,24.6
229680,23.2
229740,24.4
229800,23.4
229860,24.8
229920,24.8
229980,25.4
230040,24.6
230100,25.0
230160,24.6
230220,25.6
230280,25.2
230340,23.6
230400,24.2
230460,25.8
230520,23.6
230580,23.6
230640,24.8
230700,24.6
230760,23.0
230820,24.6
230880,24.4
230940,23.8
231000,24.0
231060,24.4
231120,25.2
231180,27.2
231240,23.8
231300,25.6
231360,26.2
231420,24.4
231480,25.2
231540,26.8
231600,24.4
231660,25.8
231720,24.6
231780,24.8
231840,25.4
231900,24.2
231960,24.4
232020,24.8
232080,24.4
232140,24.4
232200,24.6
232260,24.4
232320,25.4
232380,25.6
232440,25.8
232500,25.0
232560,24.2
232620,26.4
232680,24.6
232740,26.4
232800,27.2
232860,25.0
232920,26.2
232980,25.0
233040,26.6
233100,26.0
233160,26.8
233220,25.2
233280,24.0
233340,24.6
233400,25.4
233460,26.0
233520,25.0
233580,24.6
233640,25.0
233700,24.2
233760,24.2
233820,24.0
233880,24.4
233940,25.4
234000,24.6
234060,23.6
234120,24.2
234180,25.2
234240,24.2
234300,23.8
234360,25.0
234420,26.0
234480,25.4
234540,24.4
234600,25.0
234660,24.2
234720,24.6
234780,24.4
234840,25.6
234900,25.0
234960,26.6
235020,25.0
235080,25.2
235140,24.2
235200,24.2
235260,24.4
235320,25.6
235380,25.6
235440,23.8
235500,24.6
235560,25.8
235620,24.4
235680,24.6
235740,24.0
235800,23.6
235860,24.6
235920,23.6
235980,23.4
236040,22.8
236100,23.4
236160,25.0
236220,24.0
236280,23.6
236340,22.6
236400,22.8
236460,23.0
236520,23.0
236580,23.0
236640,23.8
236700,22.4
236760,23.4
236820,23.4
236880,23.4
236940,23.4
237000,23.0
237060,23.2
237120,23.2
237180,25.0
237240,23.0
237300,24.0
237360,23.8
237420,22.8
237480,25.2
237540,24.4
237600,24.4
237660,24.8
237720,24.2
237780,24.8
237840,24.4
237900,24.2
237960,24.0
238020,25.0
238080,25.2
238140,25.8
238200,24.4
238260,24.6
238320,25.0
238380,23.8
238440,25.0
238500,25.0
238560,25.0
238620,27.2
238680,24.2
238740,24.6
238800,24.4
238860,24.2
238920,26.0
238980,25.0
239040,25.0
239100,27.0
239160,24.8
239220,24.2
239280,24.4
239340,24.0
239400,25.8
239460,25.4
239520,24.6
239580,24.2
239640,24.4
239700,25.6
239760,23.6
239820,24.2
239880,25.0
239940,25.2
240000,25.2
240060,24.8
240120,24.4
240180,25.8
240240,25.6
240300,25.2
240360,24.8
240420,23.8
240480,24.2
240540,25.8
240600,24.0
240660,25.2
240720,25.6
240780,24.8
240840,24.6
240900,24.0
240960,24.2
241020,25.0
241080,24.4
241140,23.6
241200,26.4
241260,22.2
241320,23.4
241380,23.6
241440,23.4
241500,23.4
241560,25.2
241620,23.4
241680,24.8
241740,24.0
241800,23.4
241860,23.2
241920,25.6
241980,23.4
242040,23.4
242100,23.0
242160,23.6
242220,22.2
242280,24.4
242340,25.2
242400,25.2
242460,25.6
242520,23.6
242580,24.4
242640,23.6
242700,23.4
242760,23.8
242820,23.8
242880,25.4
242940,24.0
243000,25.0
243060,26.2
243120,25.6
243180,24.6
243240,24.6
243300,24.2
243360,25.2
243420,23.4
243480,26.0
243540,23.4
243600,24.8
243660,24.2
243720,24.6
243780,23.6
243840,24.8
243900,24.6
243960,23.0
244020,24.0
244080,23.8
244140,24.4
244200,23.6
244260,24.2
244320,23.4
244380,24.4
244440,25.6
244500,25.0
244560,25.6
244620,24.4
244680,24.6
244740,24.4
244800,23.8
244860,24.2
244920,23.0
244980,24.4
245040,25.6
245100,24.4
245160,23.8
245220,23.6
245280,24.2
245340,25.4
245400,25.4
245460,23.8
245520,24.8
245580,23.6
245640,24.0
245700,23.0
245760,25.8
245820,23.8
245880,23.6
245940,22.6
246000,24.8
246060,24.2
246120,22.6
246180,24.0
246240,24.2
246300,23.6
246360,23.2
246420,23.8
246480,24.4
246540,23.0
246600,25.0
246660,23.8
246720,23.2
246780,23.8
246840,24.0
246900,24.4
246960,22.8
247020,24.4
247080,23.4
247140,23.0
247200,21.6
247260,23.4
247320,23.8
247380,23.2
247440,22.6
247500,23.0
247560,23.6
247620,23.0
247680,23.6
247740,24.4
247800,22.6
247860,23.6
247920,24.8
247980,22.2
248040,23.4
248100,22.6
248160,22.2
248220,23.6
248280,22.8
248340,22.6
248400,23.4
248460,23.6
248520,25.0
248580,23.2
248640,24.6
248700,26.2
248760,24.8
248820,25.0
248880,25.6
248940,25.2
249000,24.4
249060,24.8
249120,24.8
249180,23.6
249240,23.8
249300,25.0
249360,23.6
249420,24.8
249480,25.8
249540,24.6
249600,23.6
249660,22.8
249720,25.8
249780,25.2
249840,24.8
249900,25.4
249960,26.0
250020,25.0
250080,25.4
250140,24.2
250200,23.0
250260,23.0
250320,24.0
250380,25.8
250440,23.4
250500,25.2
250560,25.8
250620,24.6
250680,23.2
250740,25.2
250800,23.6
250860,22.6
250920,24.4
250980,24.2
251040,24.2
251100,23.0
251160,23.2
251220,22.2
251280,23.8
251340,23.4
251400,23.2
251460,24.4
251520,22.2
251580,24.2
251640,24.4
251700,23.2
251760,24.6
251820,22.6
251880,23.0
251940,24.0
252000,23.8
252060,24.8
252120,23.6
252180,22.4
252240,24.4
252300,23.2
252360,24.2
252420,23.2
252480,23.4
252540,24.6
252600,24.2
252660,24.6
252720,24.4
252780,22.8
252840,24.4
252900,22.2
252960,24.8
253020,24.4
253080,24.0
253140,24.0
253200,24.2
253260,24.0
253320,25.0
253380,24.0
253440,24.4
253500,25.2
253560,23.4
253620,25.0
253680,25.6
253740,25.2
253800,24.6
253860,23.6
253920,25.6
253980,24.6
254040,25.0
254100,24.8
254160,25.0
254220,24.2
254280,26.0
254340,24.2
254400,24.6
254460,24.0
254520,25.4
254580,24.4
254640,23.6
254700,24.4
254760,24.6
254820,24.0
254880,24.8
254940,25.8
255000,26.6
255060,26.2
255120,22.8
255180,23.0
255240,24.4
255300,25.0
255360,24.0
255420,26.0
255480,25.0
255540,24.6
255600,25.2
255660,25.2
255720,23.8
255780,23.4
255840,25.4
255900,25.2
255960,24.4
256020,25.0
256080,25.0
256140,25.4
256200,24.4
256260,25.2
256320,25.4
256380,24.4
256440,23.8
256500,23.0
256560,24.4
256620,23.4
256680,23.8
256740,25.6
256800,23.6
256860,25.8
256920,24.0
256980,25.8
257040,24.0
257100,23.0
257160,25.8
257220,25.4
257280,23.8
257340,26.2
257400,26.4
257460,25.2
257520,23.8
257580,24.6
257640,26.2
257700,25.4
257760,25.4
257820,23.6
257880,23.4
257940,27.4
258000,25.2
258060,24.8
258120,25.4
258180,25.4
258240,23.8
258300,25.2
258360,25.2
258420,24.8
258480,25.6
258540,26.4
258600,24.4
258660,25.4
258720,24.8
258780,24.8
258840,25.6
258900,26.0
258960,24.2
259020,24.2
259080,26.2
259140,25.8
259200,25.6
259260,23.0
259320,25.6
259380,26.2
259440,23.8
259500,25.4
259560,26.0
259620,25.4
259680,27.0
259740,25.6
259800,24.0
259860,26.2
259920,25.2
259980,24.0
260040,24.6
260100,24.8
260160,25.2
260220,25.0
260280,25.0
260340,24.4
260400,24.8
260460,23.8
260520,24.2
260580,24.2
260640,25.2
260700,25.4
260760,24.4
260820,25.2
260880,24.8
260940,24.4
261000,25.2
261060,25.4
261120,23.6
261180,24.6
261240,23.4
261300,26.0
261360,25.4
261420,24.2
261480,25.4
261540,24.0
261600,24.4
261660,23.6
261720,23.6
261780,24.6
261840,25.0
261900,24.4
261960,25.0
262020,24.0
262080,23.0
262140,24.6
262200,24.4
262260,23.8
262320,24.0
262380,24.2
262440,24.2
262500,24.8
262560,24.6
262620,25.0
262680,24.6
262740,22.6
262800,22.8
262860,23.4
262920,23.2
262980,22.8
263040,24.6
263100,24.2
263160,25.4
263220,24.0
263280,24.0
263340,23.2
263400,23.8
263460,25.0
263520,23.2
263580,25.4
263640,25.0
263700,23.2
263760,24.6
263820,23.2
263880,23.6
263940,24.4
264000,24.2
264060,24.4
264120,25.0
264180,25.0
264240,24.4
264300,23.6
264360,24.0
264420,25.0
264480,24.8
264540,24.8
264600,24.6
264660,23.0
264720,24.0
264780,24.4
264840,24.4
264900,25.2
264960,24.6
265020,23.0
265080,24.6
265140,23.4
265200,24.8
265260,24.2
265320,22.4
265380,22.8
265440,24.4
265500,23.6
265560,21.8
265620,23.6
265680,24.2
265740,24.4
265800,23.8
265860,23.4
265920,24.0
265980,23.2
266040,24.4
266100,25.4
266160,24.6
266220,23.8
266280,24.8
266340,22.6
266400,23.4
266460,22.6
266520,23.8
266580,24.6
266640,23.0
266700,23.4
266760,22.8
266820,24.6
266880,23.6
266940,23.6
267000,23.4
267060,25.8
267120,25.0
267180,22.6
267240,25.2
267300,24.4
267360,23.2
267420,24.6
267480,23.8
267540,22.6
267600,23.8
267660,23.8
267720,24.8
267780,23.0
267840,24.8
267900,24.2
267960,25.0
268020,23.8
268080,26.0
268140,24.0
268200,24.8
268260,24.6
268320,25.6
268380,24.8
268440,25.2
268500,24.0
268560,25.6
268620,24.8
268680,23.4
268740,23.8
268800,24.8
268860,25.0
268920,24.2
268980,25.4
269040,26.2
269100,23.2
269160,23.6
269220,22.6
269280,23.0
269340,24.4
269400,24.4
269460,24.4
269520,24.2
269580,22.6
269640,23.4
269700,23.8
269760,22.8
269820,23.2
269880,23.4
269940,22.8
270000,22.6
270060,23.6
270120,22.6
270180,24.2
270240,23.8
270300,23.4
270360,24.4
270420,22.8
270480,22.2
270540,22.8
270600,24.0
270660,22.0
270720,21.4
270780,21.6
270840,23.6
270900,24.0
270960,23.8
271020,23.2
271080,23.8
271140,24.8
271200,25.0
271260,25.4
271320,24.6
271380,23.2
271440,25.2
271500,25.8
271560,23.6
271620,23.6
271680,25.2
271740,24.6
271800,24.0
271860,23.8
271920,24.2
271980,25.0
272040,24.6
272100,24.4
272160,24.2
272220,24.8
272280,24.4
272340,25.2
272400,23.8
272460,24.4
272520,23.0
272580,23.8
272640,23.2
272700,24.6
272760,23.6
272820,22.8
272880,24.4
272940,23.2
273000,25.0
273060,23.8
273120,24.8
273180,24.6
273240,23.8
273300,24.8
273360,24.4
273420,24.0
273480,23.8
273540,23.6
273600,24.6
273660,24.0
273720,25.8
273780,26.0
273840,24.8
273900,24.0
273960,24.0
274020,24.4
274080,22.4
274140,23.8
274200,26.0
274260,24.0
274320,24.2
274380,23.2
274440,24.8
274500,23.8
274560,25.8
274620,24.0
274680,24.6
274740,23.2
274800,27.2
274860,26.4
274920,23.4
274980,24.8
275040,24.4
275100,25.4
275160,25.4
275220,24.6
275280,24.2
275340,22.8
275400,25.0
275460,24.2
275520,22.8
275580,26.2
275640,23.6
275700,24.6
275760,24.4
275820,24.8
275880,23.4
275940,24.0
276000,24.0
276060,22.8
276120,24.0
276180,24.2
276240,23.2
276300,24.0
276360,22.8
276420,23.4
276480,22.6
276540,24.4
276600,23.6
276660,22.4
276720,24.2
276780,23.6
276840,24.6
276900,22.8
276960,21.8
277020,23.4
277080,22.6
277140,22.2
277200,22.6
277260,24.0
277320,23.8
277380,23.6
277440,23.4
277500,22.4
277560,22.2
277620,23.6
277680,22.4
277740,24.6
277800,23.4
277860,22.6
277920,23.2
277980,23.4
278040,22.2
278100,23.4
278160,24.2
278220,22.8
278280,24.6
278340,22.8
278400,23.4
278460,25.4
278520,24.2
278580,22.6
278640,24.4
278700,24.0
278760,23.6
278820,25.0
278880,24.6
278940,24.8
279000,24.2
279060,25.4
279120,24.8
279180,23.8
279240,25.2
279300,24.0
279360,24.2
279420,23.8
279480,24.6
279540,23.8
279600,24.2
279660,24.0
279720,23.8
279780,24.6
279840,23.8
279900,25.6
279960,25.0
280020,25.4
280080,25.8
280140,26.2
280200,24.4
280260,24.0
280320,25.8
280380,24.4
280440,24.2
280500,25.0
280560,25.0
280620,27.0
280680,25.0
280740,25.4
280800,24.8
280860,25.2
280920,24.2
280980,22.8
281040,25.0
281100,25.2
281160,23.6
281220,23.4
281280,24.0
281340,24.4
281400,25.2
281460,23.2
281520,23.2
281580,22.8
281640,24.6
281700,21.6
281760,23.0
281820,24.6
281880,23.8
281940,24.0
282000,22.6
282060,22.8
282120,23.6
282180,25.0
282240,23.2
282300,25.6
282360,25.4
282420,25.2
282480,25.4
282540,24.4
282600,24.4
282660,25.0
282720,25.0
282780,23.0
282840,24.6
282900,24.4
282960,24.2
283020,25.4
283080,23.2
283140,24.8
283200,23.8
283260,24.0
283320,25.0
283380,26.0
283440,24.0
283500,24.8
283560,25.8
283620,24.2
283680,25.6
283740,27.2
283800,25.0
283860,25.4
283920,25.6
283980,25.6
284040,24.8
284100,25.6
284160,25.6
284220,24.8
284280,25.0
284340,24.6
284400,23.8
284460,24.8
284520,26.0
284580,25.2
284640,24.2
284700,24.6
284760,24.4
284820,24.8
284880,23.0
284940,24.8
285000,25.6
285060,24.0
285120,23.2
285180,24.0
285240,25.2
285300,24.4
285360,23.0
285420,23.6
285480,24.2
285540,25.2
285600,24.6
285660,25.2
285720,26.0
285780,24.8
285840,27.0
285900,24.8
285960,24.8
286020,25.6
286080,25.4
286140,25.2
286200,24.0
286260,23.6
286320,24.4
286380,25.4
286440,25.2
286500,25.6
286560,24.2
286620,24.0
286680,25.4
286740,26.4
286800,25.6
286860,25.0
286920,23.8
286980,24.2
287040,24.0
287100,24.8
287160,25.6
287220,25.4
287280,24.6
287340,23.0
287400,24.0
287460,24.6
287520,22.2
287580,24.4
287640,24.0
287700,24.2
287760,25.0
287820,24.4
287880,24.6
287940,25.0
288000,24.0
288060,23.8
288120,24.4
288180,24.6
288240,23.8
288300,25.6
288360,24.0
288420,26.0
288480,25.0
288540,23.4
288600,24.6
288660,24.8
288720,24.8
288780,25.0
288840,23.4
288900,23.6
288960,23.8
289020,24.4
289080,24.6
289140,25.4
289200,24.2
289260,25.2
289320,25.4
289380,25.4
289440,25.8
289500,23.4
289560,25.2
289620,24.2
289680,24.6
289740,25.8
289800,24.0
289860,23.4
289920,25.0
289980,24.4
290040,24.2
290100,25.0
290160,24.2
290220,25.8
290280,25.4
290340,24.6
290400,26.2
290460,24.8
290520,24.4
290580,24.4
290640,24.4
290700,26.4
290760,25.0
290820,24.2
290880,24.8
290940,23.8
291000,25.2
291060,24.8
291120,24.8
291180,24.0
291240,25.4
291300,24.4
291360,25.2
291420,23.6
291480,23.6
291540,25.2
291600,25.6
291660,25.2
291720,24.8
291780,25.8
291840,24.0
291900,23.2
291960,24.4
292020,24.8
292080,27.2
292140,23.6
292200,24.2
292260,24.4
292320,24.2
292380,25.0
292440,23.4
292500,25.6
292560,23.6
292620,22.4
292680,23.2
292740,23.8
292800,25.8
292860,23.8
292920,24.2
292980,24.8
293040,25.0
293100,25.6
293160,24.0
293220,25.4
293280,25.2
293340,25.0
293400,23.4
293460,24.0
293520,23.6
293580,23.2
293640,22.6
293700,23.8
293760,24.0
293820,23.2
293880,23.6
293940,23.0
294000,23.2
294060,23.8
294120,24.4
294180,23.4
294240,24.0
294300,23.0
294360,24.2
294420,23.4
294480,21.4
294540,24.4
294600,22.2
294660,23.0
294720,25.4
294780,23.2
294840,24.4
294900,24.4
294960,23.4
295020,23.4
295080,23.0
295140,24.8
295200,23.2
295260,24.0
295320,24.4
295380,23.2
295440,22.4
295500,24.4
295560,23.2
295620,23.2
295680,24.2
295740,23.4
295800,22.2
295860,23.0
295920,24.0
295980,22.6
296040,22.8
296100,23.8
296160,24.4
296220,25.2
296280,22.2
296340,22.2
296400,22.8
296460,22.8
296520,24.0
296580,24.0
296640,23.8
296700,23.6
296760,23.2
296820,23.2
296880,23.2
296940,23.0
297000,24.4
297060,25.4
297120,24.0
297180,25.0
297240,23.0
297300,23.0
297360,24.0
297420,23.4
297480,24.2
297540,23.8
297600,25.2
297660,24.6
297720,25.4
297780,24.6
297840,25.2
297900,24.6
297960,23.2
298020,21.8
298080,23.4
298140,22.0
298200,23.4
298260,24.4
298320,23.8
298380,23.0
298440,22.2
298500,23.8
298560,22.2
298620,23.4
298680,23.2
298740,23.8
298800,22.8
298860,25.2
298920,21.8
298980,23.0
299040,23.4
299100,23.8
299160,24.0
299220,24.0
299280,23.4
299340,24.0
299400,24.6
299460,23.4
299520,24.6
299580,23.8
299640,24.0
299700,22.6
299760,23.2
299820,24.0
299880,24.6
299940,24.6
300000,25.0
300060,23.0
300120,23.6
300180,22.0
300240,23.4
300300,24.6
300360,22.8
300420,24.0
300480,24.6
300540,23.8
300600,23.8
300660,23.4
300720,23.4
300780,24.8
300840,25.0
300900,23.6
300960,25.2
301020,22.8
301080,25.2
301140,24.2
301200,23.6
301260,25.2
301320,24.4
301380,25.2
301440,23.6
301500,24.4
301560,25.2
301620,25.0
301680,25.8
301740,25.6
301800,23.4
301860,23.8
301920,24.4
301980,23.6
302040,25.6
302100,23.2
302160,24.6
302220,24.4
302280,24.6
302340,24.0
302400,23.4
302460,25.0
302520,25.2
302580,23.2
302640,25.0
302700,23.4
302760,24.0
302820,25.4
302880,25.0
302940,25.6
303000,25.4
303060,25.0
303120,25.2
303180,23.2
303240,24.8
303300,23.6
303360,24.2
303420,24.8
303480,23.0
303540,23.4
303600,24.2
303660,24.0
303720,24.0
303780,24.4
303840,24.0
303900,22.2
303960,23.4
304020,24.0
304080,23.8
304140,23.8
304200,22.6
304260,24.2
304320,24.4
304380,23.2
304440,23.6
304500,25.8
304560,24.2
304620,24.4
304680,24.0
304740,21.8
304800,23.6
304860,25.4
304920,24.0
304980,25.8
305040,24.0
305100,22.8
305160,24.0
305220,25.6
305280,22.8
305340,26.2
305400,25.6
305460,24.8
305520,24.6
305580,25.4
305640,25.0
305700,23.6
305760,24.8
305820,26.2
305880,26.0
305940,23.8
306000,26.0
306060,25.0
306120,25.4
306180,25.8
306240,23.6
306300,25.0
306360,24.4
306420,25.4
306480,24.6
306540,22.4
306600,25.0
306660,25.0
306720,23.0
306780,23.4
306840,24.4
306900,24.0
306960,22.0
307020,23.8
307080,23.0
307140,24.0
307200,24.4
307260,23.8
307320,24.4
307380,23.4
307440,25.8
307500,25.0
307560,25.0
307620,24.4
307680,25.8
307740,25.4
307800,23.6
307860,23.0
307920,25.6
307980,24.6
308040,23.4
308100,23.8
308160,25.0
308220,24.8
308280,24.0
308340,24.0
308400,24.0
308460,25.6
308520,25.8
308580,24.0
308640,24.8
308700,25.0
308760,23.8
308820,25.4
308880,24.8
308940,24.0
309000,25.0
309060,25.2
309120,24.2
309180,25.8
309240,26.0
309300,24.0
309360,24.6
309420,25.4
309480,25.4
309540,25.0
309600,24.8
309660,25.2
309720,24.2
309780,24.2
309840,24.8
309900,24.8
309960,25.2
310020,23.6
310080,24.0
310140,25.0
310200,24.6
310260,24.8
310320,26.4
310380,25.4
310440,24.4
310500,24.6
310560,26.4
310620,25.0
310680,25.8
310740,25.4
310800,25.6
310860,26.2
310920,24.0
310980,26.0
311040,24.0
311100,24.4
311160,26.0
311220,25.8
311280,24.8
311340,26.2
311400,26.0
311460,24.8
311520,25.2
311580,24.0
311640,26.4
311700,26.4
311760,25.8
311820,24.0
311880,24.4
311940,23.8
312000,25.4
312060,26.4
312120,25.4
312180,25.2
312240,24.4
312300,26.6
312360,24.2
312420,24.4
312480,25.6
312540,23.8
312600,25.8
312660,25.0
312720,25.4
312780,26.0
312840,25.6
312900,25.4
312960,25.4
313020,25.4
313080,26.4
313140,24.4
313200,25.4
313260,24.4
313320,25.4
313380,23.8
313440,24.4
313500,23.2
313560,24.0
313620,24.2
313680,24.6
313740,26.0
313800,24.2
313860,23.4
313920,24.6
313980,24.6
314040,23.6
314100,26.2
314160,23.6
314220,24.0
314280,23.6
314340,23.0
314400,23.0
314460,25.4
314520,24.2
314580,23.8
314640,24.4
314700,24.0
314760,26.2
314820,25.6
314880,25.8
314940,24.2
315000,23.8
315060,24.8
315120,25.4
315180,24.8
315240,23.4
315300,24.2
315360,25.2
315420,23.8
315480,24.6
315540,25.4
315600,23.2
315660,24.6
315720,24.6
315780,25.4
315840,25.8
315900,24.6
315960,23.8
316020,25.2
316080,23.6
316140,24.8
316200,24.4
316260,22.4
316320,24.6
316380,23.0
316440,24.8
316500,24.4
316560,24.4
316620,24.8
316680,24.4
316740,24.6
316800,25.0
316860,24.8
316920,25.0
316980,24.8
317040,25.4
317100,24.6
317160,24.0
317220,22.6
317280,25.2
317340,23.0
317400,24.8
317460,24.8
317520,23.8
317580,24.0
317640,22.6
317700,22.6
317760,25.8
317820,24.6
317880,24.2
317940,23.6
318000,22.4
318060,23.6
318120,22.6
318180,23.8
318240,23.4
318300,24.4
318360,24.8
318420,23.6
318480,25.4
318540,23.8
318600,25.2
318660,24.8
318720,24.8
318780,25.2
318840,23.6
318900,24.2
318960,24.8
319020,25.0
319080,24.2
319140,25.6
319200,23.6
319260,24.6
319320,25.8
319380,24.6
319440,23.2
319500,25.2
319560,25.6
319620,24.4
319680,23.6
319740,24.4
319800,24.6
319860,24.2
319920,24.8
319980,24.8
320040,24.2
320100,25.2
320160,25.6
320220,24.8
320280,23.8
320340,24.8
320400,23.2
320460,24.8
320520,25.2
320580,24.6
320640,24.6
320700,23.8
320760,24.4
320820,24.2
320880,24.2
320940,24.8
321000,25.4
321060,24.4
321120,26.2
321180,23.8
321240,24.6
321300,24.4
321360,24.8
321420,23.8
321480,22.8
321540,24.4
321600,24.0
321660,24.2
321720,24.0
321780,24.8
321840,23.0
321900,25.4
321960,26.0
322020,25.8
322080,25.2
322140,24.8
322200,25.4
322260,26.0
322320,25.2
322380,23.2
322440,25.6
322500,25.0
322560,26.0
322620,24.6
322680,23.4
322740,26.0
322800,25.8
322860,25.2
322920,25.2
322980,26.4
323040,23.4
323100,23.0
323160,25.0
323220,24.8
323280,24.8
323340,24.4
323400,25.0
323460,25.0
323520,26.6
323580,24.2
323640,25.0
323700,27.4
323760,25.4
323820,23.6
323880,23.6
323940,24.2
324000,26.2
324060,25.6
324120,25.6
324180,22.6
324240,23.0
324300,24.0
324360,25.8
324420,23.8
324480,26.8
324540,25.6
324600,25.2
324660,24.8
324720,24.8
324780,25.8
324840,24.0
324900,24.4
324960,24.8
325020,26.0
325080,23.2
325140,24.0
325200,23.4
325260,23.2
325320,25.4
325380,24.0
325440,24.2
325500,24.8
325560,23.6
325620,24.8
325680,26.0
325740,26.2
325800,25.2
325860,22.6
325920,24.2
325980,25.0
326040,23.8
326100,25.6
326160,24.4
326220,24.6
326280,26.0
326340,24.6
326400,24.6
326460,25.8
326520,25.4
326580,24.4
326640,25.8
326700,25.6
326760,23.4
326820,25.4
326880,24.6
326940,24.8
327000,25.0
327060,26.2
327120,24.0
327180,23.2
327240,25.4
327300,25.0
327360,24.6
327420,25.4
327480,25.4
327540,24.8
327600,25.0
327660,24.2
327720,24.4
327780,24.6
327840,24.4
327900,23.8
327960,23.8
328020,24.2
328080,25.8
328140,24.0
328200,24.2
328260,25.2
328320,25.0
328380,25.4
328440,24.4
328500,26.0
328560,25.0
328620,23.2
328680,24.2
328740,22.8
328800,23.6
328860,23.6
328920,24.0
328980,24.2
329040,25.4
329100,24.2
329160,25.0
329220,25.2
329280,23.8
329340,24.8
329400,25.4
329460,24.6
329520,24.0
329580,24.2
329640,23.8
329700,27.0
329760,26.2
329820,24.0
329880,26.2
329940,24.8
330000,26.2
330060,23.6
330120,25.6
330180,23.4
330240,25.6
330300,24.6
330360,24.4
330420,22.6
330480,25.2
330540,24.8
330600,25.6
330660,25.2
330720,26.4
330780,25.0
330840,24.6
330900,25.6
330960,25.2
331020,24.8
331080,25.6
331140,24.4
331200,23.6
331260,24.8
331320,23.6
331380,23.6
331440,24.8
331500,25.2
331560,24.8
331620,25.0
331680,25.2
331740,24.8
331800,24.6
331860,25.0
331920,24.8
331980,24.2
332040,24.6
332100,24.2
332160,24.2
332220,24.2
332280,24.8
332340,24.8
332400,25.2
332460,23.8
332520,23.8
332580,25.2
332640,25.2
332700,25.2
332760,24.6
332820,24.4
332880,24.6
332940,24.6
333000,24.4
333060,24.0
333120,23.8
333180,23.6
333240,25.0
333300,24.4
333360,24.4
333420,25.2
333480,24.4
333540,25.4
333600,24.8
333660,24.2
333720,24.0
333780,23.6
333840,24.0
333900,25.0
333960,24.2
334020,23.6
334080,25.0
334140,25.0
334200,25.2
334260,24.0
334320,24.6
334380,23.8
334440,24.4
334500,24.0
334560,24.0
334620,24.0
334680,25.2
334740,24.4
334800,24.0
334860,23.0
334920,22.2
334980,23.4
335040,26.0
335100,24.0
335160,23.6
335220,24.6
335280,24.6
335340,23.6
335400,22.6
335460,22.2
335520,23.8
335580,24.2
335640,22.2
335700,24.6
335760,24.2
335820,24.8
335880,24.2
335940,24.0
336000,25.4
336060,23.4
336120,25.0
336180,24.6
336240,23.6
336300,24.2
336360,24.2
336420,24.2
336480,23.6
336540,24.0
336600,24.8
336660,23.8
336720,23.0
336780,24.2
336840,23.2
336900,23.4
336960,24.4
337020,24.4
337080,23.8
337140,23.6
337200,24.8
337260,23.2
337320,26.0
337380,25.8
337440,23.2
337500,22.2
337560,23.8
337620,24.6
337680,24.6
337740,23.6
337800,23.2
337860,23.0
337920,23.6
337980,25.2
338040,25.2
338100,24.0
338160,24.6
338220,24.0
338280,24.4
338340,23.8
338400,25.8
338460,24.0
338520,25.0
338580,24.6
338640,24.6
338700,23.6
338760,23.4
338820,25.2
338880,24.8
338940,22.8
339000,22.8
339060,24.4
339120,24.6
339180,25.2
339240,25.8
339300,25.0
339360,24.6
339420,23.6
339480,25.6
339540,24.2
339600,23.6
339660,23.4
339720,24.4
339780,22.0
339840,23.6
339900,24.4
339960,23.2
340020,24.2
340080,24.2
340140,24.2
340200,23.0
340260,24.2
340320,24.6
340380,24.0
340440,24.2
340500,25.6
340560,25.2
340620,24.0
340680,25.4
340740,24.8
340800,25.8
340860,24.0
340920,25.0
340980,24.8
341040,24.0
341100,25.0
341160,23.8
341220,24.8
341280,23.6
341340,24.0
341400,22.4
341460,23.6
341520,23.6
341580,23.8
341640,23.8
341700,23.6
341760,23.6
341820,24.2
341880,24.4
341940,24.4
342000,24.0
342060,23.8
342120,23.2
342180,25.2
342240,24.4
342300,23.6
342360,24.2
342420,24.8
342480,23.8
342540,23.2
342600,25.6
342660,24.6
342720,24.6
342780,23.6
342840,25.0
342900,24.4
342960,24.2
343020,25.8
343080,24.2
343140,24.2
343200,24.0
343260,25.8
343320,22.2
343380,23.2
343440,23.4
343500,23.0
343560,25.2
343620,23.8
343680,24.2
343740,22.8
343800,24.4
343860,23.4
343920,23.6
343980,23.2
344040,24.2
344100,23.8
344160,24.8
344220,24.8
344280,23.6
344340,24.4
344400,22.8
344460,24.0
344520,24.4
344580,24.0
344640,24.4
344700,23.8
344760,23.2
344820,24.0
344880,23.2
344940,23.8
345000,24.0
345060,23.4
345120,23.6
345180,25.0
345240,23.8
345300,24.8
345360,24.2
345420,24.0
345480,24.4
345540,23.8
345600,23.6
345660,24.0
345720,23.8
345780,24.0
345840,23.4
345900,22.8
345960,25.4
346020,26.0
346080,23.8
346140,23.6
346200,22.6
346260,25.4
346320,23.4
346380,24.8
346440,24.6
346500,24.4
346560,24.2
346620,24.8
346680,25.6
346740,24.2
346800,23.6
346860,23.8
346920,24.8
346980,25.0
347040,22.8
347100,24.2
347160,24.4
347220,23.8
347280,23.8
347340,23.4
347400,25.0
347460,25.4
347520,25.0
347580,24.6
347640,24.4
347700,23.8
347760,25.6
347820,23.2
347880,26.0
347940,22.2
348000,25.2
348060,24.0
348120,24.6
348180,24.4
348240,23.2
348300,25.0
348360,23.8
348420,25.0
348480,24.2
348540,25.0
348600,24.2
348660,25.2
348720,24.2
348780,25.2
348840,25.4
348900,25.4
348960,25.4
349020,25.0
349080,24.6
349140,26.2
349200,23.8
349260,24.0
349320,25.2
349380,25.4
349440,25.4
349500,25.2
349560,25.2
349620,24.6
349680,24.0
349740,25.4
349800,24.8
349860,25.2
349920,24.8
349980,23.8
350040,23.8
350100,24.6
350160,23.4
350220,24.8
350280,25.6
350340,24.6
350400,24.6
350460,26.6
350520,25.0
350580,23.8
350640,26.2
350700,24.2
350760,24.6
350820,25.0
350880,23.0
350940,25.0
351000,25.0
351060,24.6
351120,23.8
351180,22.4
351240,25.0
351300,24.8
351360,24.0
351420,24.4
351480,25.0
351540,24.0
351600,22.4
351660,24.8
351720,23.4
351780,25.2
351840,23.0
351900,24.8
351960,23.8
352020,22.4
352080,24.4
352140,24.2
352200,24.4
352260,22.6
352320,24.8
352380,25.0
352440,23.4
352500,23.8
352560,22.8
352620,23.8
352680,24.2
352740,23.8
352800,24.2
352860,24.0
352920,25.0
352980,24.4
353040,23.6
353100,25.2
353160,24.2
353220,21.4
353280,25.4
353340,24.2
353400,24.0
353460,24.8
353520,24.2
353580,24.2
353640,22.8
353700,23.6
353760,23.8
353820,24.4
353880,25.4
353940,24.4
354000,26.2
354060,23.6
354120,24.0
354180,25.0
354240,22.2
354300,25.2
354360,23.8
354420,24.4
354480,25.2
354540,25.4
354600,24.2
354660,23.8
354720,24.6
354780,24.2
354840,24.4
354900,24.6
354960,24.0
355020,25.0
355080,24.4
355140,23.4
355200,25.8
355260,25.4
355320,24.2
355380,24.4
355440,24.8
355500,24.4
355560,25.2
355620,25.0
355680,25.0
355740,24.6
355800,24.8
355860,24.6
355920,26.4
355980,25.4
356040,24.6
356100,25.4
356160,24.4
356220,25.4
356280,23.8
356340,24.6
356400,22.4
356460,23.2
356520,23.0
356580,23.6
356640,23.0
356700,23.2
356760,23.6
356820,23.8
356880,22.6
356940,23.8
357000,22.6
357060,23.4
357120,23.4
357180,23.6
357240,24.0
357300,23.4
357360,23.0
357420,23.8
357480,23.8
357540,24.0
357600,23.8
357660,24.2
357720,24.6
357780,24.4
357840,23.4
357900,23.8
357960,23.8
358020,24.8
358080,23.8
358140,23.8
358200,22.6
358260,23.8
358320,23.6
358380,24.4
358440,23.8
358500,23.6
358560,22.4
358620,23.2
358680,24.2
358740,24.4
358800,21.6
358860,23.6
358920,23.0
358980,22.8
359040,24.6
359100,24.0
359160,22.6
359220,23.2
359280,22.6
359340,23.6
359400,23.0
359460,23.6
359520,23.0
359580,23.8
359640,23.8
359700,24.8
359760,24.8
359820,25.8
359880,23.4
359940,24.8
360000,22.6
