#Steps,score
60,0.4
120,0.6
180,1.2
240,1.0
300,1.4
360,1.0
420,1.4
480,1.2
540,1.4
600,1.4
660,1.4
720,2.4
780,0.4
840,1.6
900,1.4
960,2.0
1020,1.6
1080,1.2
1140,1.4
1200,0.8
1260,1.0
1320,0.2
1380,1.0
1440,1.0
1500,0.4
1560,1.6
1620,1.8
1680,0.8
1740,1.6
1800,0.4
1860,0.6
1920,1.4
1980,0.2
2040,0.4
2100,0.6
2160,1.2
2220,1.4
2280,1.6
2340,1.6
2400,0.6
2460,1.4
2520,1.4
2580,1.8
2640,1.2
2700,0.8
2760,1.8
2820,1.0
2880,1.4
2940,0.6
3000,2.2
3060,0.2
3120,1.6
3180,0.8
3240,1.2
3300,0.8
3360,1.8
3420,1.2
3480,1.6
3540,1.4
3600,1.4
3660,1.4
3720,1.0
3780,1.4
3840,0.4
3900,1.4
3960,0.6
4020,0.6
4080,1.6
4140,1.6
4200,1.0
4260,1.8
4320,2.0
4380,1.6
4440,1.0
4500,1.2
4560,1.4
4620,1.2
4680,1.0
4740,1.6
4800,2.2
4860,1.8
4920,1.0
4980,1.0
5040,0.4
5100,1.0
5160,1.6
5220,0.6
5280,1.8
5340,1.8
5400,1.0
5460,1.8
5520,1.0
5580,2.0
5640,0.8
5700,2.4
5760,0.8
5820,1.0
5880,1.0
5940,1.8
6000,0.4
6060,1.4
6120,1.4
6180,1.8
6240,0.8
6300,1.2
6360,2.2
6420,1.0
6480,1.0
6540,1.2
6600,1.4
6660,1.2
6720,0.8
6780,1.2
6840,1.4
6900,1.2
6960,1.2
7020,1.0
7080,1.2
7140,0.8
7200,0.4
7260,1.6
7320,2.2
7380,1.6
7440,1.6
7500,1.0
7560,1.0
7620,0.8
7680,1.6
7740,1.4
7800,1.2
7860,0.8
7920,0.8
7980,1.4
8040,1.6
8100,1.2
8160,0.6
8220,2.2
8280,0.6
8340,1.0
8400,0.8
8460,1.0
8520,2.0
8580,1.4
8640,1.6
8700,1.2
8760,1.4
8820,1.4
8880,1.2
8940,1.4
9000,1.8
9060,1.0
9120,1.2
9180,0.6
9240,1.2
9300,1.2
9360,0.8
9420,1.2
9480,1.0
9540,1.2
9600,1.0
9660,1.4
9720,1.6
9780,0.8
9840,1.0
9900,0.8
9960,2.0
10020,1.4
10080,2.2
10140,1.4
10200,1.0
10260,1.4
10320,1.0
10380,0.6
10440,0.8
10500,1.4
10560,1.2
10620,0.4
10680,1.4
10740,1.6
10800,2.2
10860,1.0
10920,3.4
10980,1.4
11040,2.0
11100,1.4
11160,1.4
11220,2.6
11280,1.0
11340,1.2
11400,1.4
11460,0.8
11520,0.6
11580,1.0
11640,1.2
11700,1.4
11760,1.8
11820,1.2
11880,0.2
11940,0.4
12000,1.6
12060,1.8
12120,2.2
12180,0.6
12240,1.6
12300,2.6
12360,1.6
12420,1.2
12480,0.8
12540,1.0
12600,1.2
12660,0.8
12720,1.0
12780,1.4
12840,1.4
12900,1.4
12960,2.2
13020,1.4
13080,1.2
13140,1.2
13200,1.0
13260,1.2
13320,1.6
13380,1.4
13440,1.0
13500,1.0
13560,1.8
13620,0.4
13680,0.8
13740,1.8
13800,1.4
13860,1.6
13920,1.4
13980,0.6
14040,0.8
14100,1.0
14160,1.8
14220,3.2
14280,1.6
14340,1.4
14400,1.6
14460,1.0
14520,1.6
14580,1.8
14640,2.0
14700,1.0
14760,1.6
14820,1.8
14880,0.6
14940,1.8
15000,0.8
15060,1.4
15120,0.8
15180,2.2
15240,1.0
15300,1.8
15360,1.6
15420,1.6
15480,0.8
15540,1.0
15600,1.2
15660,1.4
15720,1.8
15780,1.4
15840,2.0
15900,0.8
15960,1.8
16020,2.2
16080,1.2
16140,2.0
16200,1.0
16260,1.4
16320,2.4
16380,1.4
16440,1.6
16500,1.0
16560,0.8
16620,1.4
16680,1.4
16740,0.8
16800,0.8
16860,1.2
16920,1.4
16980,1.0
17040,2.6
17100,1.0
17160,1.4
17220,0.6
17280,0.6
17340,2.6
17400,1.0
17460,2.2
17520,1.4
17580,2.0
17640,1.4
17700,1.2
17760,1.2
17820,2.6
17880,1.8
17940,1.0
18000,1.4
18060,1.4
18120,2.0
18180,2.0
18240,1.4
18300,1.8
18360,1.6
18420,1.2
18480,1.8
18540,1.4
18600,1.2
18660,1.0
18720,1.4
18780,1.0
18840,1.4
18900,1.4
18960,1.4
19020,1.4
19080,1.0
19140,0.6
19200,1.8
19260,1.4
19320,1.2
19380,2.0
19440,2.2
19500,1.4
19560,1.6
19620,1.6
19680,1.0
19740,1.2
19800,1.4
19860,2.0
19920,1.2
19980,1.8
20040,2.4
20100,0.8
20160,0.8
20220,1.0
20280,1.4
20340,2.0
20400,2.4
20460,1.8
20520,1.2
20580,1.2
20640,1.8
20700,1.4
20760,1.4
20820,1.6
20880,0.8
20940,1.2
21000,1.0
21060,1.2
21120,0.8
21180,1.6
21240,1.8
21300,2.2
21360,1.4
21420,1.8
21480,1.2
21540,1.0
21600,1.8
21660,1.4
21720,2.6
21780,0.8
21840,0.6
21900,1.4
21960,1.2
22020,1.2
22080,2.2
22140,1.2
22200,1.2
22260,1.4
22320,1.8
22380,1.2
22440,2.4
22500,1.4
22560,2.4
22620,2.2
22680,1.8
22740,3.0
22800,1.8
22860,2.2
22920,1.6
22980,1.2
23040,2.4
23100,2.0
23160,1.2
23220,2.0
23280,2.2
23340,2.4
23400,1.8
23460,2.2
23520,2.6
23580,0.6
23640,2.0
23700,2.0
23760,3.2
23820,1.8
23880,2.8
23940,1.8
24000,2.6
24060,2.8
24120,2.8
24180,2.4
24240,2.0
24300,2.4
24360,1.8
24420,1.2
24480,2.6
24540,3.0
24600,1.4
24660,2.4
24720,1.4
24780,0.8
24840,1.4
24900,1.6
24960,2.8
25020,1.8
25080,2.0
25140,3.2
25200,2.2
25260,4.0
25320,3.0
25380,2.4
25440,2.2
25500,3.8
25560,2.8
25620,3.2
25680,3.0
25740,4.2
25800,4.0
25860,3.0
25920,4.2
25980,6.2
26040,6.2
26100,5.2
26160,5.8
26220,8.6
26280,10.0
26340,14.8
26400,16.0
26460,19.6
26520,20.6
26580,19.6
26640,22.0
26700,18.8
26760,17.8
26820,17.0
26880,16.8
26940,16.2
27000,15.0
27060,16.0
27120,15.0
27180,15.2
27240,13.4
27300,13.4
27360,15.2
27420,14.6
27480,15.4
27540,18.4
27600,17.8
27660,18.8
27720,20.4
27780,21.2
27840,21.0
27900,22.2
27960,20.6
28020,22.2
28080,22.0
28140,24.2
28200,23.6
28260,24.0
28320,24.2
28380,23.6
28440,23.4
28500,25.2
28560,23.4
28620,24.4
28680,24.6
28740,23.6
28800,22.8
28860,24.6
28920,26.0
28980,24.0
29040,25.2
29100,23.4
29160,24.0
29220,24.4
29280,24.2
29340,23.0
29400,24.4
29460,23.6
29520,24.6
29580,23.6
29640,23.0
29700,23.6
29760,24.2
29820,23.8
29880,24.8
29940,23.8
30000,24.4
30060,24.4
30120,24.2
30180,23.6
30240,24.2
30300,24.4
30360,25.0
30420,23.6
30480,25.0
30540,25.0
30600,23.2
30660,25.0
30720,24.2
30780,25.2
30840,24.4
30900,24.8
30960,24.8
31020,23.2
31080,24.2
31140,24.2
31200,23.4
31260,24.2
31320,24.2
31380,24.4
31440,23.8
31500,24.4
31560,23.0
31620,22.6
31680,24.4
31740,25.4
31800,24.6
31860,26.2
31920,24.2
31980,24.0
32040,23.6
32100,23.0
32160,22.2
32220,24.2
32280,22.2
32340,23.0
32400,23.8
32460,23.4
32520,24.4
32580,22.0
32640,22.0
32700,23.0
32760,23.8
32820,23.8
32880,22.2
32940,23.6
33000,23.8
33060,25.2
33120,24.8
33180,23.0
33240,23.2
33300,25.6
33360,24.6
33420,23.6
33480,24.2
33540,24.4
33600,25.0
33660,25.0
33720,23.2
33780,27.0
33840,24.0
33900,23.6
33960,23.8
34020,25.4
34080,24.2
34140,25.0
34200,24.6
34260,27.0
34320,24.2
34380,25.2
34440,26.0
34500,23.4
34560,24.8
34620,25.8
34680,23.4
34740,24.4
34800,23.8
34860,25.6
34920,24.0
34980,24.4
35040,24.6
35100,24.6
35160,24.0
35220,24.8
35280,23.8
35340,25.2
35400,22.8
35460,23.6
35520,24.0
35580,25.0
35640,24.0
35700,24.8
35760,23.8
35820,24.8
35880,25.2
35940,24.0
36000,24.2
36060,23.6
36120,23.6
36180,23.4
36240,24.0
36300,23.4
36360,22.6
36420,23.2
36480,24.2
36540,24.0
36600,23.6
36660,24.2
36720,23.6
36780,22.6
36840,25.0
36900,24.2
36960,22.8
37020,24.2
37080,23.8
37140,24.0
37200,24.2
37260,24.0
37320,24.2
37380,24.4
37440,25.6
37500,25.4
37560,23.6
37620,24.2
37680,24.8
37740,25.0
37800,25.0
37860,26.0
37920,25.4
37980,24.6
38040,25.6
38100,24.6
38160,24.6
38220,24.8
38280,25.0
38340,24.2
38400,24.4
38460,24.8
38520,25.4
38580,25.4
38640,23.6
38700,25.0
38760,24.6
38820,25.2
38880,23.4
38940,25.0
39000,24.0
39060,23.8
39120,26.4
39180,25.4
39240,23.8
39300,24.2
39360,23.4
39420,23.0
39480,24.6
39540,25.6
39600,23.6
39660,24.2
39720,25.6
39780,24.0
39840,24.4
39900,25.6
39960,26.2
40020,25.0
40080,24.0
40140,24.8
40200,24.8
40260,23.8
40320,24.0
40380,27.8
40440,25.8
40500,26.8
40560,26.6
40620,26.0
40680,25.0
40740,25.6
40800,24.4
40860,24.6
40920,24.6
40980,24.6
41040,23.8
41100,24.0
41160,26.8
41220,23.2
41280,25.0
41340,23.4
41400,25.8
41460,25.2
41520,24.2
41580,23.4
41640,25.4
41700,25.0
41760,26.2
41820,25.6
41880,26.8
41940,24.0
42000,25.2
42060,24.6
42120,24.4
42180,24.2
42240,24.8
42300,25.2
42360,26.2
42420,24.8
42480,25.0
42540,24.4
42600,25.8
42660,25.8
42720,26.0
42780,25.4
42840,24.6
42900,25.6
42960,25.6
43020,25.0
43080,23.8
43140,25.8
43200,25.6
43260,23.6
43320,25.0
43380,25.8
43440,25.4
43500,25.0
43560,25.8
43620,25.2
43680,25.0
43740,24.2
43800,25.8
43860,24.6
43920,25.0
43980,25.0
44040,24.2
44100,25.4
44160,24.0
44220,23.0
44280,24.6
44340,24.8
44400,23.2
44460,25.0
44520,24.6
44580,26.0
44640,24.6
44700,25.6
44760,24.4
44820,25.2
44880,25.0
44940,24.0
45000,24.0
45060,25.4
45120,23.6
45180,24.8
45240,24.6
45300,24.0
45360,25.0
45420,26.0
45480,24.4
45540,24.6
45600,24.4
45660,23.6
45720,25.4
45780,25.2
45840,26.4
45900,25.0
45960,25.4
46020,25.4
46080,25.4
46140,24.6
46200,25.2
46260,25.2
46320,24.4
46380,23.0
46440,25.0
46500,24.0
46560,27.0
46620,24.6
46680,24.4
46740,24.4
46800,26.6
46860,25.8
46920,23.2
46980,26.0
47040,24.2
47100,24.0
47160,25.0
47220,23.6
47280,24.0
47340,25.4
47400,25.2
47460,25.8
47520,23.0
47580,24.2
47640,24.0
47700,24.6
47760,23.0
47820,26.4
47880,23.4
47940,25.2
48000,25.0
48060,24.4
48120,24.0
48180,23.4
48240,24.6
48300,24.0
48360,25.0
48420,23.8
48480,24.0
48540,24.8
48600,25.6
48660,22.8
48720,24.8
48780,24.8
48840,25.2
48900,24.0
48960,24.6
49020,25.0
49080,25.4
49140,24.2
49200,24.8
49260,24.6
49320,23.4
49380,24.4
49440,24.4
49500,25.2
49560,24.8
49620,23.6
49680,23.8
49740,25.0
49800,23.8
49860,24.2
49920,23.6
49980,24.6
50040,24.6
50100,23.8
50160,24.4
50220,24.4
50280,24.8
50340,24.8
50400,24.8
50460,24.4
50520,23.0
50580,24.2
50640,23.8
50700,24.4
50760,23.4
50820,22.8
50880,23.8
50940,23.8
51000,22.2
51060,22.6
51120,22.4
51180,22.8
51240,23.2
51300,22.8
51360,22.2
51420,23.2
51480,23.2
51540,23.6
51600,23.0
51660,23.8
51720,23.6
51780,24.2
51840,23.0
51900,23.0
51960,23.6
52020,22.2
52080,22.8
52140,21.4
52200,24.2
52260,21.8
52320,22.4
52380,23.2
52440,21.4
52500,22.0
52560,23.2
52620,22.4
52680,23.6
52740,22.4
52800,22.4
52860,22.4
52920,23.4
52980,22.4
53040,22.0
53100,23.4
53160,23.2
53220,23.2
53280,21.8
53340,22.4
53400,24.2
53460,23.2
53520,22.2
53580,23.8
53640,23.4
53700,24.2
53760,22.2
53820,23.0
53880,23.4
53940,23.8
54000,24.0
54060,23.6
54120,22.8
54180,23.6
54240,24.6
54300,23.6
54360,23.0
54420,24.2
54480,23.2
54540,23.6
54600,24.6
54660,23.4
54720,25.6
54780,22.8
54840,23.8
54900,22.8
54960,23.8
55020,24.8
55080,23.6
55140,24.2
55200,24.0
55260,24.2
55320,23.6
55380,25.4
55440,24.4
55500,24.6
55560,23.8
55620,25.8
55680,25.4
55740,27.2
55800,23.8
55860,24.8
55920,25.4
55980,25.2
56040,25.4
56100,25.4
56160,24.2
56220,26.0
56280,24.2
56340,24.8
56400,24.8
56460,24.0
56520,24.2
56580,24.4
56640,24.6
56700,25.6
56760,24.2
56820,25.0
56880,26.4
56940,25.2
57000,25.0
57060,23.2
57120,25.6
57180,24.2
57240,24.4
57300,25.8
57360,24.2
57420,25.6
57480,25.2
57540,23.6
57600,23.2
57660,25.8
57720,25.4
57780,26.2
57840,25.0
57900,23.8
57960,25.4
58020,24.0
58080,26.0
58140,25.4
58200,25.0
58260,25.0
58320,24.8
58380,25.2
58440,24.8
58500,25.2
58560,25.4
58620,25.6
58680,25.8
58740,27.0
58800,24.0
58860,25.2
58920,24.8
58980,25.8
59040,25.6
59100,25.2
59160,25.2
59220,24.4
59280,25.4
59340,23.8
59400,25.0
59460,24.6
59520,26.4
59580,25.0
59640,25.4
59700,24.2
59760,25.0
59820,22.2
59880,24.0
59940,23.8
60000,23.6
60060,25.2
60120,24.0
60180,23.0
60240,23.4
60300,23.8
60360,23.8
60420,23.0
60480,23.8
60540,23.8
60600,21.8
60660,23.6
60720,23.0
60780,21.8
60840,22.4
60900,22.4
60960,21.8
61020,22.8
61080,21.8
61140,23.6
61200,22.0
61260,21.6
61320,21.2
61380,23.2
61440,22.6
61500,21.8
61560,22.6
61620,23.2
61680,22.4
61740,22.8
61800,24.2
61860,23.2
61920,24.4
61980,23.6
62040,23.8
62100,23.4
62160,24.6
62220,24.4
62280,24.2
62340,23.2
62400,23.4
62460,24.4
62520,23.4
62580,24.8
62640,24.8
62700,23.8
62760,24.0
62820,26.0
62880,24.8
62940,24.8
63000,24.6
63060,24.4
63120,25.4
63180,23.6
63240,24.2
63300,23.8
63360,23.6
63420,24.2
63480,24.8
63540,26.2
63600,25.0
63660,25.4
63720,24.0
63780,24.8
63840,24.2
63900,24.2
63960,24.4
64020,25.2
64080,24.6
64140,23.8
64200,24.8
64260,23.8
64320,24.6
64380,24.6
64440,24.6
64500,25.2
64560,24.2
64620,25.8
64680,24.2
64740,25.6
64800,24.8
64860,25.0
64920,24.8
64980,25.4
65040,25.8
65100,25.2
65160,22.8
65220,24.6
65280,26.0
65340,24.4
65400,24.6
65460,25.6
65520,25.6
65580,24.2
65640,23.6
65700,25.8
65760,24.6
65820,25.4
65880,25.2
65940,26.4
66000,26.6
66060,24.2
66120,24.6
66180,23.8
66240,24.8
66300,25.4
66360,25.0
66420,24.6
66480,25.8
66540,26.2
66600,25.4
66660,25.6
66720,26.4
66780,24.6
66840,25.6
66900,24.8
66960,25.6
67020,24.6
67080,27.0
67140,24.6
67200,24.4
67260,26.2
67320,24.8
67380,25.8
67440,26.8
67500,23.6
67560,25.8
67620,24.2
67680,25.4
67740,24.8
67800,25.0
67860,23.8
67920,26.0
67980,25.8
68040,24.0
68100,26.6
68160,26.0
68220,25.2
68280,25.0
68340,24.8
68400,26.0
68460,25.4
68520,25.0
68580,26.0
68640,24.4
68700,24.2
68760,26.6
68820,25.8
68880,25.4
68940,26.0
69000,25.2
69060,26.6
69120,24.0
69180,26.0
69240,25.0
69300,24.4
69360,24.6
69420,24.6
69480,25.8
69540,25.4
69600,26.0
69660,26.8
69720,24.8
69780,26.0
69840,24.4
69900,24.2
69960,25.0
70020,25.0
70080,24.6
70140,25.0
70200,25.8
70260,24.4
70320,26.0
70380,24.6
70440,24.4
70500,24.6
70560,26.0
70620,25.6
70680,24.8
70740,24.8
70800,27.0
70860,24.8
70920,25.0
70980,24.0
71040,25.6
71100,25.0
71160,26.6
71220,24.6
71280,23.8
71340,26.2
71400,25.0
71460,24.4
71520,25.2
71580,24.6
71640,26.2
71700,25.2
71760,25.0
71820,26.2
71880,27.0
71940,25.2
72000,25.6
72060,25.0
72120,24.4
72180,27.0
72240,24.0
72300,25.8
72360,26.4
72420,25.6
72480,24.8
72540,25.2
72600,26.2
72660,26.2
72720,25.6
72780,25.8
72840,25.0
72900,23.4
72960,24.8
73020,26.0
73080,25.0
73140,25.6
73200,26.4
73260,25.8
73320,25.0
73380,26.4
73440,24.8
73500,24.2
73560,26.6
73620,24.2
73680,24.6
73740,25.6
73800,25.0
73860,25.0
73920,26.2
73980,25.4
74040,24.6
74100,25.8
74160,24.8
74220,25.4
74280,25.2
74340,24.6
74400,26.4
74460,25.2
74520,25.8
74580,24.0
74640,23.4
74700,25.8
74760,24.0
74820,24.8
74880,25.2
74940,27.0
75000,24.6
75060,25.4
75120,25.8
75180,25.6
75240,26.0
75300,26.6
75360,24.4
75420,25.0
75480,25.2
75540,27.0
75600,25.8
75660,24.8
75720,24.8
75780,23.8
75840,23.8
75900,24.0
75960,25.0
76020,25.6
76080,24.6
76140,25.0
76200,23.2
76260,25.0
76320,24.8
76380,26.2
76440,26.2
76500,24.8
76560,24.4
76620,24.6
76680,26.0
76740,25.6
76800,25.2
76860,24.0
76920,24.6
76980,24.0
77040,26.2
77100,26.0
77160,23.4
77220,25.0
77280,24.6
77340,25.0
77400,25.8
77460,25.0
77520,26.0
77580,25.0
77640,25.0
77700,23.6
77760,25.4
77820,25.6
77880,24.8
77940,24.4
78000,25.2
78060,24.4
78120,25.6
78180,24.6
78240,25.0
78300,25.2
78360,24.6
78420,25.2
78480,25.6
78540,24.8
78600,24.2
78660,25.6
78720,24.6
78780,26.2
78840,24.4
78900,24.4
78960,24.6
79020,25.8
79080,24.0
79140,25.2
79200,25.4
79260,24.6
79320,25.4
79380,24.8
79440,23.8
79500,25.6
79560,25.6
79620,25.0
79680,25.4
79740,24.4
79800,26.2
79860,24.2
79920,23.8
79980,25.4
80040,24.4
80100,23.0
80160,25.0
80220,23.8
80280,24.0
80340,24.0
80400,24.6
80460,25.4
80520,24.6
80580,25.0
80640,26.0
80700,25.0
80760,25.8
80820,24.4
80880,24.6
80940,24.8
81000,23.4
81060,24.6
81120,24.8
81180,25.2
81240,24.4
81300,23.4
81360,25.6
81420,26.0
81480,25.0
81540,25.0
81600,24.8
81660,23.2
81720,22.2
81780,24.4
81840,23.0
81900,24.8
81960,22.6
82020,25.0
82080,24.4
82140,24.6
82200,24.8
82260,24.8
82320,24.0
82380,22.8
82440,23.4
82500,24.2
82560,23.6
82620,24.6
82680,23.6
82740,24.6
82800,24.8
82860,23.8
82920,24.0
82980,23.6
83040,23.8
83100,22.8
83160,23.8
83220,23.8
83280,24.0
83340,25.4
83400,24.0
83460,24.6
83520,23.4
83580,24.4
83640,23.6
83700,24.6
83760,24.4
83820,22.4
83880,25.2
83940,25.0
84000,23.6
84060,25.8
84120,24.4
84180,24.4
84240,23.8
84300,24.8
84360,23.8
84420,23.6
84480,24.8
84540,24.6
84600,24.2
84660,23.4
84720,25.2
84780,23.6
84840,23.8
84900,25.2
84960,24.4
85020,25.4
85080,24.4
85140,25.0
85200,23.6
85260,24.4
85320,25.2
85380,24.6
85440,24.0
85500,26.0
85560,25.2
85620,26.4
85680,25.0
85740,25.2
85800,24.6
85860,23.6
85920,25.0
85980,25.2
86040,24.8
86100,24.2
86160,24.0
86220,24.8
86280,24.0
86340,25.0
86400,25.0
86460,24.4
86520,23.6
86580,24.6
86640,23.8
86700,23.8
86760,23.2
86820,23.2
86880,23.2
86940,24.2
87000,25.0
87060,26.2
87120,24.8
87180,23.8
87240,24.2
87300,24.2
87360,24.6
87420,22.6
87480,23.4
87540,23.6
87600,23.8
87660,25.0
87720,23.4
87780,23.0
87840,24.8
87900,24.0
87960,23.2
88020,27.0
88080,24.2
88140,24.6
88200,23.4
88260,25.8
88320,25.8
88380,25.0
88440,25.2
88500,24.4
88560,24.2
88620,25.2
88680,25.0
88740,24.0
88800,25.6
88860,24.8
88920,24.4
88980,23.4
89040,24.2
89100,23.8
89160,23.4
89220,24.0
89280,25.4
89340,23.4
89400,24.0
89460,24.4
89520,25.4
89580,24.4
89640,24.2
89700,24.6
89760,23.2
89820,24.4
89880,23.0
89940,24.6
90000,24.4
90060,25.2
90120,22.6
90180,23.8
90240,24.4
90300,24.0
90360,24.6
90420,24.4
90480,24.2
90540,21.8
90600,22.0
90660,22.8
90720,23.6
90780,22.0
90840,22.8
90900,24.6
90960,23.6
91020,23.4
91080,23.0
91140,23.2
91200,24.2
91260,24.0
91320,24.4
91380,22.8
91440,23.2
91500,26.4
91560,24.2
91620,24.0
91680,25.6
91740,24.2
91800,22.8
91860,24.0
91920,24.0
91980,23.8
92040,24.6
92100,23.8
92160,22.8
92220,24.8
92280,24.2
92340,24.4
92400,24.8
92460,24.2
92520,22.4
92580,24.6
92640,22.8
92700,23.6
92760,24.2
92820,22.8
92880,23.6
92940,24.0
93000,23.2
93060,23.2
93120,24.0
93180,23.8
93240,23.0
93300,23.4
93360,22.2
93420,24.8
93480,23.8
93540,24.6
93600,25.6
93660,21.6
93720,24.6
93780,24.6
93840,23.8
93900,24.0
93960,23.4
94020,24.0
94080,23.6
94140,23.0
94200,23.8
94260,23.8
94320,24.4
94380,24.2
94440,24.2
94500,25.6
94560,25.0
94620,22.8
94680,23.4
94740,23.4
94800,25.2
94860,23.6
94920,24.6
94980,23.8
95040,23.2
95100,24.8
95160,24.4
95220,24.2
95280,25.2
95340,24.2
95400,24.0
95460,24.4
95520,24.8
95580,24.2
95640,23.8
95700,25.6
95760,26.2
95820,23.4
95880,23.4
95940,24.2
96000,23.8
96060,24.4
96120,24.2
96180,24.0
96240,25.0
96300,23.8
96360,23.8
96420,23.6
96480,22.6
96540,23.4
96600,23.6
96660,23.8
96720,23.0
96780,23.4
96840,24.8
96900,24.2
96960,23.4
97020,21.8
97080,24.2
97140,22.8
97200,22.6
97260,22.8
97320,25.4
97380,23.8
97440,24.6
97500,25.4
97560,22.8
97620,23.2
97680,24.0
97740,24.8
97800,23.2
97860,25.2
97920,25.0
97980,24.8
98040,25.6
98100,24.2
98160,23.8
98220,23.6
98280,24.4
98340,22.4
98400,23.8
98460,25.0
98520,23.8
98580,24.2
98640,22.8
98700,24.0
98760,24.2
98820,24.2
98880,24.0
98940,23.6
99000,24.8
99060,24.0
99120,23.2
99180,23.6
99240,24.0
99300,24.2
99360,23.8
99420,22.4
99480,24.4
99540,23.6
99600,22.0
99660,23.0
99720,23.4
99780,25.0
99840,24.4
99900,23.8
99960,24.0
100020,23.4
100080,24.2
100140,24.4
100200,25.0
100260,23.4
100320,24.6
100380,25.4
100440,23.4
100500,24.6
100560,23.6
100620,25.0
100680,24.8
100740,24.2
100800,23.0
100860,25.4
100920,25.8
100980,25.0
101040,24.0
101100,25.0
101160,25.0
101220,25.2
101280,22.4
101340,23.4
101400,25.0
101460,23.8
101520,23.8
101580,22.4
101640,23.8
101700,24.4
101760,25.4
101820,23.0
101880,25.0
101940,24.8
102000,24.6
102060,25.8
102120,23.6
102180,24.2
102240,23.8
102300,24.6
102360,25.0
102420,23.0
102480,24.6
102540,22.2
102600,22.6
102660,24.8
102720,23.6
102780,22.8
102840,22.4
102900,23.8
102960,24.8
103020,25.0
103080,24.8
103140,23.4
103200,23.2
103260,23.4
103320,26.8
103380,25.2
103440,25.6
103500,24.8
103560,24.2
103620,25.4
103680,25.8
103740,25.0
103800,25.8
103860,26.0
103920,25.4
103980,24.8
104040,24.4
104100,25.2
104160,24.4
104220,24.0
104280,24.2
104340,26.0
104400,25.2
104460,24.4
104520,24.8
104580,26.4
104640,23.6
104700,24.2
104760,24.6
104820,24.2
104880,23.2
104940,24.6
105000,25.2
105060,25.2
105120,24.6
105180,23.2
105240,24.0
105300,24.6
105360,24.4
105420,24.4
105480,22.8
105540,24.4
105600,26.6
105660,24.6
105720,24.0
105780,25.0
105840,24.0
105900,24.6
105960,25.0
106020,24.2
106080,25.8
106140,25.0
106200,23.4
106260,24.6
106320,24.2
106380,23.4
106440,23.6
106500,23.2
106560,24.0
106620,24.4
106680,25.0
106740,24.0
106800,23.4
106860,24.8
106920,23.8
106980,23.6
107040,23.4
107100,24.8
107160,24.6
107220,21.6
107280,24.0
107340,22.6
107400,22.8
107460,23.4
107520,24.4
107580,23.2
107640,24.0
107700,25.2
107760,24.4
107820,24.2
107880,22.2
107940,24.6
108000,23.8
108060,24.0
108120,24.0
108180,25.2
108240,24.4
108300,23.8
108360,23.6
108420,24.0
108480,23.0
108540,22.6
108600,23.8
108660,22.8
108720,22.8
108780,22.0
108840,23.6
108900,23.2
108960,22.8
109020,22.0
109080,22.4
109140,23.4
109200,22.4
109260,22.4
109320,23.2
109380,22.4
109440,23.6
109500,23.6
109560,22.8
109620,23.6
109680,23.0
109740,23.8
109800,24.2
109860,22.2
109920,24.0
109980,22.4
110040,22.2
110100,21.6
110160,24.8
110220,24.6
110280,23.2
110340,25.0
110400,24.6
110460,23.0
110520,23.0
110580,23.8
110640,24.8
110700,23.6
110760,23.4
110820,24.0
110880,24.0
110940,24.0
111000,24.4
111060,23.6
111120,25.0
111180,24.2
111240,23.2
111300,24.0
111360,24.4
111420,25.0
111480,24.0
111540,25.2
111600,24.8
111660,25.0
111720,24.6
111780,25.0
111840,25.4
111900,24.0
111960,26.4
112020,25.8
112080,24.0
112140,24.4
112200,26.4
112260,24.4
112320,23.2
112380,24.2
112440,26.0
112500,24.2
112560,25.0
112620,25.8
112680,25.6
112740,24.0
112800,24.4
112860,23.6
112920,23.4
112980,24.6
113040,22.2
113100,22.8
113160,23.4
113220,23.2
113280,23.2
113340,24.6
113400,25.4
113460,23.6
113520,25.2
113580,23.8
113640,25.2
113700,25.4
113760,24.4
113820,23.2
113880,25.6
113940,25.6
114000,26.0
114060,25.0
114120,23.4
114180,23.8
114240,23.2
114300,24.8
114360,24.0
114420,25.4
114480,25.8
114540,25.2
114600,24.4
114660,25.6
114720,25.0
114780,25.8
114840,24.4
114900,27.0
114960,26.6
115020,26.0
115080,27.2
115140,25.4
115200,25.4
115260,27.6
115320,25.6
115380,26.2
115440,26.0
115500,25.4
115560,25.4
115620,25.8
115680,25.6
115740,25.2
115800,24.4
115860,24.6
115920,24.6
115980,26.0
116040,27.2
116100,25.6
116160,25.4
116220,24.6
116280,24.8
116340,24.2
116400,25.6
116460,25.4
116520,25.0
116580,25.0
116640,23.8
116700,25.0
116760,25.0
116820,25.8
116880,25.2
116940,24.2
117000,22.8
117060,23.6
117120,25.2
117180,25.4
117240,24.6
117300,26.6
117360,25.2
117420,23.0
117480,24.6
117540,25.2
117600,26.0
117660,25.2
117720,24.6
117780,23.8
117840,25.2
117900,24.2
117960,24.8
118020,25.0
118080,24.2
118140,25.2
118200,24.6
118260,25.0
118320,23.6
118380,24.2
118440,23.8
118500,23.4
118560,23.0
118620,24.8
118680,24.0
118740,24.8
118800,22.8
118860,23.2
118920,23.6
118980,23.4
119040,26.0
119100,23.0
119160,24.4
119220,24.2
119280,24.4
119340,23.4
119400,25.0
119460,24.2
119520,24.8
119580,25.0
119640,24.6
119700,23.6
119760,24.0
119820,23.2
119880,24.6
119940,24.2
120000,24.0
120060,23.8
120120,22.8
120180,22.8
120240,20.8
120300,22.2
120360,21.6
120420,21.6
120480,22.0
120540,21.2
120600,22.0
120660,22.0
120720,23.4
120780,21.2
120840,22.8
120900,23.2
120960,24.0
121020,22.0
121080,22.6
121140,23.0
121200,22.6
121260,24.8
121320,22.8
121380,25.0
121440,21.8
121500,25.8
121560,24.2
121620,23.4
121680,24.0
121740,23.2
121800,23.4
121860,23.8
121920,25.2
121980,25.0
122040,25.0
122100,24.4
122160,24.2
122220,25.8
122280,23.8
122340,26.4
122400,24.8
122460,23.6
122520,24.6
122580,25.2
122640,25.2
122700,24.6
122760,23.2
122820,24.0
122880,25.0
122940,23.4
123000,25.0
123060,25.6
123120,24.6
123180,25.4
123240,26.2
123300,24.6
123360,26.4
123420,24.8
123480,25.8
123540,25.8
123600,24.6
123660,25.6
123720,25.2
123780,24.2
123840,25.2
123900,25.8
123960,24.4
124020,24.0
124080,24.2
124140,25.2
124200,24.6
124260,25.2
124320,24.8
124380,25.6
124440,24.0
124500,25.8
124560,25.4
124620,25.2
124680,25.0
124740,24.2
124800,24.4
124860,25.0
124920,25.8
124980,24.8
125040,24.4
125100,25.0
125160,25.0
125220,24.2
125280,24.6
125340,23.2
125400,25.0
125460,24.0
125520,24.2
125580,25.2
125640,23.8
125700,25.0
125760,25.2
125820,25.0
125880,24.4
125940,25.2
126000,24.6
126060,25.4
126120,24.4
126180,23.2
126240,25.0
126300,24.6
126360,24.6
126420,25.0
126480,24.8
126540,24.8
126600,24.4
126660,24.6
126720,24.6
126780,24.0
126840,24.8
126900,24.4
126960,25.0
127020,24.2
127080,25.2
127140,25.0
127200,24.6
127260,25.0
127320,24.6
127380,25.6
127440,25.6
127500,23.6
127560,23.6
127620,24.2
127680,24.2
127740,24.6
127800,24.8
127860,24.4
127920,22.2
127980,22.8
128040,22.2
128100,24.0
128160,23.2
128220,23.4
128280,23.4
128340,23.8
128400,23.4
128460,24.8
128520,23.4
128580,22.6
128640,22.6
128700,23.4
128760,20.6
128820,23.6
128880,22.8
128940,23.2
129000,23.6
129060,25.2
129120,23.2
129180,24.0
129240,24.2
129300,22.8
129360,23.2
129420,24.0
129480,22.8
129540,26.2
129600,23.4
129660,25.2
129720,22.6
129780,23.4
129840,23.8
129900,24.8
129960,23.8
130020,23.6
130080,23.0
130140,24.4
130200,23.0
130260,24.4
130320,25.2
130380,24.2
130440,26.0
130500,24.4
130560,23.8
130620,25.2
130680,25.0
130740,23.0
130800,25.0
130860,24.8
130920,25.0
130980,22.8
131040,25.0
131100,25.0
131160,24.8
131220,26.0
131280,24.4
131340,25.0
131400,24.4
131460,24.0
131520,24.8
131580,24.0
131640,25.2
131700,24.4
131760,24.4
131820,23.6
131880,24.2
131940,24.8
132000,24.8
132060,26.4
132120,25.0
132180,24.4
132240,25.0
132300,23.2
132360,25.2
132420,24.2
132480,25.4
132540,24.4
132600,24.0
132660,24.8
132720,25.8
132780,23.4
132840,23.8
132900,24.2
132960,22.8
133020,24.0
133080,24.6
133140,25.0
133200,24.8
133260,22.8
133320,23.4
133380,22.8
133440,22.0
133500,23.0
133560,22.4
133620,22.2
133680,23.2
133740,23.0
133800,23.4
133860,23.4
133920,23.6
133980,24.4
134040,25.4
134100,24.0
134160,23.8
134220,24.4
134280,24.0
134340,25.4
134400,25.2
134460,24.2
134520,25.2
134580,25.2
134640,24.2
134700,25.8
134760,24.6
134820,24.6
134880,24.4
134940,25.0
135000,24.8
135060,24.2
135120,26.2
135180,25.6
135240,22.8
135300,25.2
135360,25.2
135420,23.4
135480,23.6
135540,23.2
135600,24.0
135660,23.2
135720,25.0
135780,25.8
135840,24.8
135900,24.4
135960,24.4
136020,23.2
136080,23.6
136140,25.0
136200,23.8
136260,23.8
136320,23.8
136380,24.2
136440,23.4
136500,23.4
136560,22.8
136620,22.6
136680,22.6
136740,24.2
136800,24.8
136860,25.2
136920,23.0
136980,24.0
137040,22.8
137100,24.0
137160,25.0
137220,24.4
137280,24.2
137340,24.0
137400,23.8
137460,23.2
137520,24.4
137580,23.2
137640,24.4
137700,22.2
137760,24.2
137820,24.2
137880,24.0
137940,23.2
138000,24.8
138060,24.2
138120,23.2
138180,23.8
138240,23.8
138300,23.6
138360,25.6
138420,23.2
138480,23.4
138540,24.8
