#Steps,score
60,1.2
120,1.4
180,1.4
240,2.4
300,1.0
360,1.4
420,1.2
480,1.0
540,1.6
600,0.6
660,1.0
720,2.0
780,1.0
840,1.6
900,1.4
960,2.2
1020,0.6
1080,1.2
1140,0.8
1200,1.0
1260,0.8
1320,0.6
1380,1.0
1440,1.0
1500,1.0
1560,0.4
1620,1.4
1680,0.6
1740,0.6
1800,1.0
1860,1.2
1920,0.8
1980,0.8
2040,0.2
2100,0.4
2160,1.4
2220,0.8
2280,0.8
2340,1.2
2400,1.8
2460,0.4
2520,1.0
2580,0.8
2640,0.8
2700,0.8
2760,1.4
2820,0.8
2880,0.6
2940,1.6
3000,1.2
3060,0.6
3120,1.4
3180,1.0
3240,1.4
3300,2.4
3360,1.2
3420,1.4
3480,1.4
3540,1.0
3600,0.2
3660,0.2
3720,0.4
3780,0.8
3840,2.4
3900,1.2
3960,1.6
4020,1.0
4080,1.2
4140,0.8
4200,1.0
4260,1.0
4320,1.6
4380,0.4
4440,1.6
4500,1.4
4560,1.0
4620,1.4
4680,1.6
4740,1.2
4800,0.8
4860,0.8
4920,0.6
4980,1.8
5040,1.6
5100,0.4
5160,1.4
5220,0.6
5280,1.6
5340,1.2
5400,1.4
5460,2.0
5520,1.8
5580,2.0
5640,1.8
5700,1.0
5760,1.2
5820,0.4
5880,0.6
5940,1.4
6000,1.8
6060,1.4
6120,1.6
6180,0.4
6240,0.8
6300,0.6
6360,1.2
6420,0.2
6480,0.6
6540,1.8
6600,1.6
6660,1.6
6720,1.0
6780,1.2
6840,1.6
6900,1.8
6960,1.4
7020,1.8
7080,0.4
7140,1.0
7200,1.2
7260,1.0
7320,0.8
7380,0.4
7440,2.2
7500,0.4
7560,2.0
7620,1.8
7680,1.0
7740,0.6
7800,0.4
7860,1.4
7920,1.6
7980,2.2
8040,1.0
8100,1.2
8160,1.4
8220,1.0
8280,1.4
8340,1.2
8400,1.4
8460,0.8
8520,0.4
8580,0.8
8640,2.0
8700,1.0
8760,0.4
8820,2.4
8880,1.4
8940,1.0
9000,2.2
9060,0.4
9120,0.2
9180,1.2
9240,1.4
9300,1.0
9360,0.8
9420,1.6
9480,0.6
9540,1.8
9600,1.8
9660,1.0
9720,2.2
9780,0.6
9840,0.8
9900,1.6
9960,1.2
10020,1.8
10080,0.8
10140,1.8
10200,0.8
10260,2.4
10320,1.0
10380,0.2
10440,1.0
10500,1.4
10560,1.4
10620,0.2
10680,0.6
10740,1.4
10800,1.2
10860,0.8
10920,1.0
10980,1.2
11040,1.0
11100,1.0
11160,1.0
11220,1.4
11280,1.6
11340,0.8
11400,0.6
11460,1.0
11520,2.2
11580,1.6
11640,2.2
11700,0.8
11760,0.8
11820,0.4
11880,2.4
11940,1.2
12000,1.2
12060,1.6
12120,1.2
12180,1.6
12240,2.4
12300,1.4
12360,1.2
12420,1.8
12480,1.6
12540,0.6
12600,2.2
12660,1.8
12720,1.4
12780,1.2
12840,1.4
12900,0.8
12960,1.2
13020,2.0
13080,1.4
13140,1.4
13200,1.4
13260,1.2
13320,1.8
13380,0.8
13440,2.2
13500,1.6
13560,1.4
13620,1.4
13680,1.4
13740,1.4
13800,2.2
13860,1.4
13920,2.0
13980,1.6
14040,1.4
14100,1.0
14160,1.6
14220,2.4
14280,1.6
14340,1.0
14400,1.6
14460,1.8
14520,1.2
14580,1.6
14640,0.8
14700,1.2
14760,1.6
14820,2.2
14880,1.2
14940,1.2
15000,1.8
15060,3.0
15120,1.4
15180,2.2
15240,2.4
15300,2.6
15360,2.2
15420,1.0
15480,1.6
15540,2.8
15600,1.8
15660,0.2
15720,2.4
15780,2.2
15840,2.0
15900,1.4
15960,2.4
16020,0.4
16080,1.2
16140,1.8
16200,2.0
16260,2.2
16320,3.0
16380,2.0
16440,1.6
16500,1.4
16560,0.8
16620,1.0
16680,1.2
16740,1.0
16800,1.2
16860,1.4
16920,1.0
16980,1.0
17040,1.2
17100,1.6
17160,1.2
17220,0.6
17280,1.2
17340,1.8
17400,2.2
17460,1.4
17520,1.8
17580,1.6
17640,1.6
17700,1.2
17760,2.0
17820,2.2
17880,1.2
17940,1.0
18000,1.8
18060,1.6
18120,1.4
18180,0.6
18240,1.2
18300,1.0
18360,1.6
18420,1.6
18480,2.0
18540,1.8
18600,2.0
18660,1.4
18720,1.6
18780,3.0
18840,1.2
18900,2.0
18960,2.4
19020,2.4
19080,1.4
19140,1.0
19200,1.6
19260,1.8
19320,2.0
19380,0.8
19440,1.8
19500,2.2
19560,1.6
19620,1.8
19680,1.8
19740,1.8
19800,1.8
19860,1.0
19920,1.2
19980,1.4
20040,1.6
20100,2.8
20160,2.4
20220,1.4
20280,1.0
20340,1.4
20400,1.8
20460,1.6
20520,2.6
20580,1.8
20640,1.4
20700,1.2
20760,1.8
20820,2.6
20880,2.4
20940,2.4
21000,1.6
21060,1.8
21120,0.8
21180,1.8
21240,0.8
21300,2.2
21360,2.6
21420,1.8
21480,1.8
21540,1.6
21600,2.0
21660,1.6
21720,2.0
21780,0.8
21840,2.0
21900,2.8
21960,2.4
22020,2.0
22080,1.4
22140,1.6
22200,1.2
22260,1.6
22320,1.8
22380,2.0
22440,1.2
22500,1.8
22560,1.6
22620,1.2
22680,2.0
22740,2.0
22800,2.2
22860,2.6
22920,2.0
22980,2.6
23040,2.2
23100,3.8
23160,3.4
23220,3.0
23280,3.4
23340,3.8
23400,3.2
23460,5.2
23520,5.6
23580,4.4
23640,6.2
23700,6.2
23760,6.8
23820,8.4
23880,9.6
23940,8.2
24000,9.8
24060,9.8
24120,9.8
24180,8.4
24240,12.0
24300,12.4
24360,12.2
24420,12.4
24480,15.8
24540,18.0
24600,16.8
24660,17.4
24720,19.6
24780,20.4
24840,22.2
24900,21.6
24960,22.8
25020,22.6
25080,22.8
25140,25.2
25200,23.0
25260,24.6
25320,23.0
25380,22.2
25440,21.8
25500,23.0
25560,23.4
25620,22.4
25680,22.8
25740,22.4
25800,22.6
25860,24.4
25920,23.0
25980,24.0
26040,24.0
26100,24.6
26160,22.4
26220,22.4
26280,21.4
26340,22.4
26400,22.6
26460,21.4
26520,22.6
26580,21.4
26640,23.8
26700,22.4
26760,23.6
26820,22.2
26880,23.6
26940,24.2
27000,23.8
27060,23.6
27120,22.2
27180,21.4
27240,22.2
27300,20.8
27360,19.2
27420,21.4
27480,19.4
27540,20.8
27600,20.6
27660,23.0
27720,23.4
27780,21.8
27840,22.6
27900,24.2
27960,22.8
28020,24.0
28080,24.4
28140,24.6
28200,23.4
28260,24.0
28320,24.0
28380,23.0
28440,23.0
28500,22.8
28560,23.6
28620,22.6
28680,21.8
28740,22.8
28800,23.6
28860,24.2
28920,23.0
28980,22.6
29040,23.0
29100,22.8
29160,22.2
29220,23.6
29280,23.4
29340,23.6
29400,24.0
29460,22.6
29520,23.8
29580,23.0
29640,22.2
29700,23.4
29760,23.0
29820,22.4
29880,23.6
29940,23.4
30000,23.4
30060,24.2
30120,23.8
30180,24.2
30240,24.4
30300,23.2
30360,24.8
30420,23.6
30480,25.8
30540,24.6
30600,24.2
30660,25.4
30720,25.8
30780,24.4
30840,24.4
30900,24.2
30960,25.0
31020,24.4
31080,24.4
31140,24.2
31200,23.6
31260,24.6
31320,25.0
31380,24.8
31440,24.2
31500,25.8
31560,23.6
31620,24.0
31680,23.4
31740,23.6
31800,24.4
31860,24.4
31920,23.4
31980,24.4
32040,24.2
32100,23.6
32160,22.8
32220,24.2
32280,21.6
32340,24.4
32400,24.2
32460,24.6
32520,24.8
32580,24.8
32640,24.4
32700,24.2
32760,24.8
32820,23.8
32880,23.6
32940,24.6
33000,24.6
33060,24.4
33120,23.0
33180,22.4
33240,23.6
33300,24.2
33360,24.2
33420,24.2
33480,24.8
33540,25.0
33600,22.8
33660,23.8
33720,23.6
33780,23.4
33840,23.2
33900,24.2
33960,23.2
34020,23.8
34080,22.2
34140,23.2
34200,22.8
34260,22.2
34320,23.2
34380,23.6
34440,23.0
34500,22.4
34560,23.4
34620,22.0
34680,20.8
34740,22.4
34800,22.2
34860,23.2
34920,21.8
34980,21.8
35040,21.8
35100,22.4
35160,22.8
35220,22.4
35280,22.4
35340,22.6
35400,21.4
35460,23.0
35520,21.4
35580,23.4
35640,22.8
35700,23.6
35760,23.0
35820,23.8
35880,23.6
35940,22.4
36000,24.4
36060,24.0
36120,23.0
36180,23.4
36240,22.4
36300,22.6
36360,23.8
36420,22.4
36480,23.4
36540,23.0
36600,22.4
36660,22.8
36720,22.8
36780,23.4
36840,22.4
36900,22.8
36960,24.0
37020,24.6
37080,22.2
37140,23.4
37200,23.6
37260,24.6
37320,23.6
37380,24.0
37440,22.8
37500,23.8
37560,23.4
37620,21.8
37680,21.6
37740,22.8
37800,22.6
37860,23.4
37920,23.4
37980,22.8
38040,22.6
38100,23.6
38160,23.0
38220,24.0
38280,22.0
38340,23.0
38400,22.8
38460,24.4
38520,23.4
38580,24.4
38640,23.4
38700,23.0
38760,22.4
38820,22.6
38880,22.8
38940,21.4
39000,22.0
39060,22.4
39120,23.6
39180,22.2
39240,22.4
39300,22.8
39360,24.2
39420,24.8
39480,23.0
39540,22.6
39600,24.6
39660,24.0
39720,23.8
39780,23.6
39840,23.0
39900,25.4
39960,24.4
40020,23.2
40080,25.2
40140,22.0
40200,23.8
40260,22.6
40320,23.8
40380,24.6
40440,23.6
40500,23.8
40560,22.8
40620,23.4
40680,22.4
40740,23.4
40800,24.2
40860,22.8
40920,22.8
40980,23.0
41040,22.4
41100,23.6
41160,23.4
41220,24.6
41280,23.6
41340,23.8
41400,23.0
41460,25.4
41520,22.0
41580,23.4
41640,23.6
41700,23.6
41760,24.8
41820,23.6
41880,24.0
41940,23.2
42000,24.8
42060,23.6
42120,23.6
42180,22.8
42240,24.2
42300,22.8
42360,23.6
42420,23.0
42480,24.4
42540,24.8
42600,23.4
42660,22.8
42720,23.8
42780,25.4
42840,23.0
42900,24.2
42960,23.4
43020,23.6
43080,26.0
43140,24.0
43200,23.0
43260,24.4
43320,24.8
43380,25.0
43440,25.8
43500,24.0
43560,23.6
43620,25.2
43680,24.6
43740,24.0
43800,23.8
43860,25.8
43920,24.2
43980,25.4
44040,25.4
44100,26.6
44160,23.8
44220,26.6
44280,24.8
44340,25.4
44400,24.8
44460,25.2
44520,25.4
44580,23.2
44640,23.8
44700,24.8
44760,22.0
44820,26.2
44880,24.0
44940,24.0
45000,23.8
45060,26.0
45120,23.4
45180,24.2
45240,24.8
45300,25.0
45360,24.6
45420,26.0
45480,25.2
45540,25.0
45600,25.6
45660,25.4
45720,25.4
45780,25.4
45840,26.0
45900,25.8
45960,24.6
46020,24.4
46080,25.8
46140,24.8
46200,25.4
46260,23.6
46320,24.6
46380,25.4
46440,24.6
46500,24.4
46560,25.2
46620,25.2
46680,26.2
46740,24.0
46800,23.4
46860,27.0
46920,26.2
46980,25.6
47040,25.0
47100,24.8
47160,24.6
47220,23.6
47280,25.2
47340,24.8
47400,26.4
47460,24.0
47520,24.6
47580,24.6
47640,22.6
47700,24.4
47760,25.2
47820,24.0
47880,25.6
47940,24.0
48000,23.8
48060,25.2
48120,24.6
48180,24.0
48240,24.2
48300,23.6
48360,24.8
48420,25.0
48480,24.4
48540,23.4
48600,24.4
48660,24.2
48720,25.0
48780,25.6
48840,24.2
48900,23.4
48960,25.0
49020,24.4
49080,24.2
49140,24.2
49200,23.2
49260,23.8
49320,24.6
49380,24.0
49440,25.8
49500,25.2
49560,25.2
49620,25.4
49680,24.4
49740,23.4
49800,23.8
49860,23.6
49920,25.2
49980,23.2
50040,24.2
50100,24.0
50160,23.8
50220,23.4
50280,24.2
50340,24.4
50400,25.0
50460,25.6
50520,25.4
50580,25.4
50640,24.0
50700,24.6
50760,24.4
50820,25.2
50880,25.4
50940,24.6
51000,24.4
51060,24.6
51120,23.8
51180,24.0
51240,25.2
51300,24.2
51360,25.4
51420,23.6
51480,23.8
51540,26.6
51600,25.0
51660,24.6
51720,22.6
51780,23.4
51840,24.6
51900,24.0
51960,24.8
52020,24.2
52080,23.8
52140,25.2
52200,24.0
52260,23.6
52320,23.4
52380,25.4
52440,23.8
52500,24.2
52560,24.0
52620,24.2
52680,24.0
52740,25.8
52800,24.0
52860,25.0
52920,24.4
52980,25.4
53040,23.0
53100,24.2
53160,24.6
53220,24.8
53280,24.2
53340,25.2
53400,24.2
53460,23.2
53520,24.4
53580,24.0
53640,26.8
53700,25.2
53760,25.6
53820,24.4
53880,26.2
53940,23.8
54000,26.0
54060,25.8
54120,25.0
54180,23.0
54240,23.8
54300,25.0
54360,24.4
54420,24.8
54480,24.4
54540,23.2
54600,24.8
54660,24.6
54720,22.8
54780,24.8
54840,25.6
54900,23.6
54960,24.4
55020,25.6
55080,25.2
55140,22.4
55200,24.4
55260,23.6
55320,23.8
55380,24.4
55440,24.8
55500,25.2
55560,24.2
55620,24.8
55680,24.2
55740,24.0
55800,23.4
55860,23.0
55920,23.8
55980,23.6
56040,24.8
56100,24.4
56160,22.8
56220,23.8
56280,24.8
56340,24.6
56400,24.0
56460,23.2
56520,23.8
56580,23.4
56640,24.2
56700,24.6
56760,22.8
56820,23.2
56880,23.4
56940,24.2
57000,25.0
57060,25.2
57120,24.0
57180,24.0
57240,24.4
57300,23.2
57360,23.6
57420,24.0
57480,23.0
57540,23.2
57600,24.0
57660,24.0
57720,23.0
57780,23.4
57840,22.8
57900,24.6
57960,25.8
58020,24.2
58080,21.6
58140,23.4
58200,23.4
58260,23.2
58320,24.6
58380,23.6
58440,22.6
58500,23.4
58560,23.4
58620,24.4
58680,23.2
58740,23.4
58800,24.0
58860,25.6
58920,24.4
58980,25.4
59040,22.6
59100,23.2
59160,24.0
59220,24.8
59280,24.0
59340,23.6
59400,25.6
59460,24.8
59520,23.6
59580,24.0
59640,24.6
59700,24.2
59760,23.4
59820,22.6
59880,24.4
59940,24.0
60000,24.4
60060,23.2
60120,24.0
60180,23.2
60240,23.8
60300,24.0
60360,23.0
60420,24.6
60480,24.0
60540,23.0
60600,24.6
60660,23.0
60720,24.0
60780,24.4
60840,24.0
60900,24.0
60960,24.2
61020,24.6
61080,23.8
61140,24.6
61200,23.8
61260,24.0
61320,22.4
61380,24.4
61440,23.8
61500,24.0
61560,24.2
61620,24.2
61680,24.0
61740,24.6
61800,25.0
61860,24.4
61920,21.8
61980,23.0
62040,24.6
62100,23.2
62160,23.8
62220,22.4
62280,24.2
62340,24.2
62400,22.2
62460,24.0
62520,24.2
62580,23.8
62640,23.6
62700,24.2
62760,24.0
62820,24.0
62880,24.2
62940,23.2
63000,24.2
63060,23.6
63120,25.4
63180,24.4
63240,24.4
63300,24.8
63360,23.8
63420,24.2
63480,23.8
63540,22.8
63600,25.4
63660,23.0
63720,24.6
63780,24.8
63840,23.8
63900,23.6
63960,24.2
64020,23.8
64080,23.6
64140,23.8
64200,21.8
64260,23.6
64320,22.4
64380,22.6
64440,22.0
64500,21.4
64560,23.2
64620,21.0
64680,22.2
64740,21.6
64800,22.2
64860,21.2
64920,24.2
64980,24.4
65040,23.4
65100,23.4
65160,23.8
65220,24.2
65280,23.6
65340,24.0
65400,25.0
65460,24.2
65520,24.6
65580,25.0
65640,25.0
65700,23.8
65760,25.4
65820,24.6
65880,23.2
65940,25.4
66000,23.2
66060,24.2
66120,25.2
66180,24.2
66240,24.2
66300,24.6
66360,24.2
66420,24.4
66480,24.2
66540,25.6
66600,24.4
66660,25.6
66720,24.2
66780,23.4
66840,24.6
66900,24.6
66960,25.0
67020,24.2
67080,24.0
67140,24.0
67200,24.6
67260,23.6
67320,24.6
67380,23.8
67440,24.0
67500,24.8
67560,22.6
67620,24.4
67680,24.4
67740,23.8
67800,24.0
67860,24.8
67920,23.6
67980,23.2
68040,22.8
68100,23.0
68160,23.6
68220,24.6
68280,24.6
68340,24.2
68400,24.8
68460,23.6
68520,24.2
68580,24.4
68640,23.8
68700,25.2
68760,24.0
68820,24.2
68880,25.8
68940,23.6
69000,23.6
69060,24.2
69120,24.6
69180,24.8
69240,23.2
69300,23.4
69360,23.2
69420,23.4
69480,23.6
69540,24.0
69600,24.4
69660,25.2
69720,24.4
69780,23.2
69840,23.6
69900,24.4
69960,24.8
70020,24.0
70080,24.4
70140,25.0
70200,24.8
70260,24.0
70320,24.0
70380,23.4
70440,23.6
70500,22.6
70560,23.2
70620,23.4
70680,22.8
70740,24.0
70800,22.8
70860,23.0
70920,24.4
70980,23.0
71040,22.0
71100,23.8
71160,23.4
71220,23.4
71280,22.2
71340,23.8
71400,22.6
71460,22.8
71520,23.2
71580,23.2
71640,24.0
71700,21.0
71760,23.6
71820,22.8
71880,22.2
71940,22.2
72000,22.4
72060,21.6
72120,22.4
72180,23.2
72240,23.2
72300,22.2
72360,23.4
72420,22.8
72480,23.2
72540,24.0
72600,21.2
72660,21.8
72720,23.0
72780,21.8
72840,20.4
72900,21.8
72960,21.4
73020,21.8
73080,22.4
73140,23.8
73200,22.6
73260,22.2
73320,21.6
73380,22.8
73440,22.4
73500,21.2
73560,22.0
73620,23.2
73680,23.0
73740,23.4
73800,21.8
73860,23.0
73920,22.6
73980,22.4
74040,22.6
74100,23.4
74160,23.2
74220,23.6
74280,24.2
74340,23.8
74400,25.0
74460,22.6
74520,22.2
74580,23.0
74640,23.0
74700,23.6
74760,23.0
74820,22.0
74880,23.6
74940,22.6
75000,22.4
75060,23.2
75120,24.0
75180,23.4
75240,23.6
75300,23.4
75360,23.6
75420,24.4
75480,24.2
75540,23.6
75600,22.8
75660,25.2
75720,24.4
75780,23.6
75840,25.0
75900,24.2
75960,23.4
76020,23.4
76080,23.6
76140,23.4
76200,23.2
76260,23.8
76320,23.8
76380,24.0
76440,23.2
76500,23.6
76560,23.4
76620,24.4
76680,23.4
76740,24.6
76800,23.0
76860,24.6
76920,24.8
76980,23.8
77040,24.4
77100,24.6
77160,25.4
77220,24.8
77280,23.6
77340,24.0
77400,24.4
77460,25.0
77520,25.8
77580,25.4
77640,24.6
77700,25.6
77760,24.6
77820,24.8
77880,25.2
77940,24.8
78000,24.2
78060,24.6
78120,25.0
78180,22.2
78240,24.0
78300,24.6
78360,23.8
78420,24.4
78480,23.0
78540,23.8
78600,23.8
78660,24.8
78720,23.8
78780,24.8
78840,24.8
78900,26.2
78960,26.6
79020,24.2
79080,25.8
79140,25.2
79200,23.6
79260,23.2
79320,24.6
79380,24.8
79440,25.4
79500,23.4
79560,24.4
79620,24.0
79680,25.0
79740,25.0
79800,24.4
79860,24.0
79920,23.8
79980,23.6
80040,23.8
80100,24.6
80160,24.4
80220,22.8
80280,23.2
80340,24.2
80400,24.0
80460,24.6
80520,24.6
80580,23.2
80640,24.4
80700,24.2
80760,23.2
80820,25.0
80880,24.0
80940,23.2
81000,23.4
81060,23.8
81120,24.0
81180,24.2
81240,24.0
81300,24.4
81360,23.4
81420,23.6
81480,22.4
81540,25.4
81600,22.8
81660,23.2
81720,23.4
81780,23.8
81840,23.2
81900,23.4
81960,22.0
82020,24.6
82080,23.0
82140,22.8
82200,23.4
82260,23.8
82320,24.0
82380,23.6
82440,23.6
82500,23.2
82560,23.8
82620,23.6
82680,23.4
82740,22.8
82800,23.4
82860,23.0
82920,21.8
82980,23.0
83040,22.8
83100,23.2
83160,22.6
83220,23.0
83280,23.2
83340,24.0
83400,24.8
83460,23.4
83520,21.2
83580,22.6
83640,21.6
83700,23.6
83760,23.6
83820,23.4
83880,21.2
83940,22.8
84000,23.4
84060,22.8
84120,24.2
84180,24.0
84240,23.8
84300,23.0
84360,24.4
84420,22.8
84480,23.2
84540,24.0
84600,24.2
84660,23.8
84720,22.4
84780,24.6
84840,22.8
84900,24.2
84960,24.2
85020,22.6
85080,22.8
85140,23.2
85200,24.2
85260,24.4
85320,23.4
85380,24.2
85440,23.2
85500,22.6
85560,22.6
85620,23.0
85680,23.0
85740,23.2
85800,22.8
85860,23.4
85920,24.8
85980,22.4
86040,24.0
86100,23.0
86160,22.0
86220,23.2
86280,24.8
86340,24.0
86400,23.4
86460,21.4
86520,23.6
86580,24.4
86640,25.4
86700,24.2
86760,23.8
86820,24.2
86880,23.8
86940,24.0
87000,24.4
87060,22.6
87120,24.0
87180,23.6
87240,23.0
87300,22.8
87360,23.4
87420,25.4
87480,23.2
87540,24.0
87600,25.2
87660,25.8
87720,23.4
87780,24.4
87840,23.8
87900,25.2
87960,25.2
88020,23.6
88080,23.6
88140,25.4
88200,23.6
88260,26.0
88320,24.6
88380,24.0
88440,24.8
88500,25.2
88560,24.0
88620,24.8
88680,24.8
88740,23.8
88800,25.0
88860,24.0
88920,24.2
88980,23.8
89040,25.0
89100,23.6
89160,24.8
89220,24.8
89280,24.0
89340,26.0
89400,23.8
89460,25.2
89520,22.8
89580,23.2
89640,24.0
89700,23.8
89760,24.6
89820,22.6
89880,23.2
89940,24.0
90000,24.4
90060,25.4
90120,24.6
90180,25.0
90240,25.0
90300,22.8
90360,24.4
90420,24.0
90480,22.6
90540,23.8
90600,24.4
90660,24.4
90720,23.8
90780,24.6
90840,25.8
90900,24.0
90960,25.2
91020,24.4
91080,24.6
91140,24.2
91200,24.0
91260,24.6
91320,25.0
91380,24.2
91440,24.4
91500,24.0
91560,23.8
91620,25.4
91680,23.8
91740,24.8
91800,23.6
91860,24.6
91920,25.0
91980,24.4
92040,24.4
92100,26.6
92160,23.8
92220,25.6
92280,25.2
92340,23.6
92400,25.0
92460,25.2
92520,24.6
92580,25.0
92640,24.0
92700,23.6
92760,24.0
92820,26.6
92880,23.6
92940,23.6
93000,25.6
93060,24.4
93120,24.0
93180,24.8
93240,25.6
93300,24.6
93360,23.4
93420,25.4
93480,25.4
93540,24.6
93600,24.4
93660,23.4
93720,23.6
93780,26.0
93840,23.8
93900,24.6
93960,24.6
94020,25.0
94080,25.6
94140,24.8
94200,23.6
94260,25.2
94320,24.0
94380,24.6
94440,25.6
94500,25.8
94560,25.0
94620,25.2
94680,24.0
94740,23.8
94800,24.4
94860,23.8
94920,24.6
94980,23.4
95040,25.2
95100,23.8
95160,24.4
95220,26.2
95280,25.4
95340,23.4
95400,25.8
95460,24.4
95520,25.0
95580,25.6
95640,24.8
95700,23.6
95760,22.8
95820,27.0
95880,25.2
95940,24.8
96000,24.8
96060,25.6
96120,25.0
96180,23.0
96240,25.2
96300,23.8
96360,23.0
96420,26.2
96480,25.8
96540,24.8
96600,22.8
96660,25.6
96720,25.6
96780,25.2
96840,24.0
96900,26.0
96960,25.2
97020,25.2
97080,24.8
97140,25.8
97200,24.8
97260,26.4
97320,24.4
97380,25.2
97440,23.0
97500,25.2
97560,24.4
97620,24.4
97680,24.2
97740,23.8
97800,24.2
97860,23.4
97920,24.6
97980,23.8
98040,25.4
98100,26.0
98160,25.0
98220,24.6
98280,23.8
98340,24.0
98400,24.8
98460,23.4
98520,24.6
98580,27.4
98640,24.8
98700,25.2
98760,25.4
98820,24.0
98880,22.6
98940,25.6
99000,24.2
99060,25.0
99120,24.6
99180,25.4
99240,24.6
99300,25.0
99360,24.0
99420,23.6
99480,24.0
99540,23.8
99600,23.6
99660,25.2
99720,22.6
99780,24.4
99840,25.0
99900,24.8
99960,23.2
100020,25.6
100080,24.2
100140,24.0
100200,24.2
100260,25.4
100320,24.8
100380,22.8
100440,24.4
100500,26.0
100560,22.6
100620,23.6
100680,24.8
100740,24.8
100800,24.6
100860,25.2
100920,23.0
100980,25.0
101040,24.8
101100,24.4
101160,25.6
101220,24.2
101280,25.0
101340,24.4
101400,24.8
101460,23.6
101520,26.8
101580,24.4
101640,25.0
101700,24.8
101760,24.0
101820,25.4
101880,23.8
101940,23.4
102000,23.4
102060,23.8
102120,23.2
102180,24.2
102240,25.0
102300,24.8
102360,24.6
102420,24.4
102480,25.6
102540,24.4
102600,24.4
102660,22.0
102720,24.8
102780,24.6
102840,24.8
102900,23.6
102960,23.6
103020,25.0
103080,24.6
103140,24.2
103200,23.2
103260,23.8
103320,24.8
103380,22.2
103440,24.2
103500,23.4
103560,24.0
103620,24.0
103680,23.8
103740,23.6
103800,25.0
103860,23.8
103920,23.2
103980,23.0
104040,23.2
104100,24.8
104160,25.4
104220,24.0
104280,23.2
104340,24.6
104400,24.4
104460,24.2
104520,23.2
104580,24.2
104640,22.4
104700,23.6
104760,23.6
104820,24.2
104880,23.6
104940,24.8
105000,24.8
105060,22.6
105120,23.2
105180,25.4
105240,24.4
105300,24.4
105360,24.4
105420,23.4
105480,23.0
105540,23.4
105600,23.8
105660,23.8
105720,25.4
105780,24.6
105840,23.2
105900,22.2
105960,25.2
106020,25.0
106080,24.4
106140,22.8
106200,24.0
106260,22.8
106320,23.8
106380,25.4
106440,22.4
106500,24.0
106560,23.6
106620,23.4
106680,24.6
106740,24.4
106800,25.6
106860,24.4
106920,25.0
106980,24.4
107040,24.2
107100,24.2
107160,25.6
107220,24.8
107280,23.4
107340,24.0
107400,23.2
107460,23.6
107520,25.0
107580,24.4
107640,23.8
107700,23.8
107760,26.6
107820,26.2
107880,25.8
107940,25.0
108000,24.8
108060,24.2
108120,26.2
108180,24.4
108240,26.2
108300,22.4
108360,23.8
108420,23.8
108480,25.8
108540,24.4
108600,24.8
108660,23.4
108720,25.2
108780,25.0
108840,25.4
108900,24.6
108960,25.0
109020,24.6
109080,23.2
109140,25.4
109200,26.4
109260,25.0
109320,23.8
109380,25.6
109440,23.8
109500,24.6
109560,25.8
109620,25.8
109680,24.6
109740,24.4
109800,25.8
109860,25.0
109920,25.6
109980,24.2
110040,24.4
110100,25.4
110160,26.8
110220,24.4
110280,25.4
110340,25.8
110400,24.8
110460,25.2
110520,24.8
110580,25.0
110640,25.6
110700,24.6
110760,24.6
110820,24.8
110880,26.4
110940,25.2
111000,24.4
111060,25.0
111120,24.4
111180,25.0
111240,24.6
111300,24.2
111360,24.2
111420,25.8
111480,23.8
111540,23.4
111600,25.0
111660,23.2
111720,23.8
111780,25.2
111840,24.0
111900,26.4
111960,23.2
112020,23.4
112080,24.6
112140,25.6
112200,23.8
112260,24.6
112320,24.2
112380,24.2
112440,23.8
112500,25.0
112560,23.6
112620,23.8
112680,24.4
112740,25.2
112800,24.8
112860,24.0
112920,23.8
112980,25.4
113040,25.6
113100,24.2
113160,23.6
113220,24.6
113280,23.0
113340,23.2
113400,22.8
113460,24.0
113520,24.4
113580,25.4
113640,24.6
113700,22.8
113760,24.2
113820,23.4
113880,25.0
113940,24.2
114000,23.0
114060,23.8
114120,24.4
114180,22.6
114240,22.8
114300,23.2
114360,25.2
114420,22.8
114480,24.4
114540,23.6
114600,26.8
114660,23.8
114720,24.4
114780,25.0
114840,23.2
114900,24.2
114960,24.4
115020,22.8
115080,23.0
115140,25.4
115200,24.2
115260,23.6
115320,24.4
115380,24.0
115440,23.6
115500,24.4
115560,23.8
115620,25.0
115680,24.2
115740,24.4
115800,24.2
115860,25.0
115920,25.6
115980,24.6
116040,22.8
116100,24.6
116160,25.4
116220,24.8
116280,24.6
116340,24.8
116400,23.8
116460,24.0
116520,22.8
116580,23.8
116640,23.0
116700,25.0
116760,22.8
116820,24.8
116880,22.4
116940,23.2
117000,24.2
117060,24.0
117120,23.4
117180,23.6
117240,22.2
117300,24.8
117360,24.8
117420,26.2
117480,24.0
117540,24.2
117600,25.8
117660,24.2
117720,24.2
117780,24.2
117840,25.4
117900,25.2
117960,25.2
118020,24.0
118080,25.0
118140,24.4
118200,24.2
118260,26.4
118320,26.4
118380,26.0
118440,24.2
118500,24.2
118560,23.8
118620,24.8
118680,26.2
118740,24.6
118800,24.4
118860,24.6
118920,25.4
118980,25.2
119040,25.8
119100,24.6
119160,24.4
119220,24.8
119280,24.2
119340,26.6
119400,25.2
119460,25.8
119520,24.8
119580,25.0
119640,24.6
119700,24.8
119760,24.4
119820,26.2
119880,24.0
119940,24.4
120000,25.0
120060,25.0
120120,23.8
120180,24.6
120240,24.8
120300,24.0
120360,24.0
120420,25.2
120480,25.0
120540,24.0
120600,24.2
120660,23.4
120720,25.2
120780,24.4
120840,24.0
120900,24.6
120960,24.4
121020,23.4
121080,25.6
121140,24.2
121200,23.6
121260,24.4
121320,25.0
121380,24.2
121440,25.0
121500,23.8
121560,24.2
121620,24.2
121680,24.0
121740,24.4
121800,23.6
121860,25.2
121920,25.2
121980,25.4
122040,23.8
122100,23.0
122160,24.6
122220,25.4
122280,23.6
122340,23.8
122400,24.6
122460,23.0
122520,23.2
122580,24.2
122640,22.4
122700,22.6
122760,23.2
122820,23.4
122880,25.2
122940,24.6
123000,23.6
123060,24.6
123120,25.2
123180,22.4
123240,24.2
123300,23.8
123360,24.0
123420,24.0
123480,26.0
123540,25.0
123600,25.0
123660,25.0
123720,25.2
123780,23.8
123840,26.2
123900,24.6
123960,24.4
124020,23.0
124080,24.2
124140,25.2
124200,25.0
124260,24.6
124320,23.6
124380,25.4
124440,24.0
124500,25.8
124560,24.8
124620,23.6
124680,22.8
124740,25.2
124800,23.6
124860,24.2
124920,24.2
124980,24.4
125040,25.0
125100,23.6
125160,24.8
125220,24.4
125280,23.8
125340,23.4
125400,25.2
125460,26.2
125520,26.6
125580,23.2
125640,25.6
125700,26.0
125760,24.4
125820,25.0
125880,23.4
125940,24.4
126000,23.0
126060,24.0
126120,24.6
126180,25.0
126240,24.0
126300,25.0
126360,24.0
126420,24.2
126480,26.0
126540,25.6
126600,24.0
126660,24.4
126720,25.2
126780,26.8
126840,25.2
126900,24.8
126960,24.8
127020,25.2
127080,24.2
127140,25.0
127200,25.0
127260,24.8
127320,25.0
127380,23.4
127440,24.0
127500,24.8
127560,26.0
127620,24.6
127680,24.6
127740,25.2
127800,25.4
127860,26.8
127920,25.0
127980,24.6
128040,24.4
128100,25.2
128160,25.4
128220,24.2
128280,25.0
128340,24.2
128400,26.2
128460,23.2
128520,23.6
128580,25.4
128640,24.4
128700,23.8
128760,23.4
128820,25.6
128880,24.8
128940,26.4
129000,24.6
129060,26.0
129120,25.6
129180,22.8
129240,25.0
129300,25.2
129360,24.0
129420,24.4
129480,24.6
129540,24.4
129600,24.8
129660,22.8
129720,23.4
129780,25.6
129840,24.8
129900,24.0
129960,24.4
130020,25.8
130080,23.8
130140,25.0
130200,24.6
130260,25.4
130320,25.6
130380,25.0
130440,25.0
130500,24.8
130560,25.8
130620,23.8
130680,24.6
130740,24.2
130800,24.6
130860,22.4
130920,23.8
130980,24.6
131040,24.4
131100,25.6
131160,24.6
131220,24.4
131280,24.2
131340,24.0
131400,24.4
131460,23.4
131520,24.8
131580,23.4
131640,23.2
131700,24.2
131760,24.2
131820,24.0
131880,25.0
131940,23.8
132000,24.6
132060,24.6
132120,25.2
132180,24.4
132240,24.0
132300,22.8
132360,24.4
132420,24.0
132480,23.8
132540,23.6
132600,22.6
132660,23.8
132720,23.8
132780,24.0
132840,23.4
132900,23.0
132960,24.2
133020,25.6
133080,24.4
133140,24.4
133200,23.8
133260,24.2
133320,24.2
133380,23.4
133440,24.8
133500,25.6
133560,25.4
133620,24.4
133680,24.2
133740,25.8
133800,23.0
133860,24.4
133920,23.6
133980,25.6
134040,22.8
134100,23.4
134160,24.6
134220,23.6
134280,24.2
134340,24.8
134400,23.4
134460,25.6
134520,24.0
134580,24.2
134640,22.6
134700,22.2
134760,23.6
134820,22.4
134880,23.0
134940,23.2
135000,23.8
135060,24.0
135120,24.6
135180,23.4
135240,24.4
135300,24.4
135360,24.0
135420,24.2
135480,23.8
135540,25.6
135600,23.8
135660,23.8
135720,22.6
135780,24.4
135840,24.4
135900,24.0
135960,23.4
136020,22.2
136080,24.2
136140,24.2
136200,23.8
136260,24.2
136320,23.8
136380,26.0
136440,25.2
136500,25.2
136560,25.6
136620,24.4
136680,24.6
136740,24.4
136800,23.6
136860,24.0
136920,25.0
136980,24.0
137040,25.0
137100,24.2
137160,24.2
137220,24.4
137280,22.6
137340,25.2
137400,23.0
137460,24.8
137520,25.6
137580,24.0
137640,25.6
137700,24.0
137760,23.4
137820,26.2
137880,24.0
137940,24.0
138000,24.4
138060,25.2
138120,25.2
138180,25.0
138240,25.2
138300,24.8
138360,24.6
138420,23.6
138480,24.2
138540,25.0
138600,24.6
138660,26.0
138720,24.8
138780,24.8
138840,25.6
138900,24.8
138960,23.8
139020,24.4
139080,24.4
139140,25.0
139200,24.6
139260,25.2
139320,25.2
139380,24.8
139440,24.8
139500,26.2
139560,25.2
139620,24.2
139680,24.2
139740,26.0
139800,24.0
139860,23.6
139920,24.4
139980,25.4
140040,23.8
140100,23.8
140160,24.0
140220,25.8
140280,24.2
140340,24.0
140400,26.8
140460,24.6
140520,25.2
140580,24.6
140640,24.4
140700,25.4
140760,25.6
140820,24.6
140880,26.0
140940,25.6
141000,24.2
141060,25.8
141120,25.4
141180,25.0
141240,26.0
141300,23.4
141360,24.6
141420,25.6
141480,23.6
141540,25.6
141600,25.2
141660,25.8
141720,25.2
141780,25.8
141840,23.0
141900,25.4
141960,24.8
142020,24.8
142080,25.4
142140,25.4
142200,24.2
142260,24.8
142320,25.2
142380,25.2
142440,24.2
142500,23.8
142560,25.2
142620,24.6
142680,24.6
142740,25.4
142800,24.0
142860,24.0
142920,23.8
142980,24.8
143040,23.6
143100,24.6
143160,24.0
143220,24.6
143280,24.2
143340,23.6
143400,23.6
143460,25.0
143520,24.2
143580,25.0
143640,23.6
143700,25.0
143760,23.6
143820,23.4
143880,24.0
143940,25.8
144000,24.6
144060,23.8
144120,24.2
144180,23.8
144240,25.6
144300,26.2
144360,23.8
144420,24.8
144480,25.8
144540,24.8
144600,25.2
144660,24.4
144720,24.4
144780,27.4
144840,24.6
144900,25.2
144960,24.8
145020,24.0
145080,25.6
145140,24.4
145200,24.8
145260,26.6
145320,23.8
145380,25.0
145440,24.8
145500,23.2
145560,26.2
145620,25.2
145680,23.4
145740,25.2
145800,24.8
145860,24.4
145920,26.6
145980,24.4
146040,26.4
146100,25.8
146160,26.4
146220,26.8
146280,24.2
146340,24.6
146400,24.6
146460,24.6
146520,24.4
146580,24.4
146640,24.0
146700,24.8
146760,25.0
146820,26.2
146880,23.6
146940,24.6
147000,25.6
147060,24.0
147120,24.2
147180,25.4
147240,25.2
147300,23.4
147360,24.4
147420,24.6
147480,23.8
147540,25.0
147600,24.6
147660,24.6
147720,23.6
147780,23.4
147840,25.4
147900,25.2
147960,24.0
148020,23.6
148080,26.0
148140,23.4
148200,23.4
148260,24.2
148320,25.0
148380,24.0
148440,25.2
148500,24.6
148560,23.6
148620,24.0
148680,25.2
148740,23.4
148800,23.6
148860,24.0
148920,24.6
148980,24.4
149040,25.0
149100,24.6
149160,24.2
149220,24.6
149280,23.4
149340,23.0
149400,25.2
149460,23.8
149520,23.6
149580,24.6
149640,22.0
149700,23.0
149760,25.4
149820,24.8
149880,24.2
149940,24.4
150000,24.8
150060,24.0
150120,24.0
150180,24.0
150240,23.6
150300,22.6
150360,23.0
150420,24.0
150480,23.2
150540,22.6
150600,25.2
150660,23.6
150720,23.2
150780,22.4
150840,24.4
150900,23.6
150960,24.2
151020,23.6
151080,23.6
151140,25.0
151200,24.0
151260,24.0
151320,24.6
151380,25.0
151440,26.0
151500,25.4
151560,25.2
151620,25.8
151680,26.2
151740,24.8
151800,24.4
151860,25.2
151920,26.0
151980,25.0
152040,22.4
152100,23.6
152160,23.2
152220,25.0
152280,25.4
152340,24.8
152400,23.8
152460,23.0
152520,23.4
152580,24.8
152640,23.4
152700,24.0
152760,24.0
152820,24.4
152880,24.4
152940,23.0
153000,25.2
153060,25.4
153120,24.0
153180,24.4
153240,24.8
153300,24.6
153360,24.6
153420,24.6
153480,25.2
153540,24.6
153600,24.0
153660,25.4
153720,24.4
153780,24.8
153840,25.8
153900,25.4
153960,23.8
154020,24.6
154080,25.2
154140,23.8
154200,24.6
154260,24.2
154320,24.2
154380,25.0
154440,25.2
154500,24.2
154560,22.6
154620,23.8
154680,25.8
154740,25.2
154800,25.4
154860,25.0
154920,24.4
154980,25.0
155040,24.6
155100,24.8
155160,24.8
155220,24.8
155280,25.0
155340,22.2
155400,23.8
155460,24.8
155520,23.6
155580,25.2
155640,24.0
155700,23.4
155760,24.0
155820,25.4
155880,25.0
155940,22.8
156000,24.2
156060,24.2
156120,25.4
156180,25.2
156240,24.0
156300,25.4
156360,24.4
156420,24.2
156480,24.8
156540,23.4
156600,24.4
156660,23.6
156720,24.8
156780,23.4
156840,24.0
156900,24.6
156960,24.0
157020,25.0
157080,24.4
157140,26.4
157200,24.0
157260,24.0
157320,26.6
157380,24.2
157440,25.4
157500,27.0
157560,24.2
157620,24.8
157680,25.8
157740,24.6
157800,25.4
157860,26.2
157920,24.6
157980,24.2
158040,25.6
158100,26.4
158160,24.4
158220,25.6
158280,24.0
158340,23.6
158400,24.4
158460,23.8
158520,26.2
158580,24.4
158640,26.2
158700,24.8
158760,24.4
158820,25.6
158880,24.6
158940,25.0
159000,24.0
159060,24.2
159120,24.4
159180,24.6
159240,26.2
159300,25.0
159360,23.2
159420,26.2
159480,24.4
159540,24.4
159600,23.2
159660,24.6
159720,24.4
159780,25.4
159840,24.2
159900,23.2
159960,23.6
160020,24.0
160080,25.6
160140,23.6
160200,24.2
160260,23.4
160320,24.6
160380,24.8
160440,24.4
160500,24.0
160560,25.6
160620,24.0
160680,25.0
160740,23.8
160800,25.2
160860,24.6
160920,24.2
160980,25.2
161040,24.4
161100,24.6
161160,23.6
161220,23.8
161280,22.6
161340,25.0
161400,24.8
161460,24.2
161520,24.4
161580,23.4
161640,23.8
161700,25.6
161760,24.8
161820,25.2
161880,25.0
161940,23.4
162000,23.6
162060,24.0
162120,23.2
162180,24.4
162240,24.2
162300,23.8
162360,24.6
162420,23.2
162480,24.8
162540,24.4
162600,22.2
162660,24.6
162720,22.2
162780,23.4
162840,23.4
162900,23.8
162960,23.0
163020,24.6
163080,24.8
163140,23.4
163200,24.0
163260,24.8
163320,24.8
163380,24.4
163440,23.2
163500,24.8
163560,25.4
163620,25.0
163680,23.6
163740,25.4
163800,26.2
163860,24.8
163920,24.4
163980,22.2
164040,23.2
164100,24.8
164160,23.4
164220,23.4
164280,24.6
164340,24.0
164400,24.4
164460,23.2
164520,23.8
164580,25.2
164640,23.8
164700,24.4
164760,22.6
164820,24.8
164880,24.8
164940,25.0
165000,23.6
165060,24.6
165120,24.6
165180,23.6
165240,25.0
165300,24.6
165360,24.0
165420,24.0
165480,22.0
165540,24.8
165600,22.6
165660,24.8
165720,22.0
165780,23.8
165840,23.4
165900,24.6
165960,24.2
166020,24.8
166080,24.4
166140,22.6
166200,24.8
166260,25.4
166320,24.4
166380,22.6
166440,23.8
166500,23.6
166560,23.8
166620,24.2
166680,24.2
166740,24.6
166800,24.6
166860,25.4
166920,24.4
166980,25.0
167040,24.2
167100,23.0
167160,25.0
167220,23.4
167280,23.6
167340,23.2
167400,24.4
167460,24.4
167520,23.6
167580,24.0
167640,25.0
167700,23.4
167760,22.4
167820,25.2
167880,24.4
167940,24.6
168000,24.6
168060,23.6
168120,22.6
168180,23.4
168240,22.4
168300,22.8
168360,24.4
168420,21.6
168480,24.4
168540,25.4
168600,23.2
168660,23.4
168720,24.2
168780,23.8
168840,23.4
168900,24.0
168960,24.2
169020,23.0
169080,23.2
169140,23.4
169200,24.8
169260,24.0
169320,23.2
169380,21.6
169440,21.8
169500,22.6
169560,23.4
169620,22.6
169680,23.4
169740,23.0
169800,23.0
169860,23.4
169920,23.8
169980,23.0
170040,24.0
170100,22.2
170160,24.4
170220,23.0
170280,24.4
170340,23.6
170400,22.8
170460,24.4
170520,24.0
170580,24.8
170640,24.4
170700,24.2
170760,23.8
170820,23.4
170880,25.2
170940,23.6
171000,24.4
171060,24.8
171120,24.2
171180,24.6
171240,27.0
171300,25.8
171360,23.8
171420,25.0
171480,24.4
171540,25.0
171600,24.2
171660,25.8
171720,23.6
171780,24.6
171840,26.0
171900,25.2
171960,24.8
172020,24.2
172080,26.4
172140,24.8
172200,24.0
172260,23.2
172320,26.0
172380,26.0
172440,25.8
172500,23.8
172560,24.4
172620,25.4
172680,24.0
172740,24.8
172800,25.2
172860,25.8
172920,25.6
172980,24.4
173040,24.6
173100,25.8
173160,23.8
173220,25.4
173280,24.2
173340,25.4
173400,25.2
173460,25.0
173520,25.0
173580,25.6
173640,25.4
173700,24.0
173760,26.0
173820,26.2
173880,24.8
173940,25.4
174000,26.2
174060,26.0
174120,26.4
174180,25.0
174240,26.0
174300,26.4
174360,25.8
174420,26.2
174480,25.0
174540,25.6
174600,24.2
174660,25.2
174720,26.0
174780,26.0
174840,25.4
174900,25.0
174960,26.2
175020,25.2
175080,25.4
175140,26.0
175200,25.4
175260,26.6
175320,24.2
175380,25.8
175440,24.6
175500,23.6
175560,25.4
175620,25.6
175680,23.6
175740,26.2
175800,25.8
175860,24.6
175920,26.4
175980,24.8
176040,25.2
176100,25.8
176160,25.8
176220,25.4
176280,25.2
176340,26.0
176400,25.8
176460,26.6
176520,25.4
176580,24.0
176640,25.4
176700,24.4
176760,26.4
176820,25.2
176880,25.6
176940,25.0
177000,25.6
177060,24.0
177120,25.8
177180,24.6
177240,25.8
177300,26.6
177360,24.8
177420,24.6
177480,25.8
177540,25.2
177600,26.4
177660,24.0
177720,25.2
177780,22.6
177840,25.2
177900,26.4
177960,24.0
178020,25.0
178080,24.2
178140,26.0
178200,25.0
178260,26.4
178320,26.0
178380,24.2
178440,25.0
178500,25.6
178560,25.0
178620,23.6
178680,24.8
178740,26.0
178800,23.8
178860,24.2
178920,24.4
178980,24.4
179040,25.8
179100,24.2
179160,24.6
179220,23.4
179280,25.0
179340,25.8
179400,24.6
179460,25.4
179520,25.2
179580,23.8
179640,26.0
179700,25.0
179760,25.0
179820,24.6
179880,24.0
179940,24.0
180000,24.8
180060,24.4
180120,24.2
180180,24.2
180240,25.8
180300,26.0
180360,24.6
180420,24.0
180480,26.0
180540,23.4
180600,23.4
180660,24.6
180720,26.0
180780,25.6
180840,25.8
180900,26.2
180960,25.0
181020,24.0
181080,25.8
181140,25.8
181200,24.4
181260,25.6
181320,25.8
181380,25.0
181440,25.0
181500,24.4
181560,24.6
181620,24.8
181680,24.8
181740,23.6
181800,25.2
181860,25.2
181920,26.4
181980,25.4
182040,25.4
182100,25.8
182160,26.4
182220,25.0
182280,24.6
182340,25.2
182400,26.0
182460,24.8
182520,24.6
182580,25.0
182640,24.8
182700,25.4
182760,24.2
182820,26.8
182880,27.4
182940,24.6
183000,23.8
183060,25.0
183120,25.8
183180,24.4
183240,25.6
183300,26.0
183360,24.2
183420,25.4
183480,24.8
183540,25.2
183600,25.0
183660,24.4
183720,25.4
183780,25.4
183840,24.2
183900,24.2
183960,24.8
184020,23.8
184080,25.0
184140,27.4
184200,25.2
184260,24.0
184320,24.2
184380,24.0
184440,24.4
184500,25.2
184560,24.2
184620,26.0
184680,25.2
184740,24.0
184800,25.8
184860,25.2
184920,24.6
184980,23.8
185040,24.2
185100,25.2
185160,24.2
185220,24.8
185280,25.4
185340,24.2
185400,23.6
185460,26.6
185520,24.8
185580,24.8
185640,24.0
185700,26.0
185760,24.8
185820,24.2
185880,24.4
185940,24.4
186000,26.2
186060,25.0
186120,24.8
186180,23.6
186240,25.6
186300,24.4
186360,23.4
186420,24.0
186480,23.6
186540,25.4
186600,26.0
186660,25.4
186720,25.2
186780,25.0
186840,25.2
186900,25.4
186960,24.0
187020,23.2
187080,25.2
187140,24.2
187200,24.0
187260,24.6
187320,24.8
187380,25.6
187440,24.6
187500,26.6
187560,25.2
187620,24.8
187680,24.2
187740,23.6
187800,23.4
187860,25.8
187920,23.8
187980,25.8
188040,24.2
188100,22.8
188160,23.6
188220,24.8
188280,26.0
188340,25.0
188400,25.8
188460,22.6
188520,25.6
188580,25.8
188640,24.4
188700,24.6
188760,23.2
188820,24.4
188880,24.8
188940,24.6
189000,25.4
189060,24.0
189120,24.0
189180,24.2
189240,25.0
189300,26.0
189360,24.2
189420,23.4
189480,25.8
189540,23.8
189600,25.8
189660,24.4
189720,24.2
189780,23.4
189840,25.4
189900,24.6
189960,23.8
190020,25.0
190080,25.4
190140,24.8
190200,23.8
190260,26.0
190320,24.8
190380,25.0
190440,24.6
190500,24.8
190560,23.8
190620,25.6
190680,24.4
190740,25.2
190800,24.6
190860,26.0
190920,24.0
190980,23.6
191040,24.2
191100,23.4
191160,25.2
191220,24.6
191280,23.0
191340,24.8
191400,23.4
191460,23.4
191520,26.4
191580,23.6
191640,24.6
191700,25.0
191760,23.4
191820,23.4
191880,23.6
191940,24.8
192000,23.2
192060,22.4
192120,25.4
192180,24.0
192240,24.0
192300,23.6
192360,22.2
192420,24.2
192480,22.0
192540,25.0
192600,24.8
192660,23.0
192720,25.0
192780,23.2
192840,24.6
192900,24.2
192960,24.6
193020,23.4
193080,24.4
193140,24.6
193200,24.0
193260,25.4
193320,24.4
193380,23.2
193440,24.8
193500,23.2
193560,24.4
193620,24.4
193680,24.0
193740,25.0
193800,24.4
193860,25.6
193920,25.2
193980,25.0
194040,24.6
194100,23.8
194160,25.6
194220,24.2
194280,24.8
194340,26.4
194400,25.0
194460,24.4
194520,24.2
194580,25.8
194640,24.2
194700,24.2
194760,25.0
194820,23.6
194880,23.4
194940,25.0
195000,25.2
195060,26.4
195120,24.4
195180,25.4
195240,24.2
195300,25.4
195360,24.8
195420,24.8
195480,24.0
195540,25.0
195600,23.8
195660,23.6
195720,24.2
195780,25.6
195840,25.4
195900,23.4
195960,23.4
196020,24.4
196080,26.0
196140,26.0
196200,24.4
196260,26.2
196320,24.8
196380,26.0
196440,23.2
196500,25.8
196560,25.8
196620,25.0
196680,25.0
196740,23.4
196800,25.0
196860,24.6
196920,26.0
196980,26.0
197040,23.8
197100,25.2
197160,24.8
197220,24.6
197280,24.4
197340,24.8
197400,27.4
197460,26.0
197520,25.4
197580,25.2
197640,25.2
197700,26.8
197760,25.4
197820,25.6
197880,25.0
197940,24.8
198000,24.2
198060,25.2
198120,25.6
198180,25.4
198240,26.8
198300,26.6
198360,25.4
198420,26.2
198480,25.8
198540,24.8
198600,24.8
198660,25.0
198720,25.2
198780,25.0
198840,25.2
198900,25.6
198960,24.0
199020,23.6
199080,24.6
199140,26.6
199200,26.6
199260,25.2
199320,26.0
199380,25.6
199440,25.8
199500,25.6
199560,25.8
199620,25.6
199680,25.2
199740,25.8
199800,25.8
199860,24.8
199920,25.6
199980,25.0
200040,25.2
200100,24.6
200160,24.2
200220,24.6
200280,24.6
200340,23.8
200400,24.4
200460,25.8
200520,24.6
200580,24.6
200640,25.6
200700,24.8
200760,26.0
200820,25.6
200880,25.2
200940,26.4
201000,24.8
201060,25.4
201120,24.4
201180,25.2
201240,24.8
201300,23.0
201360,24.0
201420,24.6
201480,24.4
201540,23.8
201600,23.4
201660,23.6
201720,22.8
201780,24.4
201840,24.6
201900,23.4
201960,25.2
202020,25.0
202080,24.0
202140,24.6
202200,24.6
202260,23.2
202320,22.0
202380,22.4
202440,24.0
202500,25.4
202560,21.6
202620,23.0
202680,23.6
202740,23.4
202800,22.6
202860,23.0
202920,22.0
202980,23.4
203040,25.0
203100,22.4
203160,23.8
203220,23.4
203280,24.4
203340,25.0
203400,24.6
203460,23.2
203520,24.2
203580,24.2
203640,24.4
203700,23.8
203760,25.6
203820,25.2
203880,25.2
203940,23.2
204000,24.0
204060,23.4
204120,24.2
204180,23.6
204240,25.0
204300,24.8
204360,25.2
204420,23.2
204480,24.6
204540,24.6
204600,26.2
204660,22.6
204720,24.6
204780,25.8
204840,23.8
204900,25.0
204960,24.6
205020,23.6
205080,25.0
205140,23.4
205200,25.0
205260,25.4
205320,23.8
205380,23.4
205440,24.6
205500,23.0
205560,26.2
205620,26.2
205680,25.6
205740,25.0
205800,23.0
205860,24.2
205920,24.6
205980,24.6
206040,25.8
206100,24.2
206160,23.6
206220,25.0
206280,25.0
206340,25.4
206400,25.2
206460,23.6
206520,23.0
206580,25.8
206640,25.0
206700,24.2
206760,24.4
206820,25.6
206880,24.8
206940,24.6
207000,24.0
207060,25.6
207120,23.6
207180,26.2
207240,23.8
207300,25.4
207360,25.4
207420,24.6
207480,25.2
207540,24.2
207600,24.6
207660,24.4
207720,23.2
207780,24.2
207840,24.4
207900,25.4
207960,24.6
208020,24.0
208080,23.8
208140,25.2
208200,22.0
208260,24.4
208320,24.4
208380,25.0
208440,26.0
208500,25.2
208560,25.8
208620,23.4
208680,22.4
208740,24.2
208800,24.4
208860,23.8
208920,25.0
208980,24.4
209040,24.2
209100,24.8
209160,26.0
209220,25.6
209280,24.0
209340,24.6
209400,24.8
209460,24.0
209520,24.8
209580,24.4
209640,25.4
209700,23.4
209760,24.0
209820,25.8
209880,24.0
209940,24.0
210000,25.2
210060,24.6
210120,25.0
210180,25.8
210240,25.2
210300,24.8
210360,25.4
210420,24.4
210480,24.4
210540,24.6
210600,24.6
210660,22.4
210720,24.2
210780,25.4
210840,24.0
210900,24.6
210960,24.4
211020,26.0
211080,25.0
211140,24.0
211200,22.8
211260,23.8
211320,24.6
211380,25.0
211440,23.4
211500,26.0
211560,23.6
211620,25.6
211680,23.2
211740,23.4
211800,23.2
211860,24.2
211920,24.0
211980,23.8
212040,23.8
212100,24.4
212160,24.0
212220,23.4
212280,24.8
212340,24.0
212400,24.0
212460,24.6
212520,24.4
212580,23.6
212640,25.2
212700,25.0
212760,25.2
212820,24.8
212880,23.6
212940,23.0
213000,23.6
213060,23.0
213120,24.2
213180,24.4
213240,24.4
213300,24.0
213360,24.4
213420,23.8
213480,22.8
213540,22.4
213600,24.2
213660,23.6
213720,23.6
213780,24.2
213840,23.8
213900,22.4
213960,23.2
214020,23.4
214080,23.6
214140,23.8
214200,24.6
214260,24.6
214320,25.2
214380,24.4
214440,22.6
214500,25.4
214560,24.2
214620,22.8
214680,23.4
214740,24.6
214800,24.4
214860,24.2
214920,24.0
214980,24.8
215040,23.8
215100,23.6
215160,22.8
215220,24.4
215280,23.2
215340,25.4
215400,25.2
215460,23.8
215520,24.2
215580,25.4
215640,25.2
215700,24.0
215760,24.8
215820,22.8
215880,26.2
215940,24.0
216000,24.6
216060,25.0
216120,23.0
216180,25.4
216240,23.6
216300,23.8
216360,24.6
216420,24.0
216480,24.2
216540,24.2
216600,25.0
216660,23.8
216720,23.6
216780,23.8
216840,24.6
216900,23.2
216960,24.6
217020,21.8
217080,24.2
217140,25.4
217200,23.2
217260,24.8
217320,24.4
217380,24.4
217440,22.2
217500,24.4
217560,23.8
217620,23.8
217680,22.4
217740,24.2
217800,24.8
217860,25.8
217920,24.2
217980,24.6
218040,24.2
218100,25.8
218160,24.6
218220,24.2
218280,24.6
218340,24.8
218400,24.8
218460,24.0
218520,25.2
218580,24.6
218640,24.2
218700,23.8
218760,24.8
218820,24.2
218880,23.6
218940,26.4
219000,25.4
219060,26.2
219120,25.8
219180,25.0
219240,24.8
219300,23.8
219360,26.2
219420,24.6
219480,23.2
219540,24.8
219600,25.6
219660,24.2
219720,23.6
219780,24.2
219840,25.6
219900,24.8
219960,24.8
220020,25.2
220080,25.6
220140,24.4
220200,25.8
220260,23.0
220320,25.0
220380,23.6
220440,26.0
220500,26.0
220560,25.8
220620,24.6
220680,25.2
220740,25.0
220800,24.6
220860,24.2
220920,23.0
220980,24.6
221040,23.4
221100,24.6
221160,24.6
221220,24.2
221280,25.4
221340,23.2
221400,23.8
221460,24.4
221520,23.2
221580,24.8
221640,23.4
221700,24.8
221760,23.8
221820,24.4
221880,24.4
221940,24.4
222000,25.0
222060,24.8
222120,24.4
222180,23.2
222240,23.6
222300,24.4
222360,23.6
222420,25.6
222480,25.2
222540,25.2
222600,24.0
222660,25.4
222720,23.8
222780,22.6
222840,25.0
222900,24.4
222960,24.6
223020,25.0
223080,24.0
223140,24.4
223200,24.4
223260,23.6
223320,24.8
223380,24.2
223440,24.4
223500,24.0
223560,25.6
223620,24.8
223680,24.0
223740,24.6
223800,25.4
223860,22.8
223920,25.8
223980,24.8
224040,25.4
224100,24.8
224160,23.0
224220,24.2
224280,23.8
224340,24.8
224400,23.6
224460,26.4
224520,24.8
224580,24.0
224640,24.2
224700,25.6
224760,25.0
224820,23.8
224880,24.4
224940,25.2
225000,25.8
225060,25.4
225120,24.2
225180,24.4
225240,24.2
225300,23.8
225360,24.2
225420,24.6
225480,23.0
225540,25.6
225600,24.8
225660,23.6
225720,24.4
225780,23.0
225840,24.2
225900,21.8
225960,23.4
226020,24.0
226080,24.0
226140,23.4
226200,23.8
226260,22.8
226320,22.6
226380,23.2
226440,24.2
226500,23.6
226560,22.2
226620,22.6
226680,22.8
226740,23.6
226800,23.6
226860,22.4
226920,23.0
226980,22.4
227040,21.2
227100,22.8
227160,24.0
227220,24.6
227280,24.8
227340,22.8
227400,22.2
227460,23.4
227520,23.2
227580,23.4
227640,24.4
227700,24.2
227760,23.2
227820,23.8
227880,23.2
227940,23.6
228000,22.6
228060,23.8
228120,22.8
228180,24.2
228240,23.6
228300,23.6
228360,24.2
228420,23.2
228480,22.6
228540,23.2
228600,23.6
228660,23.8
228720,24.2
228780,24.0
228840,22.2
228900,23.4
228960,24.4
229020,24.6
229080,24.0
229140,23.8
229200,25.4
229260,22.0
229320,23.8
229380,23.4
229440,25.0
229500,24.0
229560,24.2
229620,24.6
229680,23.8
229740,22.6
229800,24.2
229860,24.4
229920,23.4
229980,23.2
230040,24.8
230100,25.2
230160,23.8
230220,23.6
230280,23.6
230340,24.2
230400,24.4
230460,24.4
230520,23.6
230580,24.8
230640,24.0
230700,24.8
230760,24.4
230820,24.0
230880,22.2
230940,24.0
231000,24.4
231060,25.2
231120,24.0
231180,24.0
231240,24.4
231300,23.0
231360,22.0
231420,22.4
231480,22.8
231540,24.4
231600,23.2
231660,23.4
231720,25.4
231780,22.8
231840,24.0
231900,22.4
231960,23.4
232020,24.8
232080,24.0
232140,25.4
232200,24.0
232260,24.4
232320,24.4
232380,23.6
232440,23.6
232500,24.4
232560,24.0
232620,23.0
232680,24.6
232740,24.4
232800,25.6
232860,24.0
232920,24.8
232980,25.8
233040,24.2
233100,22.6
233160,24.2
233220,25.0
233280,25.0
233340,24.4
233400,23.6
233460,24.4
233520,23.0
233580,25.6
233640,25.2
233700,24.6
233760,23.4
233820,24.4
233880,23.6
233940,25.4
234000,24.4
234060,23.4
234120,24.0
234180,24.6
234240,24.0
234300,23.2
234360,24.2
234420,24.0
234480,22.2
234540,22.6
234600,23.8
234660,23.0
234720,25.2
234780,22.6
234840,23.8
234900,24.8
234960,23.0
235020,21.6
235080,22.4
235140,23.4
235200,23.0
235260,24.0
235320,23.2
235380,22.8
235440,24.4
235500,22.6
235560,22.0
235620,23.4
235680,21.6
235740,22.6
235800,23.4
235860,22.6
235920,23.8
235980,23.2
236040,23.4
236100,23.2
236160,23.4
236220,22.8
236280,23.4
236340,22.4
236400,22.8
236460,22.2
236520,24.4
236580,24.4
236640,22.6
236700,22.6
236760,23.6
236820,23.2
236880,23.6
236940,24.2
237000,24.6
237060,23.0
237120,23.6
237180,24.8
237240,23.6
237300,24.6
237360,23.2
237420,23.8
237480,21.4
237540,23.4
237600,24.2
237660,24.8
237720,24.0
237780,24.4
237840,25.2
237900,23.8
237960,24.2
238020,25.6
238080,24.8
238140,23.6
238200,24.6
238260,24.8
238320,24.6
238380,25.0
238440,23.2
238500,24.0
238560,25.4
238620,24.0
238680,23.6
238740,24.0
238800,24.0
238860,24.4
238920,23.0
238980,23.6
239040,24.0
239100,25.8
239160,24.2
239220,24.4
239280,24.6
239340,25.2
239400,23.8
239460,24.8
239520,26.2
239580,24.8
239640,26.0
239700,25.6
239760,24.6
239820,24.2
239880,24.6
239940,25.0
240000,23.6
240060,25.6
240120,25.0
240180,26.0
240240,25.2
240300,25.4
240360,23.6
240420,25.8
240480,25.2
240540,25.0
240600,26.4
240660,24.2
240720,26.0
240780,25.0
240840,23.6
240900,25.2
240960,26.0
241020,25.4
241080,25.8
241140,26.8
241200,24.0
241260,25.4
241320,24.0
241380,24.6
241440,24.6
241500,25.6
241560,24.0
241620,25.8
241680,25.4
241740,25.8
241800,23.8
241860,23.6
241920,24.4
241980,27.4
242040,25.4
242100,26.4
242160,25.0
242220,26.2
242280,26.4
242340,25.4
242400,24.8
242460,24.8
242520,24.4
242580,25.6
242640,24.8
242700,24.8
242760,25.4
242820,24.8
242880,25.4
242940,27.0
243000,24.8
243060,24.6
243120,25.2
243180,26.0
243240,24.2
243300,24.2
243360,25.8
243420,25.4
243480,23.8
243540,24.2
243600,23.2
243660,26.0
243720,25.2
243780,23.6
243840,24.4
243900,24.4
243960,24.4
244020,25.4
244080,26.4
244140,26.2
244200,25.8
244260,24.4
244320,25.0
244380,25.0
244440,24.0
244500,25.0
244560,24.8
244620,24.6
244680,24.6
244740,25.4
244800,23.0
244860,24.2
244920,25.0
244980,25.8
245040,24.0
245100,25.4
245160,23.6
245220,23.6
245280,24.6
245340,24.8
245400,24.4
245460,25.4
245520,23.8
245580,26.4
245640,24.8
245700,25.0
245760,24.6
245820,26.8
245880,24.4
245940,25.8
246000,25.8
246060,25.6
246120,24.4
246180,25.2
246240,23.4
246300,23.2
246360,24.8
246420,25.2
246480,25.4
246540,26.2
246600,25.6
246660,24.6
246720,25.0
246780,25.6
246840,25.2
246900,24.8
246960,23.0
247020,24.6
247080,23.8
247140,24.8
247200,24.2
247260,24.6
247320,24.8
247380,24.2
247440,25.8
247500,26.0
247560,24.8
247620,26.0
247680,25.8
247740,25.2
247800,25.2
247860,24.6
247920,24.2
247980,24.6
248040,25.8
248100,24.2
248160,24.6
248220,25.6
248280,24.0
248340,25.0
248400,25.0
248460,23.2
248520,25.2
248580,25.2
248640,24.2
248700,24.2
248760,24.4
248820,24.8
248880,24.8
248940,23.4
249000,24.4
249060,26.0
249120,24.2
249180,24.6
249240,23.8
249300,25.4
249360,24.2
249420,24.0
249480,24.8
249540,24.8
249600,25.6
249660,26.8
249720,25.8
249780,24.8
249840,24.6
249900,24.8
249960,24.6
250020,24.6
250080,25.4
250140,25.0
250200,25.4
250260,25.2
250320,26.0
250380,25.8
250440,24.0
250500,25.4
250560,25.2
250620,25.0
250680,24.0
250740,24.2
250800,23.2
250860,24.2
250920,23.6
250980,24.2
251040,23.8
251100,23.4
251160,23.4
251220,24.0
251280,23.8
251340,24.8
251400,26.4
251460,25.0
251520,25.2
251580,25.8
251640,24.8
251700,25.4
251760,25.6
251820,24.4
251880,26.4
251940,24.8
252000,24.8
252060,24.4
252120,23.8
252180,24.2
252240,24.2
252300,24.6
252360,23.2
252420,24.0
252480,23.8
252540,24.6
252600,25.6
252660,25.6
252720,24.8
252780,24.2
252840,25.0
252900,23.8
252960,23.8
253020,26.2
253080,24.0
253140,25.4
253200,25.4
253260,23.0
253320,25.2
253380,24.0
253440,24.8
253500,24.2
253560,24.4
253620,24.8
253680,23.6
253740,23.8
253800,25.6
253860,24.4
253920,24.2
253980,25.8
254040,25.0
254100,23.8
254160,24.6
254220,25.0
254280,23.6
254340,24.4
254400,25.2
254460,24.0
254520,24.2
254580,24.0
254640,24.6
254700,24.2
254760,25.2
254820,24.6
254880,26.0
254940,24.8
255000,25.0
255060,24.2
255120,25.6
255180,26.0
255240,26.6
255300,24.8
255360,25.4
255420,24.2
255480,25.2
255540,24.6
255600,24.8
255660,24.8
255720,26.8
255780,25.0
255840,24.4
255900,23.8
255960,22.4
256020,25.4
256080,25.2
256140,25.0
256200,25.4
256260,23.6
256320,23.2
256380,24.2
256440,24.0
256500,24.2
256560,22.8
256620,25.2
256680,24.4
256740,25.4
256800,24.4
256860,24.4
256920,24.4
256980,23.6
257040,24.4
257100,24.6
257160,24.0
257220,23.8
257280,24.6
257340,25.8
257400,23.8
257460,25.2
257520,24.8
257580,25.6
257640,25.4
257700,24.6
257760,25.8
257820,24.0
257880,25.6
257940,25.4
258000,25.6
258060,23.4
258120,25.8
258180,24.4
258240,24.4
258300,23.6
258360,24.0
258420,23.8
258480,24.4
258540,25.2
258600,24.8
258660,25.6
258720,25.0
258780,23.8
258840,25.0
258900,24.6
258960,25.8
259020,23.6
259080,24.0
259140,25.4
259200,24.8
259260,25.0
259320,25.2
259380,24.2
259440,23.6
259500,25.8
259560,25.0
259620,24.2
259680,23.4
259740,23.8
259800,25.2
259860,24.4
259920,25.6
259980,25.2
260040,24.8
260100,26.0
260160,24.6
260220,25.4
260280,24.2
260340,25.2
260400,24.4
260460,25.6
260520,24.4
260580,23.6
260640,24.0
260700,24.8
260760,23.8
260820,22.4
260880,24.0
260940,22.2
261000,24.2
261060,24.8
261120,24.8
261180,25.6
261240,24.6
261300,26.0
261360,23.8
261420,24.8
261480,24.2
261540,25.2
261600,24.2
261660,23.8
261720,25.0
261780,23.2
261840,24.6
261900,24.0
261960,24.6
262020,24.2
262080,25.2
262140,24.6
262200,24.4
262260,24.8
262320,23.8
262380,24.4
262440,24.6
262500,24.2
262560,25.4
262620,23.6
262680,23.6
262740,24.4
262800,24.8
262860,24.8
262920,24.4
262980,23.2
263040,25.0
263100,25.2
263160,22.8
263220,23.8
263280,25.4
263340,22.8
263400,24.4
263460,24.0
263520,25.4
263580,25.0
263640,23.6
263700,23.4
263760,25.2
263820,24.8
263880,24.6
263940,25.0
264000,24.0
264060,23.4
264120,26.8
264180,25.2
264240,26.2
264300,24.2
264360,24.2
264420,25.0
264480,23.0
264540,25.0
264600,25.8
264660,24.4
264720,25.0
264780,25.2
264840,25.8
264900,26.2
264960,24.0
265020,25.0
265080,24.8
265140,25.2
265200,23.6
265260,24.8
265320,26.2
265380,24.0
265440,25.4
265500,24.8
265560,23.2
265620,26.4
265680,23.8
265740,24.4
265800,25.4
265860,24.8
265920,24.8
265980,24.4
266040,22.8
266100,24.2
266160,24.4
266220,26.2
266280,26.0
266340,26.2
266400,25.4
266460,25.0
266520,25.2
266580,24.2
266640,25.6
266700,24.4
266760,23.6
266820,23.4
266880,24.4
266940,24.8
267000,26.6
267060,23.4
267120,25.8
267180,26.8
267240,24.4
267300,25.0
267360,24.4
267420,25.6
267480,24.2
267540,25.4
267600,25.2
267660,24.4
267720,25.2
267780,25.2
267840,24.8
267900,24.6
267960,24.8
268020,23.8
268080,23.4
268140,25.0
268200,26.2
268260,25.8
268320,25.0
268380,24.8
268440,25.2
268500,25.2
268560,22.8
268620,24.8
268680,24.6
268740,23.8
268800,25.0
268860,23.4
268920,24.4
268980,24.6
269040,21.8
269100,24.8
269160,24.4
269220,24.6
269280,24.6
269340,23.4
269400,24.0
269460,24.4
269520,23.8
269580,25.4
269640,26.0
269700,23.8
269760,24.8
269820,24.6
269880,22.2
269940,25.0
270000,25.8
270060,25.4
270120,24.4
270180,26.4
270240,24.0
270300,27.4
270360,25.6
270420,24.8
270480,25.4
270540,25.8
270600,23.2
270660,25.2
270720,24.6
270780,25.8
270840,25.8
270900,25.8
270960,25.2
271020,25.8
271080,24.6
271140,25.6
271200,24.2
271260,24.8
271320,25.4
271380,25.8
271440,25.0
271500,24.4
271560,25.0
271620,22.8
271680,24.4
271740,25.0
271800,24.2
271860,25.2
271920,24.4
271980,25.8
272040,26.0
272100,26.0
272160,25.2
272220,26.0
272280,23.6
272340,23.4
272400,25.6
272460,25.0
272520,25.2
272580,23.8
272640,23.4
272700,25.6
272760,21.8
272820,24.8
272880,25.0
272940,24.6
273000,25.0
273060,23.8
273120,25.4
273180,24.6
273240,24.0
273300,23.6
273360,24.2
273420,25.0
273480,23.6
273540,24.6
273600,24.8
273660,24.6
273720,24.8
273780,23.6
273840,24.8
273900,25.6
273960,23.4
274020,24.8
274080,23.4
274140,25.8
274200,24.0
274260,24.6
274320,24.0
274380,25.2
274440,24.4
274500,25.4
274560,25.8
274620,26.2
274680,26.4
274740,24.4
274800,24.2
274860,24.6
274920,24.4
274980,25.2
275040,24.4
275100,25.4
275160,25.8
275220,25.2
275280,25.6
275340,24.8
275400,23.8
275460,23.6
275520,25.8
275580,25.0
275640,24.4
275700,24.8
275760,23.8
275820,23.0
275880,25.4
275940,23.8
276000,23.8
276060,24.4
276120,23.4
276180,24.8
276240,24.4
276300,25.0
276360,25.6
276420,24.4
276480,25.8
276540,26.8
276600,24.8
276660,24.0
276720,24.6
276780,24.4
276840,24.8
276900,25.0
276960,24.8
277020,24.2
277080,26.8
277140,26.2
277200,25.2
277260,24.8
277320,25.8
277380,25.6
277440,24.4
277500,26.0
277560,24.8
277620,24.0
277680,25.0
277740,27.0
277800,26.0
277860,26.6
277920,25.4
277980,26.2
278040,24.0
278100,24.4
278160,25.8
278220,25.4
278280,24.0
278340,25.0
278400,26.0
278460,24.0
278520,25.2
278580,25.0
278640,26.0
278700,24.8
278760,24.0
278820,24.8
278880,24.8
278940,24.0
279000,23.6
279060,24.0
279120,26.4
279180,24.4
279240,25.6
279300,23.4
279360,25.4
279420,24.4
279480,25.4
279540,24.6
279600,25.8
279660,24.6
279720,24.8
279780,23.4
279840,24.2
279900,25.2
279960,24.6
280020,25.0
280080,24.2
280140,24.0
280200,25.2
280260,24.8
280320,25.4
280380,26.4
280440,26.0
280500,24.4
280560,25.2
280620,26.2
280680,24.0
280740,25.8
280800,25.0
280860,24.2
280920,26.2
280980,23.8
281040,25.8
281100,26.6
281160,25.2
281220,25.8
281280,26.2
281340,24.4
281400,25.2
281460,25.4
281520,23.8
281580,24.6
281640,24.4
281700,24.6
281760,24.2
281820,24.6
281880,25.0
281940,24.6
282000,24.6
282060,25.2
282120,24.8
282180,25.6
282240,25.2
282300,23.4
282360,25.0
282420,25.2
282480,24.2
282540,25.2
282600,26.4
282660,25.2
282720,24.8
282780,25.6
282840,25.2
282900,25.2
282960,26.8
283020,24.6
283080,25.2
283140,25.8
283200,25.8
283260,23.0
283320,22.8
283380,25.8
283440,25.6
283500,24.4
283560,25.0
283620,25.0
283680,25.2
283740,26.8
283800,25.0
283860,26.0
283920,24.8
283980,25.8
284040,25.4
284100,26.4
284160,25.8
284220,23.8
284280,25.2
284340,26.0
284400,24.2
284460,25.2
284520,24.2
284580,25.0
284640,24.4
284700,23.8
284760,24.4
284820,24.2
284880,25.4
284940,25.2
285000,24.6
285060,25.4
285120,24.2
285180,25.2
285240,23.0
285300,24.4
285360,25.8
285420,23.6
285480,24.2
285540,25.4
285600,25.4
285660,24.8
285720,23.8
285780,25.8
285840,24.2
285900,25.2
285960,24.8
286020,25.0
286080,26.6
286140,24.6
286200,25.0
286260,25.6
286320,25.0
286380,24.6
286440,23.8
286500,25.0
286560,25.2
286620,24.0
286680,24.4
286740,23.2
286800,25.4
286860,25.8
286920,24.4
286980,24.0
287040,24.6
287100,23.6
287160,25.0
287220,24.6
287280,23.8
287340,23.6
287400,24.4
287460,24.4
287520,24.4
287580,24.4
287640,25.8
287700,24.2
287760,24.8
287820,24.2
287880,25.0
287940,25.8
288000,23.8
288060,24.0
288120,24.8
288180,24.4
288240,24.8
288300,24.2
288360,22.8
288420,23.0
288480,24.8
288540,24.0
288600,24.2
288660,24.2
288720,25.8
288780,24.6
288840,24.8
288900,24.6
288960,23.2
289020,25.0
289080,24.6
289140,23.6
289200,24.0
289260,23.2
289320,23.6
289380,23.6
289440,24.8
289500,24.2
289560,25.2
289620,24.0
289680,23.4
289740,24.2
289800,25.2
289860,23.4
289920,24.2
289980,25.6
290040,24.0
290100,24.2
290160,25.8
290220,23.0
290280,24.4
290340,23.8
290400,24.2
290460,25.0
290520,24.2
290580,24.2
290640,24.2
290700,24.6
290760,24.4
290820,24.2
290880,24.8
290940,25.2
291000,24.8
291060,25.6
291120,25.0
291180,25.6
291240,25.0
291300,23.8
291360,24.8
291420,24.8
291480,24.0
291540,25.4
291600,26.8
291660,25.4
291720,24.8
291780,25.4
291840,25.2
291900,24.6
291960,25.6
292020,25.0
292080,25.0
292140,25.4
292200,25.8
292260,24.4
292320,24.8
292380,24.4
292440,23.2
292500,24.6
292560,24.8
292620,24.4
292680,24.8
292740,25.2
292800,22.8
292860,23.0
292920,25.6
292980,26.4
293040,25.2
293100,24.8
293160,24.8
293220,24.8
293280,24.6
293340,24.2
293400,25.2
293460,24.0
293520,25.6
293580,26.4
293640,24.2
293700,24.4
293760,24.8
293820,24.4
293880,25.0
293940,23.8
294000,24.2
294060,24.6
294120,24.6
294180,25.8
294240,24.4
294300,24.0
294360,24.6
294420,23.8
294480,25.2
294540,24.6
294600,26.0
294660,25.2
294720,25.0
294780,25.4
294840,25.6
294900,25.6
294960,23.0
295020,24.0
295080,24.2
295140,25.4
295200,24.4
295260,25.2
295320,25.4
295380,25.2
295440,24.8
295500,26.8
295560,25.4
295620,21.6
295680,24.8
295740,25.4
295800,25.2
295860,25.4
295920,24.6
295980,24.8
296040,24.4
296100,24.0
296160,25.6
296220,26.8
296280,26.8
296340,25.8
296400,24.4
296460,26.0
296520,24.8
296580,25.6
296640,24.6
296700,24.2
296760,25.4
296820,25.4
296880,24.6
296940,23.8
297000,24.6
297060,24.4
297120,24.2
297180,25.4
297240,26.6
297300,26.0
297360,25.2
297420,25.8
297480,25.6
297540,25.4
297600,24.2
297660,24.6
297720,24.4
297780,25.0
297840,25.6
297900,25.0
297960,26.0
298020,25.0
298080,25.0
298140,24.4
298200,23.6
298260,23.2
298320,22.8
298380,24.0
298440,25.0
298500,24.6
298560,23.6
298620,24.6
298680,23.4
298740,22.8
298800,25.0
298860,24.0
298920,23.8
298980,25.0
299040,24.8
299100,25.2
299160,25.0
299220,24.6
299280,25.0
299340,26.2
299400,23.8
299460,24.8
299520,25.2
299580,23.8
299640,25.2
299700,23.8
299760,25.0
299820,24.2
299880,23.8
299940,23.2
300000,25.4
300060,23.8
300120,23.6
300180,25.8
300240,26.0
300300,24.2
300360,23.4
300420,25.2
300480,24.2
300540,24.4
300600,23.2
300660,24.0
300720,24.4
300780,24.6
300840,25.6
300900,24.6
300960,25.0
301020,23.6
301080,25.2
301140,24.6
301200,23.4
301260,25.0
301320,25.6
301380,24.0
301440,22.8
301500,23.8
301560,24.6
301620,23.0
301680,24.4
301740,24.4
301800,24.6
301860,25.4
301920,24.2
301980,24.4
302040,24.6
302100,24.2
302160,24.4
302220,24.8
302280,26.0
302340,23.2
302400,26.2
302460,25.8
302520,25.0
302580,26.0
302640,24.6
302700,25.0
302760,25.4
302820,23.4
302880,24.0
302940,25.4
303000,26.6
303060,24.6
303120,24.8
303180,23.6
303240,25.8
303300,25.2
303360,26.0
303420,25.2
303480,25.2
303540,25.4
303600,24.6
303660,25.4
303720,24.2
303780,25.8
303840,24.4
303900,26.0
303960,26.0
304020,26.2
304080,25.6
304140,24.6
304200,25.8
304260,25.2
304320,26.0
304380,24.6
304440,26.0
304500,24.4
304560,25.0
304620,25.6
304680,25.2
304740,25.6
304800,25.4
304860,24.8
304920,24.6
304980,24.0
305040,25.0
305100,25.6
305160,24.6
305220,25.4
305280,25.4
305340,25.0
305400,24.6
305460,24.2
305520,24.4
305580,24.6
305640,27.0
305700,25.0
305760,26.4
305820,25.2
305880,24.4
305940,25.6
306000,26.2
306060,25.6
306120,24.0
306180,24.2
306240,24.8
306300,25.8
306360,24.4
306420,24.8
306480,24.4
306540,24.8
306600,25.4
306660,25.4
306720,25.6
306780,25.8
306840,25.6
306900,25.0
306960,24.4
307020,23.6
307080,24.2
307140,25.0
307200,24.6
307260,24.6
307320,25.4
307380,25.0
307440,25.2
307500,25.2
307560,24.4
307620,24.2
307680,24.2
307740,26.4
307800,23.0
307860,25.6
307920,25.8
307980,25.8
308040,24.0
308100,23.6
308160,24.6
308220,24.0
308280,24.6
308340,24.8
308400,23.8
308460,24.0
308520,24.2
308580,24.8
308640,23.6
308700,23.6
308760,23.8
308820,24.6
308880,23.2
308940,25.0
309000,23.8
309060,24.6
309120,24.8
309180,22.4
309240,23.6
309300,24.2
309360,24.4
309420,25.2
309480,23.8
309540,25.6
309600,25.2
309660,24.6
309720,23.0
309780,24.6
309840,24.4
309900,23.8
309960,23.0
310020,25.0
310080,24.8
310140,22.0
310200,24.4
310260,23.4
310320,23.4
310380,23.8
310440,24.6
310500,23.6
310560,24.2
310620,23.2
310680,24.2
310740,24.2
310800,22.6
310860,22.4
310920,24.6
310980,23.8
311040,23.4
311100,24.2
311160,25.0
311220,22.8
311280,22.8
311340,24.0
311400,23.6
311460,23.2
311520,24.6
311580,23.6
311640,24.4
311700,24.4
311760,23.6
311820,25.4
311880,23.4
311940,24.8
312000,23.2
312060,23.6
312120,24.4
312180,23.4
312240,24.0
312300,23.2
312360,25.2
312420,24.6
312480,22.4
312540,23.8
312600,24.0
312660,23.4
312720,23.4
312780,24.8
312840,23.6
312900,25.0
312960,24.4
313020,24.0
313080,22.8
313140,23.6
313200,25.2
313260,24.0
313320,24.2
313380,24.6
313440,23.6
313500,23.4
313560,24.0
313620,25.4
313680,24.4
313740,23.2
313800,25.0
313860,25.0
313920,25.2
313980,23.6
314040,25.0
314100,24.2
314160,24.6
314220,24.6
314280,24.6
314340,24.2
314400,25.6
314460,25.0
314520,25.0
314580,25.6
314640,23.2
314700,24.8
314760,24.8
314820,25.4
314880,24.0
314940,25.8
315000,24.2
315060,23.8
315120,24.6
315180,25.4
315240,25.0
315300,24.6
315360,24.2
315420,23.8
315480,23.6
315540,24.2
315600,24.4
315660,25.0
315720,24.4
315780,23.0
315840,22.8
315900,24.2
315960,23.6
316020,24.0
316080,24.4
316140,24.6
316200,24.4
316260,24.2
316320,24.4
316380,24.6
316440,25.0
316500,23.4
316560,24.0
316620,23.4
316680,23.8
316740,24.2
316800,23.8
316860,24.2
316920,24.8
316980,22.4
317040,23.2
317100,25.0
317160,24.4
317220,24.2
317280,25.2
317340,24.8
317400,25.2
317460,25.2
317520,25.0
317580,24.4
317640,24.0
317700,24.2
317760,24.2
317820,24.4
317880,24.0
317940,24.6
318000,25.8
318060,26.0
318120,23.8
318180,24.6
318240,25.4
318300,25.0
318360,25.4
318420,25.4
318480,25.6
318540,23.8
318600,26.0
318660,23.2
318720,24.0
318780,24.4
318840,25.2
318900,24.2
318960,24.0
319020,25.2
319080,24.8
319140,24.8
319200,24.4
319260,24.2
319320,25.2
319380,23.8
319440,23.4
319500,24.2
319560,23.0
319620,24.0
319680,25.0
319740,23.6
319800,25.4
319860,24.6
319920,24.2
319980,25.6
320040,25.4
320100,23.6
320160,24.4
320220,23.2
320280,24.6
320340,24.0
320400,26.0
320460,24.0
320520,24.4
320580,24.4
320640,24.2
320700,24.0
320760,22.6
320820,25.2
320880,24.0
320940,25.0
321000,24.4
321060,24.8
321120,25.0
321180,23.2
321240,25.8
321300,23.8
321360,24.2
321420,25.4
321480,24.0
321540,25.2
321600,25.4
321660,24.2
321720,23.0
321780,24.4
321840,23.4
321900,25.0
321960,25.0
322020,23.6
322080,26.4
322140,25.0
322200,23.0
322260,25.0
322320,26.2
322380,23.6
322440,24.4
322500,26.0
322560,25.2
322620,26.0
322680,22.6
322740,25.0
322800,24.0
322860,24.4
322920,26.0
322980,25.2
323040,23.8
323100,24.2
323160,24.2
323220,24.6
323280,24.8
323340,25.0
323400,23.4
323460,23.0
323520,23.8
323580,26.4
323640,23.2
323700,26.2
323760,23.4
323820,24.8
323880,24.4
323940,23.0
324000,25.2
324060,24.2
324120,25.0
324180,23.8
324240,24.6
324300,25.8
324360,25.2
324420,24.2
324480,25.0
324540,24.0
324600,25.2
324660,25.4
324720,25.0
324780,25.2
324840,26.6
324900,26.6
324960,26.4
325020,26.6
325080,25.4
325140,25.0
325200,24.6
325260,24.2
325320,25.6
325380,24.0
325440,27.6
325500,24.4
325560,25.2
325620,23.8
325680,23.6
325740,24.8
325800,25.4
325860,25.0
325920,25.8
325980,24.6
326040,24.0
326100,23.4
326160,25.4
326220,24.8
326280,24.6
326340,25.4
326400,24.4
326460,25.0
326520,24.4
326580,25.4
326640,25.0
326700,25.2
326760,25.8
326820,24.2
326880,25.4
326940,26.2
327000,26.0
327060,24.2
327120,25.0
327180,25.2
327240,24.8
327300,25.2
327360,26.2
327420,26.0
327480,26.4
327540,25.4
327600,26.4
327660,25.4
327720,25.2
327780,25.4
327840,25.0
327900,26.0
327960,25.4
328020,25.4
328080,24.6
328140,25.6
328200,23.6
328260,25.6
328320,25.2
328380,24.6
328440,25.2
328500,25.0
328560,24.8
328620,25.4
328680,25.6
328740,26.0
328800,25.0
328860,26.4
328920,25.0
328980,26.4
329040,25.4
329100,26.0
329160,25.4
329220,25.8
329280,27.0
329340,26.2
329400,26.6
329460,26.6
329520,24.2
329580,24.6
329640,24.0
329700,26.6
329760,25.2
329820,25.0
329880,24.8
329940,24.6
330000,24.0
330060,24.6
330120,25.4
330180,25.6
330240,25.8
330300,26.8
330360,26.2
330420,25.2
330480,26.8
330540,26.4
330600,26.2
330660,25.8
330720,25.2
330780,25.0
330840,26.0
330900,25.6
330960,24.6
331020,26.0
331080,23.2
331140,25.0
331200,24.0
331260,25.6
331320,25.2
331380,26.2
331440,25.0
331500,24.6
331560,25.0
331620,25.2
331680,25.4
331740,24.0
331800,25.2
331860,25.4
331920,26.2
331980,24.6
332040,25.2
332100,26.0
332160,25.4
332220,24.8
332280,24.6
332340,24.6
332400,25.4
332460,22.6
332520,25.2
332580,26.2
332640,23.0
332700,25.8
332760,25.2
332820,24.0
332880,25.2
332940,26.8
333000,25.0
333060,25.6
333120,24.0
333180,26.2
333240,25.6
333300,23.4
333360,24.4
333420,26.0
333480,24.2
333540,25.6
333600,24.4
333660,26.0
333720,26.6
333780,25.0
333840,25.4
333900,25.0
333960,24.2
334020,24.6
334080,24.8
334140,24.8
334200,24.4
334260,22.8
334320,25.4
334380,25.0
334440,23.4
334500,23.8
334560,25.2
334620,23.6
334680,24.6
334740,24.2
334800,26.4
334860,24.4
334920,25.4
334980,24.2
335040,25.0
335100,23.6
335160,25.4
335220,24.6
335280,24.2
335340,24.6
335400,23.8
335460,24.2
335520,23.2
335580,25.0
335640,24.4
335700,23.6
335760,24.6
335820,25.0
335880,25.2
335940,24.6
336000,26.4
336060,26.0
336120,25.0
336180,26.8
336240,25.8
336300,24.4
336360,24.4
336420,25.8
336480,25.2
336540,23.6
336600,24.8
336660,25.2
336720,24.6
336780,24.2
336840,25.6
336900,25.2
336960,24.4
337020,26.0
337080,23.8
337140,24.0
337200,25.8
337260,25.4
337320,25.2
337380,25.4
337440,24.6
337500,25.4
337560,24.6
337620,26.0
337680,25.2
337740,24.8
337800,26.2
337860,24.4
337920,24.0
337980,24.0
338040,24.6
338100,26.2
338160,23.8
338220,26.4
338280,23.0
338340,24.4
338400,24.0
338460,25.2
338520,24.0
338580,23.0
338640,24.8
338700,24.4
338760,25.0
338820,24.4
338880,25.0
338940,25.4
339000,23.6
339060,23.6
339120,23.8
339180,24.4
339240,25.2
339300,24.2
339360,23.0
339420,26.4
339480,24.4
339540,23.0
339600,24.8
339660,23.8
339720,24.2
339780,23.6
339840,25.6
339900,24.0
339960,23.8
340020,25.0
340080,24.2
340140,23.2
340200,24.0
340260,24.8
340320,23.8
340380,23.0
340440,23.6
340500,23.2
340560,23.6
340620,24.4
340680,24.4
340740,24.2
340800,24.4
340860,24.4
340920,24.4
340980,23.8
341040,24.0
341100,23.6
341160,23.2
341220,23.8
341280,26.4
341340,25.2
341400,25.6
341460,25.4
341520,23.8
341580,23.6
341640,25.2
341700,25.6
341760,24.4
341820,26.6
341880,25.0
341940,25.0
342000,24.4
342060,25.0
342120,23.6
342180,25.0
342240,24.0
342300,24.8
342360,25.2
342420,24.0
342480,23.6
342540,23.4
342600,22.2
342660,23.4
342720,22.4
342780,23.8
342840,24.0
342900,24.4
342960,24.8
343020,24.6
343080,23.8
343140,24.8
343200,23.6
343260,23.4
343320,23.8
343380,23.8
343440,25.4
343500,24.6
343560,24.4
343620,24.0
343680,25.4
343740,25.4
343800,23.8
343860,22.4
343920,23.8
343980,24.2
344040,22.6
344100,24.2
344160,26.0
344220,24.2
344280,23.6
344340,24.2
344400,24.2
344460,23.4
344520,24.6
344580,24.8
344640,24.0
344700,23.6
344760,24.6
344820,23.8
344880,24.8
344940,23.4
345000,24.2
345060,23.6
345120,23.8
345180,25.2
345240,24.6
345300,26.6
345360,25.8
345420,24.6
345480,24.8
345540,24.2
345600,23.2
345660,24.0
345720,23.4
345780,25.2
345840,24.8
345900,23.4
345960,23.8
346020,25.4
346080,25.8
346140,24.0
346200,23.4
346260,23.8
346320,25.2
346380,23.6
346440,23.0
346500,24.2
346560,23.8
346620,24.4
346680,25.4
346740,24.2
346800,23.6
346860,24.4
346920,24.4
346980,25.0
347040,24.0
347100,23.6
347160,23.0
347220,23.2
347280,23.8
347340,23.6
347400,25.4
347460,25.4
347520,23.8
347580,24.8
347640,24.0
347700,23.8
347760,23.8
347820,22.6
347880,24.4
347940,23.4
348000,23.6
348060,25.2
348120,24.4
348180,23.8
348240,26.0
348300,23.2
348360,23.8
348420,24.2
348480,24.6
348540,24.8
348600,25.2
348660,21.8
348720,24.0
348780,24.0
348840,23.0
348900,24.0
348960,24.4
349020,24.0
349080,23.6
349140,25.2
349200,23.4
349260,24.0
349320,23.6
349380,22.4
349440,23.2
349500,24.4
349560,23.2
349620,23.4
349680,24.2
349740,22.8
349800,25.2
349860,23.6
349920,25.2
349980,24.2
350040,23.2
350100,23.6
350160,25.0
350220,24.2
350280,22.8
350340,23.4
350400,23.4
350460,25.4
350520,24.8
350580,24.4
350640,23.0
350700,24.8
350760,23.6
350820,24.0
350880,24.6
350940,25.4
351000,24.0
351060,23.0
351120,24.0
351180,24.0
351240,24.2
351300,23.8
351360,25.2
351420,22.6
351480,22.8
351540,23.8
351600,25.4
351660,25.0
351720,23.2
351780,23.2
351840,24.0
351900,24.2
351960,24.6
352020,24.6
352080,24.2
352140,24.2
352200,23.0
352260,23.2
352320,23.4
352380,24.2
352440,23.6
352500,26.4
352560,25.2
352620,24.2
352680,25.0
352740,26.0
352800,24.2
352860,24.0
352920,25.2
352980,25.4
353040,26.0
353100,24.2
353160,24.6
353220,25.2
353280,25.6
353340,26.8
353400,26.2
353460,26.0
353520,25.6
353580,25.0
353640,24.8
353700,24.8
353760,25.6
353820,25.6
353880,24.8
353940,24.8
354000,23.4
354060,24.8
354120,25.8
354180,24.0
354240,22.8
354300,25.2
354360,25.0
354420,26.2
354480,24.8
354540,24.6
354600,25.2
354660,24.8
354720,23.8
354780,24.4
354840,24.4
354900,23.6
354960,24.2
355020,24.2
355080,23.6
355140,25.0
355200,24.0
355260,24.0
355320,24.4
355380,24.8
355440,25.8
355500,23.6
355560,25.4
355620,25.4
355680,24.8
355740,24.4
355800,24.2
355860,23.8
355920,24.0
355980,26.0
356040,25.2
356100,26.4
356160,24.8
356220,25.0
356280,25.4
356340,25.2
356400,23.8
356460,24.4
356520,24.6
356580,24.8
356640,25.4
356700,25.0
356760,24.4
356820,25.6
356880,24.4
356940,26.0
357000,25.0
357060,24.2
357120,24.8
357180,25.0
357240,25.2
357300,27.0
357360,24.2
357420,23.8
357480,24.8
357540,24.8
357600,25.8
357660,23.6
357720,24.4
357780,25.6
357840,25.2
357900,25.8
357960,25.2
358020,26.0
358080,23.8
358140,24.0
358200,25.4
358260,22.6
358320,25.2
358380,25.2
358440,24.4
358500,24.4
358560,24.6
358620,24.0
358680,25.0
358740,24.2
358800,24.4
358860,26.0
358920,23.8
358980,24.2
359040,26.0
359100,25.0
359160,24.8
359220,25.6
359280,24.2
359340,25.0
359400,24.2
359460,24.2
359520,23.8
359580,24.4
359640,25.0
359700,24.2
359760,25.4
359820,25.4
359880,25.0
359940,24.2
360000,25.0
