#Steps,score
60,0.8
120,0.8
180,1.0
240,0.4
300,0.6
360,0.2
420,1.8
480,0.4
540,0.6
600,1.0
660,0.6
720,1.8
780,0.6
840,0.8
900,0.8
960,0.4
1020,0.8
1080,0.8
1140,2.4
1200,1.0
1260,1.6
1320,0.4
1380,1.6
1440,0.8
1500,1.4
1560,0.6
1620,1.0
1680,0.8
1740,1.2
1800,1.0
1860,1.0
1920,0.6
1980,0.2
2040,1.4
2100,0.4
2160,1.2
2220,1.0
2280,0.8
2340,0.8
2400,1.6
2460,2.4
2520,0.4
2580,1.4
2640,1.4
2700,1.0
2760,0.6
2820,1.0
2880,1.4
2940,1.4
3000,1.0
3060,0.6
3120,1.4
3180,1.2
3240,1.0
3300,1.4
3360,1.2
3420,0.8
3480,1.2
3540,0.8
3600,0.8
3660,1.2
3720,1.0
3780,2.0
3840,0.8
3900,2.0
3960,1.6
4020,1.4
4080,0.8
4140,1.2
4200,3.0
4260,0.6
4320,0.6
4380,0.8
4440,1.8
4500,1.2
4560,1.0
4620,0.2
4680,1.4
4740,1.4
4800,0.8
4860,1.6
4920,1.4
4980,1.2
5040,2.0
5100,1.6
5160,2.8
5220,0.8
5280,1.0
5340,1.2
5400,0.0
5460,1.8
5520,2.0
5580,0.8
5640,0.6
5700,1.4
5760,1.6
5820,1.2
5880,1.2
5940,2.2
6000,1.0
6060,1.2
6120,1.0
6180,1.4
6240,1.8
6300,1.8
6360,0.6
6420,1.2
6480,0.6
6540,1.0
6600,1.2
6660,1.6
6720,1.6
6780,1.2
6840,1.6
6900,0.8
6960,1.6
7020,1.4
7080,1.4
7140,1.0
7200,1.2
7260,0.6
7320,0.8
7380,1.8
7440,1.4
7500,0.8
7560,1.6
7620,1.0
7680,0.6
7740,0.8
7800,1.4
7860,1.0
7920,1.0
7980,0.8
8040,1.2
8100,1.6
8160,0.8
8220,1.2
8280,1.0
8340,1.4
8400,1.6
8460,0.4
8520,0.6
8580,0.6
8640,1.4
8700,0.4
8760,0.2
8820,1.6
8880,0.8
8940,2.0
9000,1.2
9060,1.4
9120,0.6
9180,0.8
9240,0.4
9300,0.4
9360,1.6
9420,1.2
9480,1.4
9540,1.0
9600,2.2
9660,0.4
9720,2.0
9780,1.0
9840,0.8
9900,0.8
9960,1.8
10020,1.2
10080,1.2
10140,1.4
10200,1.6
10260,1.0
10320,1.2
10380,1.0
10440,1.4
10500,1.0
10560,1.0
10620,1.0
10680,2.2
10740,2.0
10800,1.0
10860,1.6
10920,1.4
10980,1.2
11040,0.6
11100,0.6
11160,1.6
11220,1.2
11280,1.0
11340,1.8
11400,1.2
11460,1.2
11520,1.0
11580,1.2
11640,2.0
11700,1.0
11760,1.6
11820,1.4
11880,1.0
11940,1.2
12000,0.8
12060,0.8
12120,1.4
12180,0.4
12240,1.4
12300,0.8
12360,1.0
12420,1.6
12480,1.4
12540,1.0
12600,1.0
12660,1.4
12720,0.8
12780,1.0
12840,1.6
12900,1.0
12960,1.6
13020,1.6
13080,1.0
13140,1.2
13200,1.0
13260,0.8
13320,1.2
13380,2.0
13440,1.4
13500,1.4
13560,0.4
13620,1.2
13680,0.8
13740,1.4
13800,1.0
13860,1.0
13920,0.4
13980,0.4
14040,1.2
14100,0.8
14160,0.8
14220,1.4
14280,1.0
14340,1.4
14400,0.6
14460,0.8
14520,1.2
14580,0.8
14640,0.8
14700,1.4
14760,2.0
14820,0.8
14880,1.2
14940,1.4
15000,0.6
15060,0.8
15120,1.6
15180,0.8
15240,1.4
15300,0.8
15360,1.4
15420,0.6
15480,0.6
15540,2.0
15600,0.0
15660,0.8
15720,0.4
15780,2.2
15840,2.0
15900,1.8
15960,1.0
16020,0.6
16080,0.4
16140,1.2
16200,2.0
16260,2.2
16320,0.2
16380,1.4
16440,2.4
16500,0.6
16560,1.0
16620,1.2
16680,1.2
16740,1.6
16800,0.6
16860,1.6
16920,1.2
16980,0.8
17040,0.4
17100,2.0
17160,1.8
17220,1.0
17280,1.0
17340,0.8
17400,1.6
17460,0.6
17520,0.8
17580,1.8
17640,1.4
17700,2.4
17760,1.4
17820,1.6
17880,1.6
17940,0.4
18000,2.0
18060,1.4
18120,1.8
18180,0.8
18240,1.6
18300,1.0
18360,0.4
18420,1.4
18480,1.2
18540,3.0
18600,1.4
18660,1.6
18720,1.0
18780,1.0
18840,1.2
18900,0.8
18960,2.2
19020,2.0
19080,1.6
19140,0.6
19200,2.0
19260,1.2
19320,0.4
19380,1.4
19440,1.4
19500,1.8
19560,0.6
19620,1.2
19680,1.2
19740,1.8
19800,1.2
19860,0.8
19920,1.2
19980,2.2
20040,0.8
20100,0.8
20160,1.4
20220,1.2
20280,1.0
20340,1.6
20400,1.6
20460,0.6
20520,1.0
20580,1.2
20640,0.8
20700,0.8
20760,1.2
20820,1.6
20880,0.8
20940,1.2
21000,0.8
21060,2.4
21120,0.6
21180,1.2
21240,1.0
21300,1.0
21360,1.0
21420,1.8
21480,1.0
21540,0.6
21600,2.0
21660,1.4
21720,1.4
21780,0.8
21840,1.4
21900,0.6
21960,1.4
22020,0.6
22080,1.4
22140,1.0
22200,1.8
22260,1.0
22320,1.8
22380,1.0
22440,0.6
22500,1.8
22560,1.8
22620,2.0
22680,1.6
22740,1.6
22800,0.8
22860,1.0
22920,1.0
22980,1.6
23040,1.6
23100,1.2
23160,1.4
23220,1.6
23280,1.0
23340,1.0
23400,1.0
23460,1.2
23520,0.8
23580,1.6
23640,1.4
23700,1.0
23760,0.6
23820,1.2
23880,1.4
23940,1.2
24000,2.0
24060,1.6
24120,1.8
24180,0.8
24240,0.8
24300,1.6
24360,1.6
24420,0.6
24480,0.6
24540,1.2
24600,1.8
24660,0.8
24720,1.2
24780,1.4
24840,0.8
24900,0.4
24960,1.4
25020,1.6
25080,0.8
25140,0.8
25200,1.6
25260,2.0
25320,1.8
25380,1.2
25440,2.2
25500,1.8
25560,1.0
25620,0.8
25680,0.8
25740,2.8
25800,1.4
25860,1.0
25920,1.0
25980,1.0
26040,0.8
26100,1.8
26160,1.2
26220,2.2
26280,1.8
26340,1.6
26400,1.4
26460,1.4
26520,1.6
26580,1.2
26640,0.8
26700,1.6
26760,2.2
26820,1.4
26880,0.8
26940,2.2
27000,1.0
27060,1.8
27120,1.8
27180,1.4
27240,2.0
27300,1.2
27360,1.8
27420,1.2
27480,1.4
27540,1.8
27600,2.0
27660,2.8
27720,1.6
27780,0.6
27840,1.8
27900,2.2
27960,2.6
28020,2.0
28080,1.2
28140,1.6
28200,1.6
28260,2.2
28320,1.8
28380,2.0
28440,1.0
28500,1.4
28560,1.6
28620,0.6
28680,0.6
28740,2.4
28800,0.4
28860,1.0
28920,1.4
28980,0.6
29040,1.0
29100,1.8
29160,1.6
29220,1.2
29280,1.4
29340,1.8
29400,1.8
29460,1.0
29520,1.8
29580,1.6
29640,2.4
29700,0.8
29760,1.4
29820,1.8
29880,1.6
29940,1.8
30000,1.2
30060,0.8
30120,1.8
30180,0.4
30240,1.4
30300,1.6
30360,1.6
30420,1.8
30480,1.0
30540,1.4
30600,1.8
30660,0.6
30720,1.4
30780,1.6
30840,0.6
30900,2.6
30960,2.2
31020,3.0
31080,1.6
31140,1.8
31200,0.6
31260,0.2
31320,0.8
31380,1.0
31440,1.6
31500,0.8
31560,1.0
31620,1.4
31680,0.8
31740,1.4
31800,1.2
31860,0.8
31920,1.8
31980,0.4
32040,1.2
32100,1.0
32160,1.6
32220,2.4
32280,1.0
32340,1.6
32400,2.0
32460,2.0
32520,1.6
32580,1.0
32640,1.8
32700,1.0
32760,2.0
32820,1.4
32880,1.8
32940,1.2
33000,1.6
33060,1.6
33120,1.8
33180,1.4
33240,2.0
33300,2.0
33360,1.2
33420,2.0
33480,1.4
33540,1.4
33600,1.0
33660,2.4
33720,2.4
33780,1.4
33840,0.6
33900,1.4
33960,1.2
34020,1.2
34080,1.0
34140,2.0
34200,1.0
34260,2.0
34320,2.0
34380,0.4
34440,1.4
34500,1.2
34560,2.0
34620,2.0
34680,1.0
34740,1.8
34800,1.8
34860,1.2
34920,1.8
34980,1.6
35040,1.4
35100,1.2
35160,1.0
35220,2.0
35280,1.8
35340,1.4
35400,1.4
35460,1.6
35520,1.2
35580,1.6
35640,1.8
35700,1.8
35760,1.4
35820,1.0
35880,0.8
35940,1.0
36000,1.4
36060,1.2
36120,1.8
36180,2.0
36240,1.2
36300,2.0
36360,1.6
36420,1.6
36480,1.0
36540,1.2
36600,1.2
36660,1.2
36720,1.6
36780,0.6
36840,1.0
36900,1.2
36960,1.2
37020,1.6
37080,2.2
37140,1.2
37200,0.8
37260,0.8
37320,2.0
37380,1.0
37440,1.4
37500,1.6
37560,2.4
37620,1.6
37680,1.6
37740,0.2
37800,0.8
37860,1.6
37920,1.6
37980,1.4
38040,1.4
38100,2.2
38160,2.2
38220,2.2
38280,2.2
38340,2.4
38400,0.8
38460,1.0
38520,1.6
38580,1.2
38640,1.8
38700,1.6
38760,0.8
38820,2.0
38880,2.0
38940,0.4
39000,2.0
39060,1.0
39120,2.2
39180,1.2
39240,1.0
39300,2.0
39360,2.0
39420,1.6
39480,1.2
39540,0.6
39600,2.4
39660,2.0
39720,0.8
39780,0.6
39840,1.6
39900,1.4
39960,2.0
40020,1.0
40080,1.2
40140,2.4
40200,2.4
40260,1.6
40320,1.4
40380,1.2
40440,1.8
40500,1.6
40560,1.0
40620,0.6
40680,1.2
40740,1.0
40800,1.4
40860,1.0
40920,2.4
40980,1.0
41040,0.6
41100,1.0
41160,2.2
41220,1.6
41280,0.6
41340,1.4
41400,1.2
41460,1.4
41520,1.4
41580,0.0
41640,1.6
41700,0.8
41760,1.4
41820,2.2
41880,2.0
41940,0.6
42000,1.4
42060,1.0
42120,1.8
42180,1.8
42240,1.6
42300,1.2
42360,1.6
42420,2.2
42480,1.0
42540,1.0
42600,2.4
42660,1.4
42720,1.4
42780,2.0
42840,1.8
42900,1.2
42960,1.4
43020,1.8
43080,0.6
43140,1.4
43200,0.8
43260,1.8
43320,2.4
43380,1.6
43440,1.6
43500,2.4
43560,1.0
43620,1.8
43680,2.0
43740,2.0
43800,1.4
43860,0.6
43920,1.0
43980,1.6
44040,2.2
44100,1.2
44160,1.8
44220,2.6
44280,1.8
44340,1.8
44400,1.8
44460,1.6
44520,2.2
44580,1.4
44640,2.0
44700,1.4
44760,1.0
44820,0.8
44880,2.0
44940,0.6
45000,0.0
45060,0.4
45120,1.8
45180,1.4
45240,2.0
45300,1.0
45360,0.4
45420,1.8
45480,1.6
45540,0.8
45600,1.0
45660,1.8
45720,1.2
45780,1.2
45840,1.8
45900,1.6
45960,0.6
46020,1.4
46080,0.4
46140,1.6
46200,1.8
46260,1.6
46320,0.6
46380,2.0
46440,1.6
46500,2.2
46560,1.4
46620,1.4
46680,1.8
46740,1.6
46800,1.8
46860,1.0
46920,1.6
46980,0.8
47040,1.6
47100,1.8
47160,1.6
47220,1.2
47280,1.2
47340,1.0
47400,2.2
47460,1.2
47520,1.0
47580,2.2
47640,1.4
47700,1.8
47760,1.8
47820,1.6
47880,1.4
47940,1.2
48000,2.0
48060,2.4
48120,1.6
48180,2.4
48240,2.0
48300,1.8
48360,1.0
48420,2.8
48480,1.6
48540,1.2
48600,1.2
48660,1.0
48720,0.8
48780,1.6
48840,1.4
48900,2.4
48960,0.8
49020,2.0
49080,1.6
49140,1.2
49200,1.2
49260,1.4
49320,2.0
49380,1.4
49440,2.0
49500,1.8
49560,1.0
49620,1.8
49680,1.6
49740,1.0
49800,2.2
49860,0.6
49920,1.6
49980,2.0
50040,1.2
50100,1.0
50160,1.6
50220,0.6
50280,1.4
50340,2.0
50400,1.8
50460,1.4
50520,1.0
50580,1.0
50640,1.0
50700,2.4
50760,1.0
50820,1.0
50880,1.8
50940,1.6
51000,1.6
51060,0.8
51120,2.2
51180,1.8
51240,1.6
51300,1.0
51360,1.4
51420,1.4
51480,1.8
51540,1.8
51600,1.0
51660,2.0
51720,2.0
51780,2.0
51840,1.8
51900,2.4
51960,2.2
52020,2.4
52080,1.2
52140,2.2
52200,1.0
52260,1.2
52320,2.4
52380,2.6
52440,3.6
52500,1.4
52560,1.4
52620,2.0
52680,1.0
52740,1.8
52800,1.6
52860,1.6
52920,1.6
52980,1.2
53040,2.2
53100,1.6
53160,2.2
53220,2.0
53280,1.8
53340,2.4
53400,1.0
53460,2.4
53520,0.8
53580,2.6
53640,2.8
53700,3.0
53760,2.6
53820,1.6
53880,1.4
53940,1.4
54000,1.2
54060,1.2
54120,1.8
54180,1.8
54240,1.4
54300,3.0
54360,2.8
54420,2.0
54480,1.4
54540,1.4
54600,1.8
54660,1.2
54720,1.2
54780,2.6
54840,2.2
54900,1.0
54960,3.2
55020,1.0
55080,2.4
55140,2.2
55200,1.0
55260,1.8
55320,1.8
55380,2.0
55440,2.0
55500,0.8
55560,2.0
55620,2.2
55680,2.0
55740,2.4
55800,2.6
55860,1.8
55920,2.2
55980,0.8
56040,2.0
56100,1.4
56160,2.0
56220,2.0
56280,1.6
56340,1.2
56400,3.6
56460,2.4
56520,2.2
56580,1.8
56640,1.8
56700,2.4
56760,1.4
56820,1.6
56880,2.6
56940,2.4
57000,1.8
57060,2.6
57120,1.0
57180,1.8
57240,2.0
57300,2.8
57360,2.0
57420,1.2
57480,2.0
57540,3.2
57600,1.8
57660,2.2
57720,1.6
57780,2.4
57840,2.2
57900,0.8
57960,1.6
58020,3.2
58080,1.8
58140,1.6
58200,2.2
58260,2.4
58320,1.0
58380,2.4
58440,2.0
58500,1.4
58560,1.2
58620,1.6
58680,2.2
58740,1.8
58800,2.2
58860,2.0
58920,1.0
58980,1.4
59040,2.0
59100,2.2
59160,3.0
59220,1.8
59280,2.6
59340,2.4
59400,1.4
59460,2.4
59520,2.4
59580,2.6
59640,2.0
59700,1.8
59760,1.6
59820,2.0
59880,2.8
59940,1.8
60000,2.2
60060,1.2
60120,1.6
60180,1.4
60240,1.6
60300,1.8
60360,1.6
60420,1.6
60480,2.0
60540,2.4
60600,2.0
60660,3.2
60720,2.2
60780,1.8
60840,2.2
60900,2.4
60960,2.2
61020,2.4
61080,1.2
61140,1.0
61200,2.6
61260,1.6
61320,2.4
61380,2.0
61440,2.8
61500,2.0
61560,1.8
61620,1.2
61680,2.2
61740,3.8
61800,2.0
61860,2.0
61920,1.4
61980,1.4
62040,1.8
62100,1.4
62160,2.0
62220,2.2
62280,2.0
62340,3.4
62400,2.8
62460,2.4
62520,2.8
62580,2.8
62640,2.0
62700,2.4
62760,2.0
62820,2.8
62880,2.2
62940,2.8
63000,1.6
63060,1.8
63120,2.4
63180,2.0
63240,3.4
63300,2.4
63360,2.4
63420,2.4
63480,2.8
63540,1.8
63600,2.0
63660,2.8
63720,1.8
63780,2.6
63840,2.2
63900,1.4
63960,2.4
64020,2.2
64080,1.4
64140,2.8
64200,2.8
64260,2.8
64320,1.2
64380,3.4
64440,1.4
64500,1.8
64560,1.6
64620,3.0
64680,1.0
64740,2.4
64800,2.4
64860,2.2
64920,2.8
64980,2.8
65040,2.8
65100,2.2
65160,2.8
65220,2.2
65280,1.8
65340,2.0
65400,2.0
65460,2.8
65520,2.0
65580,2.0
65640,2.4
65700,2.0
65760,3.4
65820,1.4
65880,3.2
65940,1.6
66000,2.6
66060,2.4
66120,2.0
66180,2.0
66240,2.4
66300,1.6
66360,2.8
66420,1.8
66480,2.2
66540,1.6
66600,2.0
66660,2.8
66720,2.6
66780,2.6
66840,1.8
66900,2.0
66960,2.4
67020,2.8
67080,3.0
67140,1.8
67200,1.4
67260,2.8
67320,2.0
67380,1.6
67440,2.4
67500,1.2
67560,2.6
67620,2.4
67680,2.2
67740,1.2
67800,1.4
67860,1.2
67920,1.6
67980,1.6
68040,1.8
68100,1.8
68160,2.2
68220,2.0
68280,1.8
68340,1.8
68400,1.6
68460,1.8
68520,3.2
68580,2.0
68640,2.0
68700,1.8
68760,2.0
68820,2.8
68880,2.0
68940,2.6
69000,2.8
69060,1.8
69120,2.8
69180,2.8
69240,2.4
69300,2.6
69360,1.4
69420,2.2
69480,1.4
69540,2.2
69600,1.8
69660,1.4
69720,2.2
69780,1.2
69840,2.2
69900,1.2
69960,1.4
70020,2.0
70080,2.0
70140,1.6
70200,2.2
70260,1.4
70320,0.8
70380,2.2
70440,1.0
70500,2.8
70560,3.4
70620,2.0
70680,2.0
70740,1.6
70800,1.8
70860,1.8
70920,2.4
70980,2.2
71040,2.6
71100,2.6
71160,2.6
71220,2.0
71280,1.4
71340,2.0
71400,2.8
71460,1.8
71520,2.4
71580,2.4
71640,2.8
71700,2.8
71760,2.8
71820,1.4
71880,2.6
71940,2.2
72000,3.2
72060,3.0
72120,1.0
72180,2.0
72240,1.8
72300,2.6
72360,2.8
72420,2.2
72480,2.0
72540,0.6
72600,2.0
72660,2.8
72720,2.0
72780,2.4
72840,2.4
72900,1.4
72960,2.6
73020,2.0
73080,2.2
73140,1.2
73200,1.2
73260,3.0
73320,2.8
73380,2.6
73440,1.2
73500,2.2
73560,1.2
73620,1.6
73680,2.4
73740,2.2
73800,1.6
73860,2.2
73920,1.4
73980,2.8
74040,1.8
74100,3.2
74160,2.0
74220,0.8
74280,1.8
74340,1.4
74400,1.2
74460,1.6
74520,1.8
74580,2.4
74640,3.2
74700,3.2
74760,1.8
74820,2.2
74880,2.6
74940,2.0
75000,2.0
75060,1.6
75120,1.8
75180,1.2
75240,1.6
75300,2.6
75360,2.4
75420,1.6
75480,0.8
75540,2.0
75600,2.2
75660,2.0
75720,2.2
75780,2.2
75840,2.4
75900,1.6
75960,2.6
76020,3.4
76080,2.0
76140,2.2
76200,3.0
76260,2.0
76320,2.0
76380,2.4
76440,3.4
76500,3.0
76560,2.4
76620,2.2
76680,2.6
76740,3.0
76800,1.2
76860,2.4
76920,2.0
76980,2.8
77040,2.6
77100,3.0
77160,2.0
77220,2.0
77280,3.2
77340,2.6
77400,2.4
77460,2.6
77520,1.8
77580,2.6
77640,2.8
77700,1.6
77760,2.8
77820,1.8
77880,2.0
77940,2.2
78000,2.0
78060,1.8
78120,3.0
78180,2.0
78240,2.6
78300,2.8
78360,2.6
78420,2.8
78480,3.0
78540,2.6
78600,3.4
78660,2.6
78720,2.4
78780,3.2
78840,2.6
78900,1.0
78960,2.2
79020,3.6
79080,3.2
79140,1.0
79200,3.0
79260,2.2
79320,2.4
79380,1.4
79440,2.0
79500,1.2
79560,2.8
79620,1.6
79680,3.4
79740,4.0
79800,2.2
79860,2.2
79920,3.6
79980,3.4
80040,3.8
80100,2.8
80160,3.0
80220,2.6
80280,3.4
80340,4.0
80400,5.6
80460,4.2
80520,5.0
80580,4.0
80640,3.8
80700,2.8
80760,3.2
80820,3.2
80880,2.6
80940,4.2
81000,2.8
81060,4.6
81120,3.4
81180,4.2
81240,5.0
81300,7.0
81360,4.0
81420,4.8
81480,4.0
81540,4.8
81600,6.6
81660,9.4
81720,10.0
81780,10.6
81840,12.8
81900,14.0
81960,17.6
82020,18.8
82080,21.0
82140,23.8
82200,24.6
82260,24.6
82320,24.4
82380,24.0
82440,24.0
82500,22.4
82560,21.4
82620,20.8
82680,19.8
82740,19.6
82800,21.6
82860,21.0
82920,21.6
82980,20.6
83040,20.6
83100,20.0
83160,19.6
83220,19.6
83280,20.6
83340,21.2
83400,19.8
83460,18.6
83520,20.0
83580,20.0
83640,20.0
83700,18.8
83760,19.6
83820,20.2
83880,19.4
83940,19.2
84000,19.0
84060,20.8
84120,21.8
84180,20.2
84240,20.6
84300,19.2
84360,21.0
84420,20.8
84480,21.4
84540,20.4
84600,22.2
84660,21.4
84720,23.2
84780,24.6
84840,24.4
84900,21.0
84960,24.6
85020,22.4
85080,22.8
85140,23.4
85200,22.8
85260,23.0
85320,22.0
85380,22.2
85440,21.0
85500,22.2
85560,21.0
85620,22.4
85680,21.0
85740,23.4
85800,22.8
85860,20.8
85920,22.0
85980,22.4
86040,21.4
86100,23.6
86160,24.0
86220,22.8
86280,23.8
86340,23.8
86400,22.6
86460,23.0
86520,23.6
86580,22.8
86640,23.4
86700,23.4
86760,22.4
86820,24.2
86880,23.8
86940,22.6
87000,24.2
87060,24.4
87120,23.4
87180,22.0
87240,23.8
87300,24.0
87360,24.0
87420,23.2
87480,22.8
87540,22.8
87600,22.6
87660,22.6
87720,21.0
87780,23.6
87840,21.4
87900,22.8
87960,23.6
88020,23.0
88080,23.4
88140,22.8
88200,24.2
88260,23.8
88320,23.4
88380,21.2
88440,23.2
88500,24.4
88560,22.4
88620,23.6
88680,24.6
88740,23.4
88800,24.2
88860,23.6
88920,24.0
88980,25.2
89040,24.6
89100,24.8
89160,24.0
89220,23.2
89280,25.4
89340,23.6
89400,23.8
89460,25.0
89520,23.0
89580,24.6
89640,24.0
89700,23.6
89760,23.8
89820,23.6
89880,21.8
89940,23.4
90000,22.2
90060,24.2
90120,23.8
90180,22.2
90240,24.6
90300,22.6
90360,23.4
90420,23.8
90480,24.4
90540,22.8
90600,22.6
90660,23.2
90720,24.0
90780,24.6
90840,23.8
90900,22.8
90960,24.8
91020,23.4
91080,23.8
91140,24.0
91200,23.4
91260,24.6
91320,24.2
91380,25.0
91440,25.2
91500,23.2
91560,24.6
91620,25.8
91680,23.8
91740,24.6
91800,24.2
91860,22.4
91920,22.2
91980,22.8
92040,24.4
92100,22.2
92160,25.0
92220,23.8
92280,23.0
92340,23.2
92400,22.6
92460,22.2
92520,24.4
92580,23.8
92640,23.8
92700,24.4
92760,24.2
92820,25.2
92880,23.4
92940,25.8
93000,23.6
93060,24.6
93120,25.4
93180,24.0
93240,23.2
93300,24.2
93360,23.8
93420,24.8
93480,24.4
93540,22.6
93600,21.6
93660,22.4
93720,22.8
93780,22.6
93840,22.0
93900,21.8
93960,22.4
94020,22.6
94080,22.0
94140,21.6
94200,22.8
94260,23.0
94320,24.2
94380,22.2
94440,23.4
94500,21.6
94560,22.0
94620,22.0
94680,23.2
94740,22.8
94800,23.6
94860,21.6
94920,22.8
94980,23.4
95040,23.2
95100,21.6
95160,25.6
95220,23.4
95280,22.6
95340,25.0
95400,24.6
95460,23.6
95520,23.6
95580,23.8
95640,25.2
95700,23.8
95760,23.8
95820,24.0
95880,24.4
95940,23.6
96000,23.4
96060,23.6
96120,23.8
96180,23.4
96240,25.8
96300,25.0
96360,24.8
96420,24.2
96480,23.0
96540,23.6
96600,23.8
96660,24.4
96720,23.2
96780,24.6
96840,23.8
96900,24.0
96960,22.0
97020,23.8
97080,22.2
97140,24.8
97200,24.2
97260,24.4
97320,24.6
97380,25.6
97440,23.2
97500,24.0
97560,25.2
97620,25.8
97680,24.4
97740,24.8
97800,23.6
97860,24.0
97920,25.0
97980,24.4
98040,23.8
98100,24.6
98160,23.8
98220,23.8
98280,23.4
98340,23.2
98400,25.0
98460,24.8
98520,23.8
98580,24.4
98640,24.2
98700,24.0
98760,25.4
98820,23.8
98880,24.2
98940,24.0
99000,22.6
99060,24.6
99120,23.8
99180,23.2
99240,25.0
99300,24.8
99360,22.6
99420,24.4
99480,24.2
99540,23.2
99600,24.6
99660,23.2
99720,24.4
99780,25.8
99840,24.2
99900,24.2
99960,23.6
100020,23.8
100080,24.4
100140,25.0
100200,25.2
100260,24.8
100320,24.4
100380,24.0
100440,23.4
100500,25.6
100560,23.0
100620,24.4
100680,23.2
100740,23.0
100800,24.0
100860,25.8
100920,24.2
100980,24.6
101040,24.6
101100,23.6
101160,24.0
101220,23.8
101280,23.2
101340,25.0
101400,23.8
101460,23.6
101520,23.0
101580,23.6
101640,23.6
101700,24.2
101760,24.4
101820,25.0
101880,25.0
101940,24.0
102000,23.8
102060,24.2
102120,23.8
102180,25.0
102240,24.6
102300,24.0
102360,23.0
102420,24.6
102480,24.6
102540,24.0
102600,23.6
102660,24.6
102720,24.8
102780,24.2
102840,25.4
102900,24.4
102960,24.6
103020,24.8
103080,24.6
103140,25.2
103200,24.6
103260,23.4
103320,24.4
103380,25.4
103440,24.0
103500,24.0
103560,23.4
103620,24.2
103680,24.0
103740,26.0
103800,24.4
103860,23.2
103920,24.6
103980,22.8
104040,21.0
104100,24.0
104160,23.0
104220,22.4
104280,21.6
104340,21.8
104400,23.2
104460,22.4
104520,23.2
104580,23.6
104640,22.4
104700,26.0
104760,23.6
104820,24.4
104880,24.2
104940,24.6
105000,24.0
105060,24.2
105120,23.6
105180,24.0
105240,23.0
105300,24.6
105360,26.6
105420,25.4
105480,26.2
105540,25.6
105600,24.0
105660,24.2
105720,24.8
105780,23.2
105840,23.4
105900,24.2
105960,23.2
106020,23.6
106080,24.4
106140,24.6
106200,23.4
106260,24.0
106320,25.0
106380,23.4
106440,25.4
106500,23.4
106560,23.2
106620,24.4
106680,22.8
106740,23.4
106800,25.0
106860,23.4
106920,24.4
106980,25.2
107040,23.2
107100,23.8
107160,23.0
107220,23.4
107280,23.2
107340,24.2
107400,23.8
107460,23.0
107520,23.8
107580,22.4
107640,23.6
107700,24.2
107760,24.4
107820,23.6
107880,25.2
107940,24.6
108000,24.8
108060,24.2
108120,24.8
108180,23.4
108240,24.2
108300,24.2
108360,24.2
108420,24.4
108480,24.6
108540,23.8
108600,26.0
108660,25.6
108720,24.6
108780,25.0
108840,23.4
108900,25.6
108960,23.6
109020,24.8
109080,24.8
109140,24.6
109200,23.0
109260,22.8
109320,24.6
109380,23.6
109440,24.8
109500,24.6
109560,24.4
109620,26.0
109680,24.0
109740,23.8
109800,24.2
109860,23.8
109920,26.2
109980,25.0
110040,23.6
110100,23.8
110160,23.0
110220,23.0
110280,23.8
110340,21.4
110400,23.2
110460,25.2
110520,22.8
110580,24.0
110640,23.4
110700,22.6
110760,21.6
110820,22.6
110880,24.2
110940,22.6
111000,23.0
111060,23.0
111120,22.2
111180,22.2
111240,24.0
111300,22.6
111360,21.8
111420,21.8
111480,22.4
111540,23.6
111600,22.6
111660,22.6
111720,23.6
111780,22.8
111840,24.2
111900,25.4
111960,24.2
112020,23.8
112080,23.8
112140,23.0
112200,24.8
112260,22.6
112320,22.8
112380,24.4
112440,22.6
112500,24.2
112560,23.6
112620,23.6
112680,24.0
112740,23.8
112800,24.4
112860,23.8
112920,23.2
112980,23.0
113040,24.0
113100,23.8
113160,23.2
113220,23.0
113280,23.8
113340,23.6
113400,24.2
113460,25.2
113520,25.8
113580,23.4
113640,23.6
113700,23.2
113760,24.6
113820,25.6
113880,24.2
113940,24.8
114000,24.6
114060,26.2
114120,23.0
114180,24.2
114240,24.4
114300,24.4
114360,24.2
114420,24.4
114480,25.2
114540,23.6
114600,24.4
114660,25.6
114720,24.8
114780,25.8
114840,26.8
114900,25.6
114960,24.4
115020,25.4
115080,24.6
115140,24.6
115200,24.2
115260,23.4
115320,25.2
115380,25.6
115440,24.6
115500,24.8
115560,24.0
115620,24.6
115680,23.6
115740,24.2
115800,25.8
115860,23.2
115920,26.0
115980,24.4
116040,25.6
116100,26.2
116160,26.0
116220,25.4
116280,22.4
116340,26.2
116400,26.2
116460,23.4
116520,24.8
116580,25.6
116640,24.8
116700,24.6
116760,25.6
116820,25.0
116880,25.2
116940,23.8
117000,24.6
117060,24.6
117120,25.8
117180,24.8
117240,24.4
117300,25.0
117360,25.4
117420,24.4
117480,24.0
117540,24.4
117600,24.4
117660,24.6
117720,24.2
117780,24.0
117840,23.6
117900,24.0
117960,24.0
118020,25.0
118080,23.4
118140,24.6
118200,23.6
118260,24.8
118320,23.4
118380,24.0
118440,23.8
118500,23.4
118560,22.6
118620,24.2
118680,23.4
118740,23.4
118800,23.6
118860,23.4
118920,26.0
118980,24.6
119040,23.8
119100,24.6
119160,23.6
119220,23.4
119280,24.6
119340,24.2
119400,24.4
119460,24.0
119520,24.2
119580,25.6
119640,24.0
119700,24.2
119760,25.2
119820,25.2
119880,24.8
119940,25.4
120000,25.6
120060,25.4
120120,26.6
120180,24.8
120240,25.2
120300,25.6
120360,24.2
120420,25.2
120480,24.6
120540,23.6
120600,24.2
120660,24.6
120720,24.4
120780,23.8
120840,25.4
120900,23.4
120960,24.2
121020,24.4
121080,22.2
121140,23.2
121200,23.8
121260,23.2
121320,24.0
121380,23.2
121440,24.0
121500,23.8
121560,23.6
121620,22.4
121680,24.0
121740,24.0
121800,24.2
121860,23.4
121920,22.4
121980,25.6
122040,23.8
122100,25.0
122160,24.6
122220,24.6
122280,24.8
122340,23.6
122400,24.8
122460,25.0
122520,23.8
122580,25.2
122640,25.0
122700,24.4
122760,25.2
122820,24.4
122880,25.0
122940,24.8
123000,25.4
123060,25.8
123120,24.2
123180,25.0
123240,25.8
123300,25.2
123360,24.6
123420,26.2
123480,25.0
123540,24.8
123600,24.6
123660,23.8
123720,25.8
123780,24.8
123840,24.6
123900,25.8
123960,23.2
124020,25.6
124080,26.0
124140,23.8
124200,25.0
124260,24.6
124320,26.2
124380,25.0
124440,24.4
124500,24.2
124560,24.4
124620,23.8
124680,25.4
124740,24.4
124800,25.4
124860,24.4
124920,24.6
124980,25.8
125040,24.6
125100,26.0
125160,25.4
125220,25.2
125280,24.6
125340,25.6
125400,26.2
125460,26.4
125520,25.8
125580,23.8
125640,24.4
125700,24.4
125760,23.6
125820,26.0
125880,25.6
125940,24.4
126000,25.0
126060,25.6
126120,25.0
126180,25.2
126240,24.0
126300,24.8
126360,25.2
126420,25.2
126480,26.4
126540,25.8
126600,24.6
126660,24.6
126720,25.4
126780,25.2
126840,25.0
126900,25.8
126960,24.4
127020,24.2
127080,25.6
127140,24.8
127200,25.0
127260,23.6
127320,25.0
127380,26.4
127440,26.0
127500,24.4
127560,25.0
127620,25.6
127680,25.6
127740,24.6
127800,25.6
127860,26.0
127920,25.4
127980,25.0
128040,25.4
128100,26.6
128160,25.2
128220,24.8
128280,25.8
128340,24.2
128400,26.4
128460,25.6
128520,24.4
128580,26.2
128640,25.2
128700,24.6
128760,24.8
128820,24.2
128880,24.6
128940,24.4
129000,25.4
129060,25.8
129120,25.0
129180,25.2
129240,24.4
129300,23.2
129360,23.6
129420,25.6
129480,24.8
129540,24.6
129600,25.0
129660,25.6
129720,25.0
129780,25.0
129840,25.0
129900,24.4
129960,25.0
130020,23.6
130080,24.8
130140,26.8
130200,25.6
130260,25.8
130320,24.6
130380,23.6
130440,27.6
130500,25.2
130560,26.8
130620,25.0
130680,25.6
130740,25.0
130800,25.0
130860,25.0
130920,25.2
130980,25.4
131040,24.8
131100,26.2
131160,24.4
131220,25.8
131280,25.2
131340,25.2
131400,23.6
131460,24.8
131520,24.6
131580,25.2
131640,24.6
131700,24.0
131760,25.8
131820,25.4
131880,25.4
131940,24.8
132000,23.6
132060,25.2
132120,25.8
132180,23.8
132240,25.6
132300,24.6
132360,24.8
132420,25.4
132480,24.8
132540,26.0
132600,26.2
132660,25.0
132720,24.8
132780,24.6
132840,25.6
132900,26.4
132960,25.6
133020,24.2
133080,26.4
133140,25.6
133200,25.2
133260,26.4
133320,25.6
133380,25.6
133440,25.8
133500,25.0
133560,24.2
133620,25.6
133680,24.8
133740,25.0
133800,27.0
133860,24.6
133920,24.4
133980,25.2
134040,25.6
134100,26.6
134160,24.8
134220,24.8
134280,24.6
134340,25.4
134400,24.6
134460,24.6
134520,25.2
134580,25.8
134640,24.2
134700,24.4
134760,26.2
134820,23.4
134880,25.4
134940,25.6
135000,24.2
135060,24.8
135120,22.8
135180,25.2
135240,23.8
135300,26.4
135360,25.0
135420,25.0
135480,24.4
135540,25.4
135600,25.0
135660,25.0
135720,24.8
135780,25.6
135840,24.0
135900,26.0
135960,24.8
136020,24.8
136080,23.8
136140,24.2
136200,25.6
136260,27.2
136320,25.6
136380,25.0
136440,25.4
136500,25.0
136560,23.8
136620,26.0
136680,25.6
136740,26.2
136800,24.4
136860,25.6
136920,25.4
136980,25.4
137040,25.2
137100,24.0
137160,25.6
137220,25.4
137280,25.6
137340,26.8
137400,25.6
137460,23.2
137520,24.2
137580,25.6
137640,25.6
137700,25.2
137760,24.6
137820,25.8
137880,25.6
137940,25.8
138000,25.2
138060,24.6
138120,24.0
138180,26.4
138240,24.6
138300,25.2
138360,25.2
138420,24.8
138480,24.6
138540,25.2
138600,24.4
138660,25.0
138720,25.0
138780,24.2
138840,24.4
138900,25.4
138960,23.8
139020,25.6
139080,25.4
139140,26.2
139200,23.6
139260,25.8
139320,24.6
139380,24.8
139440,23.8
139500,24.8
139560,25.6
139620,24.2
139680,23.8
139740,25.6
139800,23.8
139860,23.6
139920,24.2
139980,25.6
140040,26.0
140100,24.8
140160,26.2
140220,24.2
140280,25.8
140340,25.8
140400,23.6
140460,24.2
140520,25.2
140580,25.4
140640,26.2
140700,24.8
140760,25.4
140820,23.8
140880,25.0
140940,25.2
141000,24.8
141060,24.2
141120,26.2
141180,25.6
141240,26.0
141300,23.6
141360,25.8
141420,25.8
141480,25.0
141540,25.6
141600,26.4
141660,25.2
141720,24.4
141780,27.2
141840,26.6
141900,26.6
141960,23.8
142020,25.4
142080,25.0
142140,26.2
142200,25.4
142260,25.0
142320,26.0
142380,25.6
142440,24.6
142500,25.0
142560,25.2
142620,24.4
142680,25.4
142740,25.2
142800,24.8
142860,26.6
142920,24.2
142980,26.2
143040,24.6
143100,25.0
143160,25.6
143220,24.6
143280,25.8
143340,25.0
143400,25.0
143460,25.6
143520,25.4
143580,24.8
143640,25.2
143700,25.4
143760,24.2
143820,25.4
143880,24.2
143940,24.8
144000,25.8
144060,25.4
144120,25.2
144180,24.6
144240,25.2
144300,25.8
144360,23.6
144420,25.8
144480,25.4
144540,26.0
144600,25.0
144660,24.4
144720,24.6
144780,25.0
144840,25.4
144900,25.6
144960,23.6
145020,27.0
145080,24.6
145140,23.8
145200,26.2
145260,24.6
145320,25.0
145380,24.0
145440,25.4
145500,26.0
145560,26.2
145620,25.4
145680,24.6
145740,25.4
145800,25.8
145860,23.8
145920,25.2
145980,24.8
146040,23.6
146100,25.8
146160,26.0
146220,26.8
146280,24.2
146340,25.4
146400,24.2
146460,24.0
146520,24.2
146580,26.0
146640,24.0
146700,24.6
146760,25.0
146820,25.2
146880,25.2
146940,25.6
147000,24.8
147060,24.6
147120,24.4
147180,24.4
147240,24.8
147300,23.2
147360,24.4
147420,25.6
147480,25.2
147540,25.4
147600,24.4
147660,24.8
147720,23.8
147780,24.4
147840,25.8
147900,26.6
147960,25.2
148020,26.4
148080,25.2
148140,25.0
148200,24.6
148260,24.8
148320,25.2
148380,23.8
148440,25.2
148500,24.4
148560,26.4
148620,25.4
148680,25.8
148740,25.8
148800,25.6
148860,25.4
148920,24.4
148980,25.4
149040,25.2
149100,25.2
149160,25.2
149220,26.0
149280,25.2
149340,24.4
149400,23.6
149460,23.8
149520,24.2
149580,24.4
149640,25.6
149700,26.0
149760,24.2
149820,26.6
149880,25.6
149940,26.0
150000,24.6
150060,24.8
150120,24.8
150180,24.8
150240,26.0
150300,24.8
150360,25.2
150420,25.4
150480,25.6
150540,25.0
150600,25.0
150660,26.6
150720,24.0
150780,25.0
150840,25.8
150900,25.6
150960,25.0
151020,24.6
151080,24.0
151140,25.0
151200,25.4
151260,23.4
151320,24.8
151380,26.4
151440,25.4
151500,24.6
151560,23.8
151620,25.4
151680,23.6
151740,25.0
151800,24.8
151860,25.8
151920,25.2
151980,23.6
152040,24.8
152100,24.8
152160,25.4
152220,24.2
152280,25.0
152340,23.0
152400,25.2
152460,25.4
152520,25.0
152580,24.4
152640,24.8
152700,24.6
152760,23.6
152820,24.4
152880,23.6
152940,25.6
153000,24.8
153060,25.6
153120,23.0
153180,25.4
153240,24.4
153300,24.6
153360,23.2
153420,23.2
153480,21.4
153540,22.4
153600,22.2
153660,22.0
153720,22.8
153780,22.6
153840,19.2
153900,20.8
153960,19.6
154020,20.8
154080,20.8
154140,21.4
154200,19.2
154260,20.0
154320,21.8
154380,21.0
154440,21.6
154500,21.4
154560,23.8
154620,22.2
154680,22.2
154740,22.4
154800,23.0
154860,23.2
154920,23.6
154980,24.0
155040,23.8
155100,23.6
155160,25.2
155220,26.0
155280,24.6
155340,25.2
155400,23.6
155460,24.6
155520,24.8
155580,26.0
155640,24.0
155700,23.6
155760,24.0
155820,23.8
155880,24.6
155940,23.6
156000,24.8
156060,22.8
156120,22.8
156180,23.4
156240,23.6
156300,23.0
156360,23.4
156420,23.0
156480,24.2
156540,23.2
156600,22.6
156660,23.8
156720,24.8
156780,22.6
156840,23.8
156900,24.4
156960,23.0
157020,22.6
157080,24.2
157140,24.8
157200,23.2
157260,24.2
157320,24.6
157380,24.2
157440,24.8
157500,24.0
157560,24.6
157620,25.0
157680,25.6
157740,23.8
157800,23.0
157860,24.2
157920,24.8
157980,24.8
158040,22.8
158100,24.4
158160,24.0
158220,25.4
158280,24.4
158340,24.6
158400,24.4
158460,25.2
158520,25.6
158580,23.8
158640,23.8
158700,25.4
158760,25.6
158820,25.8
158880,24.2
158940,25.8
159000,24.4
159060,24.0
159120,23.2
159180,23.8
159240,25.0
159300,23.6
159360,23.6
159420,24.4
159480,25.4
159540,24.2
159600,26.0
159660,24.8
159720,23.6
159780,24.0
159840,23.0
159900,25.8
159960,24.0
160020,25.2
160080,24.0
160140,25.2
160200,25.2
160260,25.2
160320,24.2
160380,24.0
160440,25.2
160500,24.4
160560,24.8
160620,25.0
160680,23.6
160740,24.6
160800,24.8
160860,24.4
160920,24.0
160980,24.4
161040,24.8
161100,25.0
161160,24.4
161220,24.0
161280,23.4
161340,24.6
161400,24.8
161460,23.0
161520,25.6
161580,24.8
161640,24.4
161700,25.2
161760,24.6
161820,23.0
161880,23.6
161940,25.4
162000,24.2
162060,24.6
162120,24.2
162180,24.0
162240,23.4
162300,24.0
162360,23.0
162420,24.0
162480,23.6
162540,23.0
162600,22.8
162660,23.6
162720,23.0
162780,22.8
162840,23.0
162900,23.4
162960,24.8
163020,23.0
163080,22.8
163140,22.6
163200,22.8
163260,21.4
163320,20.8
163380,20.8
163440,20.4
163500,21.4
163560,20.2
163620,20.6
163680,20.4
163740,20.8
163800,21.2
163860,21.2
163920,21.2
163980,20.8
164040,21.6
164100,22.2
164160,22.4
164220,22.0
164280,22.6
164340,22.0
164400,23.2
164460,22.2
164520,23.8
164580,23.6
164640,23.0
164700,22.4
164760,22.6
164820,24.0
164880,23.6
164940,25.2
165000,24.2
165060,24.8
165120,24.4
165180,23.8
165240,23.6
165300,25.8
165360,22.6
165420,25.4
165480,24.4
165540,24.4
165600,23.8
165660,25.6
165720,25.2
165780,25.4
165840,23.8
165900,23.2
165960,23.8
166020,23.6
166080,22.6
166140,24.4
166200,24.0
166260,23.6
166320,25.6
166380,23.4
166440,24.8
166500,25.0
166560,24.8
166620,24.2
166680,25.0
166740,25.2
166800,24.6
166860,23.4
166920,23.8
166980,24.0
167040,25.2
167100,23.8
167160,24.4
167220,25.2
167280,25.8
167340,24.8
167400,25.4
167460,26.2
167520,24.0
167580,24.2
167640,23.6
167700,24.8
167760,24.8
167820,26.8
167880,25.0
167940,26.2
168000,25.0
168060,25.4
168120,24.6
168180,24.4
168240,25.8
168300,25.4
168360,25.0
168420,26.6
168480,27.6
168540,25.0
168600,24.8
168660,25.6
168720,25.4
168780,25.8
168840,26.0
168900,26.0
168960,25.4
169020,24.6
169080,25.2
169140,24.2
169200,25.8
169260,25.2
169320,26.6
169380,26.0
169440,27.6
169500,24.4
169560,25.2
169620,25.4
169680,25.0
169740,24.6
169800,26.2
169860,26.2
169920,25.0
169980,25.6
170040,24.4
170100,25.4
170160,24.6
170220,27.0
170280,25.8
170340,24.4
170400,25.2
170460,24.0
170520,25.0
170580,26.8
170640,25.2
170700,24.8
170760,26.4
170820,24.8
170880,25.6
170940,25.6
171000,24.8
171060,24.0
171120,24.0
171180,25.6
171240,24.6
171300,25.2
171360,23.2
171420,24.4
171480,23.2
171540,24.8
171600,24.8
171660,24.6
171720,24.6
171780,24.6
171840,25.8
171900,23.8
171960,24.4
172020,25.0
172080,25.6
172140,24.2
172200,23.6
172260,24.0
172320,23.6
172380,22.6
172440,24.0
172500,22.8
172560,24.6
172620,24.8
172680,23.6
172740,23.6
172800,23.4
172860,25.2
172920,24.2
172980,23.6
173040,25.0
173100,24.4
173160,25.0
173220,23.8
173280,25.4
173340,23.8
173400,23.2
173460,25.8
173520,24.6
173580,23.4
173640,24.2
173700,24.0
173760,25.4
173820,26.4
173880,25.6
173940,23.6
174000,24.2
174060,24.4
174120,23.2
174180,25.0
174240,23.4
174300,24.8
174360,24.8
174420,22.0
174480,24.4
174540,24.4
174600,24.0
174660,23.6
174720,24.6
174780,23.4
174840,23.8
174900,22.6
174960,24.2
175020,24.0
175080,24.0
175140,25.4
175200,23.0
175260,23.4
175320,22.8
175380,25.2
175440,23.2
175500,23.2
175560,24.0
175620,23.8
175680,23.4
175740,22.2
175800,24.2
175860,24.0
175920,22.8
175980,24.4
176040,24.2
176100,22.2
176160,25.2
176220,24.4
176280,24.2
176340,24.4
176400,25.2
176460,25.0
176520,23.6
176580,25.6
176640,23.0
176700,25.8
176760,25.0
176820,24.0
176880,24.0
176940,24.8
177000,23.8
177060,23.8
177120,24.8
177180,26.0
177240,24.2
177300,24.8
177360,23.4
177420,24.2
177480,23.6
177540,23.2
177600,24.8
177660,24.8
177720,23.6
177780,22.4
177840,23.0
177900,22.8
177960,24.4
178020,23.0
178080,22.2
178140,22.8
178200,23.0
178260,24.6
178320,22.2
178380,23.2
178440,22.0
178500,22.4
178560,23.8
178620,23.6
178680,22.6
178740,22.6
178800,22.0
178860,22.8
178920,24.0
178980,23.2
179040,24.2
179100,22.6
179160,21.6
179220,22.8
179280,22.2
179340,22.0
179400,22.4
179460,23.2
179520,23.8
179580,24.0
179640,23.0
179700,23.4
179760,22.8
179820,23.6
179880,22.4
179940,23.0
180000,25.0
180060,24.0
180120,24.0
180180,24.0
180240,24.4
180300,23.8
180360,23.0
180420,24.4
180480,24.4
180540,24.4
180600,23.6
180660,24.6
180720,24.2
180780,23.6
180840,24.8
180900,24.8
180960,25.6
181020,23.2
181080,25.0
181140,25.0
181200,26.8
181260,25.0
181320,25.2
181380,25.2
181440,25.8
181500,24.4
181560,24.8
181620,25.8
181680,26.4
181740,25.4
181800,25.2
181860,24.2
181920,24.8
181980,24.6
182040,26.2
182100,25.2
182160,25.6
182220,24.4
182280,23.8
182340,26.0
182400,25.4
182460,25.4
182520,24.8
182580,23.6
182640,25.6
182700,25.4
182760,25.6
182820,25.8
182880,26.0
182940,23.6
183000,24.6
183060,25.0
183120,25.0
183180,25.6
183240,24.6
183300,25.2
183360,24.8
183420,25.2
183480,24.6
183540,24.8
183600,24.2
183660,24.4
183720,23.8
183780,24.2
183840,24.8
183900,23.4
183960,24.6
184020,26.0
184080,25.0
184140,25.4
184200,25.6
184260,25.0
184320,25.8
184380,24.4
184440,26.0
184500,25.2
184560,24.0
184620,25.2
184680,25.4
184740,24.6
184800,23.2
184860,24.0
184920,24.0
184980,25.4
185040,24.2
185100,26.4
185160,25.2
185220,26.0
185280,24.0
185340,23.8
185400,25.0
185460,25.2
185520,25.6
185580,26.0
185640,24.8
185700,23.8
185760,25.6
185820,25.0
185880,25.4
185940,23.2
186000,25.0
186060,25.8
186120,25.0
186180,24.4
186240,24.4
186300,24.2
186360,26.6
186420,24.8
186480,23.8
186540,25.6
186600,24.2
186660,25.0
186720,25.0
186780,25.8
186840,24.4
186900,25.2
186960,23.4
187020,24.2
187080,23.4
187140,24.8
187200,25.0
187260,26.0
187320,25.8
187380,25.4
187440,25.6
187500,24.4
187560,25.4
187620,24.8
187680,25.2
187740,26.2
187800,25.2
187860,24.0
187920,24.0
187980,25.6
188040,26.2
188100,24.6
188160,27.0
188220,25.4
188280,26.2
188340,25.6
188400,24.2
188460,25.8
188520,25.2
188580,24.6
188640,25.2
188700,25.2
188760,24.0
188820,25.6
188880,24.4
188940,25.2
189000,25.8
189060,26.0
189120,24.6
189180,24.4
189240,24.6
189300,25.0
189360,24.6
189420,23.8
189480,24.6
189540,24.2
189600,23.8
189660,25.2
189720,23.4
189780,24.4
189840,25.2
189900,24.4
189960,23.0
190020,24.6
190080,25.8
190140,24.4
190200,24.0
190260,24.2
190320,24.2
190380,24.2
190440,25.4
190500,23.8
190560,24.8
190620,24.2
190680,24.2
190740,23.4
190800,25.6
190860,26.8
190920,26.2
190980,24.8
191040,23.8
191100,25.6
191160,25.6
191220,23.8
191280,23.8
191340,25.4
191400,23.4
191460,26.2
191520,22.8
191580,24.2
191640,23.2
191700,24.8
191760,23.8
191820,24.2
191880,25.2
191940,24.0
192000,24.2
192060,25.0
192120,24.8
192180,24.6
192240,23.8
192300,24.2
192360,26.0
192420,24.2
192480,24.0
192540,24.8
192600,23.6
192660,24.8
192720,24.2
192780,26.2
192840,24.8
192900,25.8
192960,25.2
193020,26.8
193080,24.6
193140,24.4
193200,23.8
193260,24.2
193320,25.6
193380,25.2
193440,24.8
193500,24.2
193560,25.2
193620,25.4
193680,25.8
193740,24.6
193800,25.0
193860,25.4
193920,25.8
193980,25.6
194040,24.4
194100,24.0
194160,24.0
194220,24.6
194280,25.2
194340,25.0
194400,24.4
194460,24.4
194520,24.2
194580,25.8
194640,23.8
194700,25.0
194760,24.0
194820,26.8
194880,25.2
194940,25.4
195000,25.2
195060,24.0
195120,23.6
195180,24.0
195240,25.2
195300,24.8
195360,23.2
195420,24.8
195480,25.4
195540,24.8
195600,23.0
195660,26.2
195720,24.0
195780,25.6
195840,25.0
195900,25.0
195960,24.6
196020,22.4
196080,24.6
196140,24.0
196200,23.2
196260,24.4
196320,23.8
196380,22.8
196440,24.2
196500,25.2
196560,24.0
196620,23.4
196680,25.2
196740,23.4
196800,23.4
196860,26.0
196920,23.4
196980,23.8
197040,25.2
197100,23.0
197160,24.0
197220,24.8
197280,24.6
197340,22.6
197400,23.2
197460,24.8
197520,23.6
197580,23.8
197640,24.0
197700,22.8
197760,23.6
197820,24.6
197880,23.6
197940,22.8
198000,25.0
198060,23.4
198120,23.6
198180,23.2
198240,24.8
198300,25.2
198360,24.2
198420,24.8
198480,24.2
198540,22.6
198600,24.0
198660,24.0
198720,22.8
198780,23.8
198840,24.0
198900,24.6
198960,23.2
199020,23.8
199080,23.8
199140,25.0
199200,24.4
199260,24.0
199320,25.2
199380,23.2
199440,24.0
199500,24.6
199560,24.8
199620,24.4
199680,23.4
199740,22.6
199800,23.2
199860,23.4
199920,22.6
199980,22.8
200040,23.0
200100,23.2
200160,25.0
200220,23.4
200280,24.6
200340,23.8
200400,23.2
200460,24.6
200520,23.2
200580,24.6
200640,24.2
200700,24.8
200760,24.2
200820,24.4
200880,23.6
200940,23.8
201000,24.8
201060,22.0
201120,23.2
201180,23.2
201240,24.6
201300,25.4
201360,25.2
201420,23.2
201480,24.2
201540,23.0
201600,24.8
201660,23.6
201720,23.8
201780,24.6
201840,24.8
201900,23.6
201960,23.2
202020,23.6
202080,24.4
202140,24.2
202200,23.6
202260,23.2
202320,25.2
202380,25.0
202440,25.2
202500,25.0
202560,25.0
202620,25.0
202680,24.6
202740,25.0
202800,24.4
202860,24.0
202920,23.4
202980,25.2
203040,24.6
203100,25.8
203160,24.8
203220,25.8
203280,26.6
203340,25.0
203400,25.6
203460,25.0
203520,23.2
203580,24.4
203640,24.8
203700,25.2
203760,25.0
203820,24.8
203880,26.0
203940,26.0
204000,25.2
204060,25.6
204120,24.0
204180,24.0
204240,23.6
204300,24.2
204360,23.6
204420,24.2
204480,23.4
204540,24.4
204600,23.8
204660,24.2
204720,25.0
204780,24.8
204840,24.8
204900,23.4
204960,24.8
205020,25.2
205080,25.4
205140,23.8
205200,24.0
205260,24.2
205320,24.0
205380,24.4
205440,24.2
205500,25.2
205560,23.8
205620,24.8
205680,24.8
205740,24.2
205800,24.6
205860,26.0
205920,25.4
205980,24.8
206040,25.4
206100,24.6
206160,25.4
206220,24.0
206280,26.4
206340,25.0
206400,24.4
206460,25.2
206520,23.4
206580,24.4
206640,24.8
206700,25.2
206760,25.6
206820,25.6
206880,24.4
206940,25.4
207000,24.6
207060,23.4
207120,26.0
207180,24.8
207240,25.2
207300,24.8
207360,24.0
207420,23.6
207480,24.4
207540,24.8
207600,24.8
207660,25.0
207720,24.6
207780,22.8
207840,25.4
207900,24.8
207960,24.2
208020,24.0
208080,23.8
208140,23.6
208200,24.8
208260,23.4
208320,23.8
208380,23.8
208440,22.6
208500,24.8
208560,23.4
208620,24.0
208680,24.0
208740,23.6
208800,23.6
208860,24.0
208920,23.0
208980,24.0
209040,22.8
209100,22.6
209160,21.6
209220,21.8
209280,23.2
209340,23.2
209400,22.6
209460,22.8
209520,22.8
209580,23.6
209640,22.0
209700,22.4
209760,22.8
209820,23.8
209880,24.4
209940,24.0
210000,24.2
210060,24.6
210120,23.4
210180,24.0
210240,24.6
210300,26.0
210360,24.2
210420,23.6
210480,24.4
210540,24.8
210600,24.8
210660,24.8
210720,23.2
210780,23.4
210840,22.6
210900,24.4
210960,24.0
211020,23.6
211080,23.6
211140,24.8
211200,26.0
211260,24.8
211320,25.0
211380,24.2
211440,25.2
211500,24.8
211560,24.6
211620,24.4
211680,25.4
211740,24.8
211800,24.0
211860,24.8
211920,26.0
211980,24.8
212040,24.2
212100,25.4
212160,24.8
212220,24.4
212280,24.8
212340,25.4
212400,24.8
212460,25.6
212520,25.0
212580,25.2
212640,24.0
212700,25.8
212760,25.8
212820,24.6
212880,25.2
212940,25.4
213000,24.4
213060,24.0
213120,24.0
213180,24.2
213240,23.8
213300,23.8
213360,23.4
213420,24.2
213480,23.8
213540,23.8
213600,24.4
213660,23.8
213720,25.4
213780,23.4
213840,24.2
213900,25.0
213960,24.0
214020,24.0
214080,25.0
214140,24.2
214200,24.2
214260,24.0
214320,24.8
214380,24.8
214440,24.8
214500,23.4
214560,23.6
214620,23.0
214680,23.0
214740,23.4
214800,23.4
214860,23.6
214920,23.4
214980,25.0
215040,23.0
215100,24.0
215160,24.2
215220,23.8
215280,24.0
215340,24.6
215400,24.8
215460,23.6
215520,23.2
215580,23.4
215640,24.6
215700,22.8
215760,23.6
215820,24.0
215880,23.2
215940,23.8
216000,24.6
216060,23.6
216120,24.8
216180,23.8
216240,23.0
216300,23.8
216360,24.4
216420,22.6
216480,22.8
216540,24.8
216600,23.4
216660,25.0
216720,23.4
216780,23.4
216840,24.6
216900,25.0
216960,24.2
217020,22.6
217080,25.0
217140,23.0
217200,23.4
217260,24.6
217320,25.4
217380,24.0
217440,23.6
217500,26.2
217560,24.0
217620,24.0
217680,25.2
217740,23.8
217800,24.8
217860,23.8
217920,25.4
217980,24.0
218040,24.8
218100,24.6
218160,25.2
218220,24.6
218280,24.0
218340,24.0
218400,25.4
218460,22.8
218520,24.2
218580,24.8
218640,23.8
218700,24.6
218760,26.0
218820,24.8
218880,23.8
218940,24.2
219000,25.4
219060,23.0
219120,25.2
219180,25.8
219240,24.6
219300,23.4
219360,25.6
219420,25.0
219480,25.4
219540,23.8
219600,24.0
219660,25.6
219720,24.8
219780,26.0
219840,24.2
219900,24.0
219960,25.8
220020,26.0
220080,25.0
220140,25.2
220200,24.4
220260,25.6
220320,23.4
220380,25.4
220440,24.8
220500,25.0
220560,25.4
220620,23.8
220680,25.6
220740,24.8
220800,25.6
220860,24.8
220920,24.2
220980,24.8
221040,24.6
221100,25.0
221160,25.0
221220,24.8
221280,24.6
221340,23.8
221400,25.6
221460,23.8
221520,24.2
221580,25.0
221640,24.0
221700,23.6
221760,23.2
221820,23.2
221880,23.6
221940,24.2
222000,23.4
222060,22.6
222120,23.4
222180,22.6
222240,22.8
222300,23.2
222360,23.8
222420,22.8
222480,23.2
222540,24.4
222600,22.8
222660,22.8
222720,22.0
222780,21.6
222840,21.4
222900,23.0
222960,21.6
223020,22.6
223080,22.2
223140,22.6
223200,24.2
223260,23.2
223320,22.0
223380,22.2
223440,23.6
223500,22.2
223560,23.0
223620,22.4
223680,24.6
223740,23.0
223800,22.4
223860,24.6
223920,23.6
223980,23.8
224040,23.8
224100,24.6
224160,23.6
224220,23.8
224280,23.6
224340,24.0
224400,24.4
224460,23.2
224520,23.4
224580,23.0
224640,23.8
224700,23.4
224760,23.6
224820,23.0
224880,23.6
224940,23.4
225000,22.8
225060,24.4
225120,24.6
225180,24.2
225240,24.0
225300,24.8
225360,23.2
225420,24.2
225480,23.0
225540,23.4
225600,24.6
225660,25.4
225720,25.2
225780,24.4
225840,23.4
225900,25.0
225960,25.0
226020,25.4
226080,23.8
226140,25.6
226200,24.6
226260,23.8
226320,23.6
226380,25.0
226440,25.0
226500,24.2
226560,24.4
226620,24.0
226680,24.8
226740,25.0
226800,23.6
226860,24.4
226920,23.6
226980,23.4
227040,24.6
227100,24.2
227160,24.2
227220,23.6
227280,23.6
227340,24.4
227400,24.4
227460,24.2
227520,23.8
227580,24.2
227640,23.8
227700,22.4
227760,24.2
227820,24.2
227880,24.8
227940,24.8
228000,24.2
228060,24.8
228120,23.2
228180,24.2
228240,24.8
228300,23.4
228360,24.2
228420,25.4
228480,22.4
228540,23.8
228600,23.4
228660,23.0
228720,22.4
228780,23.4
228840,21.4
228900,23.8
228960,22.8
229020,22.8
229080,23.8
229140,22.8
229200,23.8
229260,22.8
229320,23.6
229380,25.0
229440,23.4
229500,23.0
229560,23.4
229620,23.6
229680,25.0
229740,22.8
229800,24.2
229860,22.8
229920,22.0
229980,23.8
230040,23.6
230100,23.8
230160,23.4
230220,23.2
230280,24.8
230340,23.8
230400,25.2
230460,23.4
230520,24.4
230580,23.6
230640,23.0
230700,23.8
230760,21.8
230820,24.6
230880,22.6
230940,24.2
231000,25.0
231060,25.6
231120,25.6
231180,24.2
231240,23.4
231300,24.6
231360,25.6
231420,25.4
231480,25.0
231540,25.0
231600,25.2
231660,24.6
231720,23.8
231780,26.4
231840,25.4
231900,25.8
231960,26.2
232020,25.6
232080,24.6
232140,23.8
232200,24.6
232260,25.0
232320,26.4
232380,25.6
232440,24.0
232500,25.2
232560,25.6
232620,24.6
232680,24.2
232740,25.8
232800,25.6
232860,24.8
232920,23.2
232980,25.8
233040,25.6
233100,24.4
233160,25.2
233220,25.2
233280,23.6
233340,25.8
233400,24.8
233460,25.0
233520,25.8
233580,25.0
233640,23.0
233700,24.2
233760,26.0
233820,24.4
233880,25.0
233940,25.0
234000,24.6
234060,26.8
234120,25.0
234180,24.8
234240,25.0
234300,26.0
234360,27.0
234420,24.4
234480,26.2
234540,25.2
234600,25.4
234660,25.0
234720,24.4
234780,24.2
234840,24.2
234900,24.2
234960,25.0
235020,25.4
235080,24.8
235140,24.2
235200,24.8
235260,25.6
235320,24.4
235380,24.8
235440,26.4
235500,26.2
235560,25.0
235620,26.6
235680,25.6
235740,25.4
235800,25.8
235860,25.6
235920,27.2
235980,25.4
236040,27.6
236100,26.2
236160,25.0
236220,25.4
236280,25.4
236340,23.4
236400,25.4
236460,25.8
236520,24.6
236580,25.8
236640,24.0
236700,25.4
236760,24.6
236820,23.6
236880,24.6
236940,24.8
237000,24.2
237060,24.0
237120,24.2
237180,23.6
237240,24.0
237300,25.4
237360,24.0
237420,24.0
237480,25.8
237540,24.6
237600,23.8
237660,22.6
237720,24.4
237780,23.4
237840,23.0
237900,26.0
237960,24.4
238020,24.0
238080,25.2
238140,24.0
238200,24.2
238260,22.8
238320,23.8
238380,25.0
238440,24.2
238500,23.2
238560,24.8
238620,23.4
238680,24.0
238740,23.6
238800,23.6
238860,23.0
238920,23.2
238980,25.2
239040,23.8
239100,23.6
239160,24.2
239220,23.2
239280,24.0
239340,21.8
239400,23.4
239460,22.0
239520,21.8
239580,21.8
239640,21.8
239700,20.8
239760,22.2
239820,20.2
239880,21.6
239940,21.4
240000,21.8
240060,21.8
240120,21.6
240180,23.4
240240,24.0
240300,23.6
240360,22.4
240420,23.4
240480,23.8
240540,23.8
240600,24.6
240660,23.8
240720,24.0
240780,25.6
240840,24.2
240900,22.6
240960,24.8
241020,24.6
241080,25.4
241140,25.2
241200,25.2
241260,24.0
241320,25.6
241380,25.6
241440,26.4
241500,24.4
241560,24.8
241620,25.6
241680,25.6
241740,23.6
241800,25.6
241860,23.4
241920,24.6
241980,24.2
242040,26.2
242100,23.2
242160,24.2
242220,23.2
242280,25.0
242340,25.4
242400,25.2
242460,25.2
242520,23.4
242580,24.2
242640,26.2
242700,24.4
242760,25.8
242820,24.4
242880,26.4
242940,24.0
243000,25.0
243060,25.6
243120,25.8
243180,26.0
243240,25.8
243300,23.8
243360,24.2
243420,24.6
243480,25.2
243540,24.0
243600,24.0
243660,23.8
243720,22.6
243780,26.4
243840,26.4
243900,26.4
243960,25.0
244020,24.8
244080,24.2
244140,25.2
244200,24.4
244260,23.6
244320,23.0
244380,24.2
244440,23.8
244500,24.6
244560,24.6
244620,24.8
244680,24.4
244740,24.6
244800,23.6
244860,25.4
244920,24.4
244980,23.4
245040,24.0
245100,24.2
245160,25.0
245220,25.0
245280,25.4
245340,25.0
245400,25.2
245460,24.6
245520,22.4
245580,24.4
245640,25.4
245700,23.6
245760,25.8
245820,23.6
245880,23.6
245940,24.2
246000,24.6
246060,23.6
246120,23.6
246180,23.8
246240,24.6
246300,24.6
246360,23.8
246420,24.0
246480,24.2
246540,23.0
246600,24.2
246660,25.2
246720,24.0
246780,24.6
246840,24.2
246900,25.2
246960,23.8
247020,24.0
247080,25.2
247140,23.8
247200,24.4
247260,24.6
247320,25.6
247380,25.0
247440,23.8
247500,24.4
247560,25.8
247620,24.4
247680,24.2
247740,24.4
247800,24.4
247860,23.4
247920,24.6
247980,24.4
248040,23.0
248100,24.0
248160,23.6
248220,23.8
248280,24.4
248340,23.2
248400,24.0
248460,24.0
248520,23.6
248580,24.6
248640,23.2
248700,24.2
248760,25.0
248820,23.2
248880,24.0
248940,23.6
249000,24.8
249060,25.0
249120,23.0
249180,26.4
249240,24.8
249300,23.8
249360,24.4
249420,24.8
249480,24.8
249540,24.0
249600,24.6
249660,24.8
249720,23.2
249780,25.4
249840,25.2
249900,25.0
249960,24.2
250020,24.4
250080,24.8
250140,23.8
250200,24.0
250260,24.6
250320,22.8
250380,25.6
250440,23.6
250500,25.2
250560,24.4
250620,24.4
250680,25.8
250740,23.6
250800,25.6
250860,23.4
250920,25.4
250980,24.0
251040,25.0
251100,25.2
251160,25.4
251220,25.4
251280,24.4
251340,24.4
251400,26.0
251460,24.8
251520,25.0
251580,25.4
251640,23.6
251700,25.4
251760,24.4
251820,23.6
251880,25.2
251940,24.6
252000,25.6
252060,24.4
252120,24.0
252180,24.6
252240,24.8
252300,24.2
252360,24.6
252420,25.0
252480,23.8
252540,25.0
252600,24.6
252660,24.6
252720,24.6
252780,24.4
252840,24.4
252900,24.0
252960,23.0
253020,25.6
253080,25.8
253140,23.8
253200,24.8
253260,24.0
253320,24.8
253380,25.6
253440,25.8
253500,24.8
253560,25.0
253620,26.0
253680,24.8
253740,26.8
253800,25.8
253860,25.2
253920,25.2
253980,24.2
254040,24.0
254100,23.2
254160,23.6
254220,24.4
254280,25.0
254340,25.4
254400,25.4
254460,25.2
254520,24.4
254580,23.2
254640,25.6
254700,26.6
254760,25.2
254820,25.2
254880,26.0
254940,24.4
255000,23.0
255060,25.6
255120,24.6
255180,23.8
255240,25.2
255300,24.0
255360,25.8
255420,23.2
255480,24.6
255540,25.0
255600,25.6
255660,25.2
255720,26.0
255780,25.4
255840,24.0
255900,24.4
255960,25.4
256020,24.2
256080,26.2
256140,24.6
256200,24.4
256260,27.8
256320,23.8
256380,24.6
256440,25.8
256500,25.0
256560,24.8
256620,24.8
256680,26.2
256740,26.8
256800,24.8
256860,24.2
256920,24.4
256980,23.2
257040,24.8
257100,25.4
257160,24.0
257220,25.6
257280,23.8
257340,24.2
257400,24.2
257460,24.6
257520,25.2
257580,24.6
257640,25.2
257700,24.6
257760,23.6
257820,25.2
257880,23.8
257940,24.2
258000,25.8
258060,24.6
258120,26.2
258180,25.0
258240,25.8
258300,26.0
258360,24.2
258420,24.0
258480,25.0
258540,23.0
258600,24.4
258660,25.2
258720,24.0
258780,24.2
258840,25.2
258900,23.4
258960,26.2
259020,24.2
259080,23.0
259140,26.4
259200,25.4
259260,24.0
259320,25.4
259380,24.2
259440,25.6
259500,23.8
259560,23.2
259620,24.2
259680,24.2
259740,24.8
259800,24.6
259860,24.0
259920,22.6
259980,23.4
260040,22.2
260100,24.4
260160,23.6
260220,24.2
260280,24.0
260340,24.2
260400,24.6
260460,23.6
260520,24.6
260580,23.0
260640,23.4
260700,22.0
260760,22.8
260820,23.0
260880,24.2
260940,23.4
261000,23.8
261060,23.6
261120,24.0
261180,25.0
261240,23.8
261300,22.6
261360,22.8
261420,22.8
261480,25.2
261540,23.6
261600,23.6
261660,24.0
261720,25.4
261780,23.8
261840,24.2
261900,25.0
261960,23.6
262020,23.4
262080,25.2
262140,23.6
262200,24.8
262260,24.8
262320,23.6
262380,25.4
262440,24.0
262500,24.2
262560,24.6
262620,25.8
262680,24.0
262740,24.0
262800,26.6
262860,24.4
262920,24.6
262980,25.2
263040,24.8
263100,25.4
263160,24.0
263220,22.6
263280,23.6
263340,25.0
263400,24.8
263460,22.4
263520,25.4
263580,23.8
263640,23.8
263700,24.0
263760,23.2
263820,26.2
263880,23.6
263940,23.6
264000,25.6
264060,24.4
264120,24.8
264180,25.6
264240,25.4
264300,23.4
264360,25.0
264420,25.8
264480,24.4
264540,24.2
264600,24.2
264660,24.0
264720,23.8
264780,25.0
264840,25.0
264900,23.0
264960,23.0
265020,24.2
265080,24.8
265140,23.2
265200,25.4
265260,23.4
265320,24.8
265380,24.8
265440,24.2
265500,22.4
265560,23.0
265620,23.0
265680,22.8
265740,24.8
265800,23.8
265860,23.8
265920,24.4
265980,25.6
266040,25.4
266100,23.6
266160,24.4
266220,24.8
266280,24.8
266340,24.4
266400,25.6
266460,24.4
266520,25.0
266580,24.2
266640,25.6
266700,24.4
266760,25.0
266820,25.2
266880,25.2
266940,24.8
267000,24.6
267060,22.0
267120,23.4
267180,24.4
267240,22.8
267300,24.6
267360,22.8
267420,25.2
267480,24.4
267540,23.0
267600,25.2
267660,23.4
267720,23.2
267780,24.2
267840,24.6
267900,25.0
267960,23.8
268020,23.0
268080,23.6
268140,22.8
268200,25.6
268260,23.0
268320,24.8
268380,23.6
268440,23.8
268500,23.2
268560,24.2
268620,25.2
268680,23.8
268740,24.6
268800,25.6
268860,24.0
268920,24.0
268980,24.4
269040,24.6
269100,23.6
269160,23.8
269220,24.8
269280,26.0
269340,25.2
269400,24.6
269460,26.0
269520,24.2
269580,24.2
269640,23.8
269700,25.8
269760,25.0
269820,23.4
269880,25.2
269940,23.6
270000,24.4
270060,23.6
270120,24.4
270180,24.8
270240,24.6
270300,24.2
270360,24.6
270420,25.2
270480,25.2
270540,23.0
270600,23.8
270660,23.8
270720,24.2
270780,24.2
270840,24.6
270900,25.2
270960,24.4
271020,24.0
271080,25.8
271140,26.4
271200,25.0
271260,24.8
271320,24.8
271380,24.4
271440,25.4
271500,25.2
271560,26.8
271620,24.6
271680,24.0
271740,24.4
271800,26.0
271860,24.2
271920,24.4
271980,25.4
272040,25.6
272100,26.4
272160,24.8
272220,24.0
272280,26.0
272340,25.6
272400,25.8
272460,26.6
272520,24.6
272580,24.6
272640,25.6
272700,25.0
272760,24.2
272820,22.8
272880,25.0
272940,24.4
273000,24.6
273060,23.4
273120,24.6
273180,24.6
273240,25.2
273300,24.8
273360,25.0
273420,25.8
273480,25.2
273540,23.8
273600,24.2
273660,24.2
273720,25.0
273780,25.4
273840,24.2
273900,24.4
273960,25.4
274020,25.8
274080,24.2
274140,23.4
274200,24.0
274260,24.0
274320,25.6
274380,23.2
274440,24.0
274500,24.0
274560,24.8
274620,25.4
274680,24.0
274740,24.4
274800,25.0
274860,23.6
274920,24.0
274980,24.8
275040,24.8
275100,24.2
275160,24.4
275220,25.6
275280,24.2
275340,24.8
275400,23.6
275460,25.2
275520,24.8
275580,25.4
275640,23.8
275700,23.4
275760,25.4
275820,23.4
275880,24.4
275940,24.8
276000,24.8
276060,23.0
276120,23.8
276180,25.4
276240,24.4
276300,25.0
276360,24.6
276420,23.6
276480,24.8
276540,25.4
276600,25.2
276660,22.6
276720,25.8
276780,24.2
276840,24.4
276900,24.8
276960,24.4
277020,24.8
277080,24.0
277140,24.4
277200,24.8
277260,24.4
277320,25.0
277380,26.0
277440,24.4
277500,24.0
277560,26.2
277620,24.6
277680,23.8
277740,24.8
277800,25.2
277860,24.6
277920,25.2
277980,24.4
278040,24.2
278100,25.8
278160,24.6
278220,25.4
278280,23.6
278340,24.0
278400,25.0
278460,23.6
278520,24.2
278580,24.2
278640,25.6
278700,24.2
278760,24.2
278820,23.0
278880,23.4
278940,24.6
279000,23.4
279060,24.6
279120,24.6
279180,25.0
279240,23.4
279300,24.0
279360,24.4
279420,23.8
279480,25.8
279540,26.4
279600,23.2
279660,23.8
279720,23.2
279780,24.8
279840,24.6
279900,24.6
279960,24.8
280020,22.0
280080,24.4
280140,23.6
280200,24.4
280260,25.2
280320,25.2
280380,22.6
280440,23.8
280500,24.2
280560,25.0
280620,23.8
280680,25.4
280740,24.0
280800,23.8
280860,23.6
280920,23.6
280980,25.6
281040,23.4
281100,23.6
281160,23.8
281220,25.4
281280,24.8
281340,23.4
281400,24.0
281460,23.8
281520,24.2
281580,24.8
281640,23.8
281700,23.4
281760,24.4
281820,23.6
281880,24.2
281940,24.6
282000,23.6
282060,24.6
282120,25.2
282180,23.4
282240,23.8
282300,24.8
282360,22.6
282420,24.2
282480,24.6
282540,24.2
282600,24.6
282660,24.0
282720,24.8
282780,24.6
282840,23.0
282900,25.8
282960,25.0
283020,25.2
283080,23.4
283140,25.6
283200,25.4
283260,25.2
283320,25.4
283380,24.2
283440,23.8
283500,24.2
283560,23.6
283620,23.6
283680,25.2
283740,26.8
283800,24.2
283860,24.4
283920,24.0
283980,24.8
284040,23.0
284100,25.0
284160,25.0
284220,24.6
284280,23.8
284340,25.0
284400,23.6
284460,24.2
284520,24.2
284580,25.2
284640,24.0
284700,22.8
284760,23.0
284820,24.6
284880,24.4
284940,23.0
285000,23.4
285060,24.4
285120,24.8
285180,24.2
285240,23.6
285300,23.2
285360,25.0
285420,24.4
285480,23.6
285540,24.6
285600,23.4
285660,25.4
285720,23.8
285780,23.2
285840,23.2
285900,23.8
285960,24.2
286020,23.8
286080,23.6
286140,24.4
286200,25.2
286260,24.6
286320,23.6
286380,26.0
286440,24.0
286500,24.6
286560,24.6
286620,24.2
286680,24.2
286740,25.2
286800,25.2
286860,24.8
286920,24.8
286980,24.2
287040,25.8
287100,27.0
287160,24.6
287220,24.2
287280,26.2
287340,25.0
287400,25.0
287460,24.4
287520,24.8
287580,24.8
287640,25.0
287700,26.0
287760,26.8
287820,25.6
287880,25.6
287940,25.0
288000,25.0
288060,25.4
288120,25.0
288180,24.6
288240,24.6
288300,24.4
288360,25.0
288420,25.4
288480,24.6
288540,22.4
288600,23.2
288660,25.6
288720,24.4
288780,23.0
288840,25.8
288900,24.2
288960,24.8
289020,23.4
289080,24.2
289140,24.0
289200,24.0
289260,24.2
289320,23.8
289380,23.4
289440,24.8
289500,24.0
289560,24.2
289620,25.4
289680,24.0
289740,24.2
289800,24.6
289860,24.6
289920,25.6
289980,24.2
290040,24.0
290100,24.4
290160,24.6
290220,22.8
290280,26.2
290340,25.0
290400,24.0
290460,24.4
290520,24.8
290580,24.2
290640,24.4
290700,25.8
290760,24.6
290820,24.6
290880,25.6
290940,23.2
291000,23.4
291060,23.6
291120,26.6
291180,25.2
291240,24.0
291300,24.4
291360,24.8
291420,25.8
291480,24.6
291540,24.4
291600,24.8
291660,24.2
291720,24.4
291780,23.6
291840,24.4
291900,23.6
291960,24.0
292020,24.2
292080,24.4
292140,23.4
292200,23.4
292260,24.8
292320,24.8
292380,22.6
292440,21.6
292500,22.4
292560,22.8
292620,24.0
292680,25.0
292740,23.6
292800,23.4
292860,23.4
292920,23.2
292980,23.4
293040,24.4
293100,24.6
293160,22.2
293220,22.8
293280,25.0
293340,23.0
293400,23.8
293460,23.6
293520,22.8
293580,22.6
293640,22.4
293700,22.4
293760,22.4
293820,24.4
293880,22.0
293940,21.0
294000,22.6
294060,21.6
294120,22.6
294180,22.6
294240,22.2
294300,22.2
294360,22.4
294420,22.6
294480,23.0
294540,24.4
294600,22.2
294660,22.0
294720,23.4
294780,23.4
294840,21.8
294900,23.2
294960,23.4
295020,23.4
295080,22.0
295140,21.4
295200,23.2
295260,22.2
295320,23.8
295380,23.2
295440,24.6
295500,22.6
295560,22.4
295620,23.6
295680,23.0
295740,23.0
295800,23.2
295860,22.8
295920,22.6
295980,21.6
296040,21.8
296100,21.4
296160,22.6
296220,21.0
296280,22.0
296340,23.4
296400,21.4
296460,21.0
296520,23.2
296580,21.8
296640,22.4
296700,23.6
296760,23.6
296820,22.8
296880,24.2
296940,23.0
297000,23.0
297060,23.4
297120,23.0
297180,24.6
297240,23.6
297300,25.0
297360,23.4
297420,24.8
297480,25.2
297540,24.6
297600,23.2
297660,25.0
297720,25.8
297780,25.2
297840,25.4
297900,25.0
297960,25.4
298020,24.4
298080,24.8
298140,23.8
298200,24.4
298260,24.6
298320,24.4
298380,24.4
298440,25.2
298500,26.0
298560,24.4
298620,25.8
298680,26.2
298740,25.2
298800,25.0
298860,26.0
298920,24.6
298980,24.8
299040,25.0
299100,26.0
299160,26.8
299220,26.0
299280,23.6
299340,25.0
299400,24.6
299460,25.0
299520,25.6
299580,25.0
299640,24.2
299700,24.8
299760,25.8
299820,26.0
299880,24.8
299940,25.6
300000,25.4
300060,26.8
300120,26.4
300180,25.0
300240,25.6
300300,24.4
300360,26.0
300420,24.6
300480,25.0
300540,24.8
300600,24.6
300660,25.0
300720,25.2
300780,26.2
300840,24.8
300900,26.4
300960,25.2
301020,25.0
301080,26.0
301140,25.4
301200,25.4
301260,24.8
301320,24.8
301380,27.4
301440,25.2
301500,25.0
301560,25.4
301620,25.2
301680,24.8
301740,24.8
301800,26.4
301860,25.4
301920,25.2
301980,25.4
302040,25.0
302100,24.6
302160,26.4
302220,23.4
302280,24.4
302340,25.2
302400,25.4
302460,25.4
302520,24.6
302580,25.2
302640,25.6
302700,26.4
302760,23.8
302820,24.8
302880,27.4
302940,26.2
303000,24.8
303060,25.4
303120,25.8
303180,25.6
303240,23.8
303300,26.2
303360,25.2
303420,23.4
303480,23.6
303540,25.4
303600,24.8
303660,23.6
303720,25.0
303780,24.8
303840,24.6
303900,23.8
303960,25.6
304020,25.4
304080,25.8
304140,25.2
304200,25.6
304260,23.8
304320,24.2
304380,25.4
304440,25.2
304500,24.8
304560,23.8
304620,23.8
304680,24.4
304740,24.6
304800,24.4
304860,25.0
304920,24.0
304980,22.6
305040,25.6
305100,24.2
305160,25.0
305220,24.8
305280,23.4
305340,23.6
305400,25.2
305460,24.8
305520,23.8
305580,23.8
305640,24.6
305700,24.0
305760,23.6
305820,23.8
305880,23.8
305940,24.0
306000,24.6
306060,25.2
306120,23.4
306180,26.0
306240,24.4
306300,25.0
306360,23.4
306420,23.8
306480,23.8
306540,24.8
306600,25.0
306660,24.8
306720,24.4
306780,24.8
306840,25.6
306900,25.8
306960,25.2
307020,24.6
307080,25.0
307140,23.8
307200,25.0
307260,24.6
307320,25.4
307380,24.8
307440,26.0
307500,24.8
307560,22.6
307620,26.8
307680,25.2
307740,24.6
307800,24.4
307860,24.4
307920,23.8
307980,24.2
308040,25.2
308100,24.6
308160,24.6
308220,25.4
308280,25.0
308340,23.6
308400,25.2
308460,24.8
308520,24.0
308580,24.4
308640,25.6
308700,24.6
308760,25.2
308820,22.8
308880,24.8
308940,24.6
309000,25.2
309060,25.6
309120,25.2
309180,25.2
309240,24.6
309300,25.2
309360,25.4
309420,25.4
309480,26.0
309540,23.8
309600,24.6
309660,25.4
309720,25.8
309780,24.8
309840,25.0
309900,23.6
309960,24.8
310020,25.4
310080,24.2
310140,23.8
310200,23.8
310260,25.0
310320,25.6
310380,25.4
310440,25.8
310500,24.4
310560,24.6
310620,25.4
310680,25.4
310740,25.8
310800,26.4
310860,24.2
310920,26.2
310980,23.0
311040,24.4
311100,24.4
311160,25.4
311220,25.0
311280,24.8
311340,26.6
311400,24.4
311460,23.4
311520,25.0
311580,24.2
311640,23.8
311700,25.0
311760,24.0
311820,22.4
311880,22.6
311940,23.4
312000,25.2
312060,23.8
312120,23.8
312180,24.6
312240,25.0
312300,23.0
312360,23.8
312420,23.4
312480,24.6
312540,23.6
312600,24.4
312660,24.6
312720,24.8
312780,25.0
312840,24.6
312900,25.2
312960,23.8
313020,24.2
313080,23.8
313140,23.2
313200,23.2
313260,22.8
313320,23.6
313380,23.2
313440,23.8
313500,23.4
313560,23.8
313620,22.8
313680,23.4
313740,24.6
313800,24.4
313860,24.0
313920,22.6
313980,24.8
314040,22.8
314100,23.4
314160,24.0
314220,24.0
314280,23.4
314340,24.0
314400,24.8
314460,23.8
314520,24.2
314580,23.4
314640,23.8
314700,23.0
314760,24.6
314820,24.4
314880,24.4
314940,24.6
315000,24.0
315060,23.0
315120,23.4
315180,25.2
315240,23.2
315300,24.2
315360,23.0
315420,23.4
315480,24.6
315540,24.8
315600,24.8
315660,25.8
315720,25.4
315780,25.0
315840,23.6
315900,23.4
315960,24.0
316020,24.0
316080,26.0
316140,24.8
316200,25.8
316260,22.8
316320,24.8
316380,23.2
316440,24.0
316500,23.2
316560,24.8
316620,24.2
316680,23.6
316740,24.8
316800,25.0
316860,25.4
316920,24.4
316980,25.2
317040,23.8
317100,24.4
317160,24.6
317220,23.6
317280,24.8
317340,23.8
317400,24.6
317460,24.6
317520,24.2
317580,24.2
317640,23.6
317700,23.2
317760,24.2
317820,24.4
317880,24.6
317940,23.4
318000,23.0
318060,23.4
318120,24.4
318180,23.6
318240,24.8
318300,24.2
318360,24.8
318420,22.6
318480,24.2
318540,24.2
318600,25.2
318660,24.8
318720,24.4
318780,23.6
318840,24.0
318900,24.4
318960,24.4
319020,24.4
319080,24.4
319140,23.8
319200,25.4
319260,25.6
319320,24.6
319380,24.2
319440,23.8
319500,24.2
319560,25.0
319620,25.2
319680,26.2
319740,27.2
319800,24.0
319860,23.8
319920,24.8
319980,24.4
320040,25.0
320100,25.8
320160,24.2
320220,24.8
320280,24.8
320340,25.6
320400,25.6
320460,24.2
320520,25.0
320580,24.0
320640,26.0
320700,24.8
320760,25.6
320820,25.2
320880,24.6
320940,25.6
321000,24.4
321060,23.2
321120,25.2
321180,23.2
321240,25.4
321300,23.8
321360,24.4
321420,24.4
321480,25.0
321540,24.6
321600,23.6
321660,22.6
321720,24.2
321780,24.0
321840,23.4
321900,23.4
321960,24.4
322020,26.2
322080,24.8
322140,24.6
322200,26.0
322260,24.8
322320,25.0
322380,24.8
322440,25.2
322500,24.2
322560,24.2
322620,26.0
322680,26.6
322740,23.6
322800,25.4
322860,25.4
322920,24.6
322980,25.6
323040,24.0
323100,24.2
323160,23.2
323220,23.6
323280,23.2
323340,25.4
323400,24.0
323460,23.4
323520,24.2
323580,25.8
323640,24.2
323700,24.0
323760,23.8
323820,23.6
323880,24.8
323940,24.6
324000,24.6
324060,25.4
324120,22.6
324180,24.2
324240,25.4
324300,24.4
324360,23.4
324420,25.4
324480,23.8
324540,24.4
324600,24.4
324660,23.0
324720,24.4
324780,24.2
324840,24.4
324900,23.8
324960,23.4
325020,24.6
325080,24.2
325140,23.6
325200,25.2
325260,23.4
325320,23.2
325380,23.2
325440,24.2
325500,23.0
325560,23.6
325620,24.2
325680,21.6
325740,23.2
325800,21.6
325860,24.8
325920,23.0
325980,23.6
326040,23.2
326100,23.4
326160,22.8
326220,24.4
326280,23.0
326340,23.0
326400,22.8
326460,24.2
326520,22.2
326580,22.4
326640,23.0
326700,23.0
326760,23.2
326820,23.8
326880,23.6
326940,23.0
327000,24.2
327060,23.4
327120,24.8
327180,24.0
327240,24.0
327300,22.8
327360,24.4
327420,24.6
327480,24.0
327540,23.8
327600,25.2
327660,26.2
327720,24.6
327780,24.2
327840,25.0
327900,25.2
327960,25.4
328020,24.6
328080,23.8
328140,25.2
328200,25.2
328260,25.4
328320,25.0
328380,24.8
328440,25.4
328500,24.8
328560,25.2
328620,25.6
328680,26.2
328740,23.0
328800,25.6
328860,24.6
328920,25.8
328980,26.0
329040,24.6
329100,24.0
329160,26.0
329220,26.2
329280,24.0
329340,25.0
329400,25.2
329460,23.6
329520,26.2
329580,23.2
329640,25.0
329700,26.0
329760,25.8
329820,26.2
329880,24.8
329940,25.0
330000,24.8
330060,25.0
330120,24.2
330180,24.6
330240,22.6
330300,23.0
330360,23.2
330420,25.0
330480,22.4
330540,23.8
330600,23.2
330660,22.4
330720,23.4
330780,21.4
330840,24.6
330900,22.6
330960,22.8
331020,23.0
331080,22.4
331140,23.4
331200,23.6
331260,24.8
331320,23.6
331380,23.6
331440,23.4
331500,23.8
331560,24.8
331620,25.0
331680,24.6
331740,24.6
331800,23.2
331860,24.2
331920,24.8
331980,25.4
332040,25.0
332100,25.2
332160,24.2
332220,25.8
332280,25.0
332340,23.4
332400,24.0
332460,24.4
332520,26.0
332580,24.2
332640,26.4
332700,24.2
332760,24.6
332820,26.6
332880,25.2
332940,25.0
333000,25.2
333060,25.4
333120,23.6
333180,23.6
333240,24.8
333300,26.2
333360,25.2
333420,24.2
333480,23.6
333540,25.6
333600,24.4
333660,25.8
333720,24.6
333780,24.4
333840,24.6
333900,24.2
333960,24.8
334020,24.0
334080,25.8
334140,26.0
334200,24.6
334260,25.2
334320,24.6
334380,25.0
334440,24.2
334500,24.0
334560,25.8
334620,24.4
334680,27.2
334740,25.0
334800,25.8
334860,25.0
334920,24.8
334980,23.8
335040,25.4
335100,23.6
335160,25.4
335220,24.0
335280,25.4
335340,25.0
335400,24.8
335460,23.2
335520,24.0
335580,23.8
335640,25.2
335700,23.4
335760,23.0
335820,24.6
335880,24.4
335940,24.8
336000,23.4
336060,24.8
336120,25.6
336180,24.2
336240,26.0
336300,24.6
336360,25.4
336420,26.0
336480,24.6
336540,23.0
336600,25.6
336660,25.2
336720,24.6
336780,24.6
336840,25.6
336900,24.6
336960,23.6
337020,24.8
337080,23.6
337140,24.8
337200,25.4
337260,22.8
337320,23.6
337380,24.2
337440,25.0
337500,25.0
337560,25.4
337620,23.4
337680,23.2
337740,23.8
337800,24.4
337860,24.4
337920,25.0
337980,24.0
338040,25.0
338100,23.0
338160,24.6
338220,23.2
338280,24.6
338340,26.6
338400,25.0
338460,24.8
338520,22.8
338580,24.4
338640,24.6
338700,23.6
338760,24.8
338820,24.2
338880,23.2
338940,25.6
339000,24.0
339060,23.4
339120,24.6
339180,25.6
339240,25.2
339300,25.4
339360,24.2
339420,26.2
339480,25.6
339540,25.2
339600,24.4
339660,24.6
339720,25.2
339780,24.0
339840,24.6
339900,23.8
339960,22.6
340020,24.4
340080,24.8
340140,25.4
340200,24.6
340260,25.2
340320,24.0
340380,24.0
340440,25.0
340500,25.4
340560,26.0
340620,24.8
340680,24.0
340740,24.6
340800,23.6
340860,23.8
340920,24.4
340980,23.4
341040,26.0
341100,24.4
341160,25.0
341220,23.8
341280,24.0
341340,24.4
341400,24.4
341460,24.8
341520,23.0
341580,24.0
341640,24.2
341700,24.4
341760,25.8
341820,23.6
341880,24.8
341940,25.0
342000,24.0
342060,24.2
342120,25.6
342180,25.0
342240,25.6
342300,24.8
342360,26.4
342420,24.8
342480,26.0
342540,24.8
342600,24.8
342660,24.0
342720,24.2
342780,24.2
342840,25.6
342900,25.4
342960,24.8
343020,25.8
343080,24.2
343140,23.4
343200,24.8
343260,26.4
343320,26.2
343380,25.2
343440,24.0
343500,24.4
343560,22.8
343620,25.2
343680,25.2
343740,24.6
343800,26.4
343860,26.8
343920,24.2
343980,26.4
344040,26.2
344100,23.8
344160,25.0
344220,25.2
344280,25.8
344340,25.0
344400,24.4
344460,25.2
344520,23.8
344580,24.0
344640,24.0
344700,25.0
344760,26.6
344820,25.6
344880,25.8
344940,23.4
345000,25.2
345060,25.6
345120,24.8
345180,24.6
345240,24.6
345300,25.6
345360,25.2
345420,25.0
345480,25.6
345540,24.4
345600,24.2
345660,25.6
345720,24.8
345780,25.6
345840,25.0
345900,25.2
345960,25.2
346020,25.4
346080,26.2
346140,25.4
346200,23.8
346260,25.4
346320,24.8
346380,24.8
346440,24.2
346500,24.0
346560,25.6
346620,24.0
346680,24.8
346740,24.0
346800,25.6
346860,25.0
346920,23.6
346980,25.6
347040,24.8
347100,24.2
347160,24.8
347220,22.8
347280,25.2
347340,24.8
347400,25.4
347460,23.4
347520,25.0
347580,25.4
347640,22.6
347700,23.6
347760,24.0
347820,24.6
347880,24.0
347940,24.2
348000,23.4
348060,24.0
348120,24.2
348180,23.6
348240,24.2
348300,24.4
348360,25.6
348420,23.8
348480,25.4
348540,24.4
348600,24.4
348660,23.8
348720,24.6
348780,24.0
348840,23.6
348900,23.4
348960,24.0
349020,23.4
349080,22.8
349140,23.4
349200,24.8
349260,22.2
349320,23.2
349380,23.4
349440,23.4
349500,23.4
349560,24.0
349620,23.0
349680,23.8
349740,24.4
349800,24.2
349860,23.8
349920,26.2
349980,23.2
350040,24.4
350100,23.6
350160,24.6
350220,24.8
350280,24.0
350340,24.2
350400,24.2
350460,25.6
350520,23.6
350580,24.0
350640,23.2
350700,24.0
350760,24.8
350820,24.6
350880,23.0
350940,24.8
351000,24.4
351060,24.4
351120,25.4
351180,25.6
351240,25.2
351300,24.4
351360,25.4
351420,25.0
351480,26.4
351540,26.0
351600,26.4
351660,25.0
351720,24.4
351780,25.2
351840,24.8
351900,23.6
351960,23.0
352020,23.4
352080,25.0
352140,24.6
352200,24.8
352260,25.4
352320,24.8
352380,25.4
352440,25.8
352500,24.8
352560,23.4
352620,23.2
352680,25.2
352740,27.6
352800,23.6
352860,25.0
352920,24.4
352980,24.2
353040,25.2
353100,24.6
353160,25.4
353220,24.6
353280,24.8
353340,24.4
353400,26.4
353460,24.2
353520,24.6
353580,26.6
353640,24.8
353700,24.6
353760,23.6
353820,24.2
353880,25.6
353940,24.8
354000,23.6
354060,26.4
354120,24.8
354180,24.2
354240,26.0
354300,23.4
354360,23.6
354420,24.8
354480,25.0
354540,25.8
354600,24.0
354660,25.2
354720,23.8
354780,24.0
354840,23.6
354900,25.0
354960,24.4
355020,24.2
355080,24.8
355140,23.6
355200,23.8
355260,25.0
355320,25.4
355380,25.2
355440,24.2
355500,22.8
355560,23.2
355620,24.0
355680,22.6
355740,22.4
355800,25.0
355860,24.2
355920,22.8
355980,24.2
356040,25.2
356100,22.6
356160,24.0
356220,23.4
356280,24.8
356340,24.6
356400,24.8
356460,22.8
356520,22.8
356580,22.4
356640,24.8
356700,22.2
356760,23.2
356820,23.2
356880,24.2
356940,23.2
357000,22.4
357060,24.4
357120,23.2
357180,25.2
357240,23.6
357300,24.8
357360,23.4
357420,25.8
357480,25.0
357540,24.0
357600,24.8
357660,24.6
357720,23.0
357780,24.6
357840,24.0
357900,25.4
357960,23.8
358020,23.4
358080,24.8
358140,25.0
358200,23.2
358260,23.4
358320,25.6
358380,25.4
358440,24.8
358500,26.0
358560,26.6
358620,24.6
358680,25.4
358740,25.4
358800,23.6
358860,24.0
358920,26.2
358980,25.2
359040,25.6
359100,25.2
359160,25.0
359220,25.4
359280,26.0
359340,25.6
359400,26.4
359460,26.6
359520,25.2
359580,25.0
359640,23.6
359700,26.2
359760,24.2
359820,24.8
359880,25.8
359940,25.6
360000,25.4
