#Steps,score
60,1.4
120,1.0
180,1.8
240,1.2
300,1.2
360,1.2
420,1.2
480,1.6
540,1.4
600,1.8
660,1.6
720,1.4
780,1.0
840,0.6
900,1.6
960,0.8
1020,1.2
1080,1.2
1140,0.4
1200,1.6
1260,1.4
1320,1.8
1380,1.0
1440,1.0
1500,2.0
1560,1.2
1620,1.0
1680,0.8
1740,1.2
1800,0.4
1860,0.8
1920,2.0
1980,2.0
2040,1.0
2100,1.2
2160,1.8
2220,1.8
2280,1.0
2340,1.2
2400,1.0
2460,1.2
2520,1.2
2580,1.0
2640,1.0
2700,1.2
2760,1.6
2820,0.6
2880,1.2
2940,1.6
3000,2.0
3060,1.0
3120,1.0
3180,1.0
3240,2.2
3300,0.4
3360,1.4
3420,0.8
3480,1.0
3540,1.4
3600,1.4
3660,1.0
3720,1.2
3780,1.0
3840,0.8
3900,2.0
3960,1.8
4020,0.8
4080,1.8
4140,1.0
4200,0.2
4260,1.2
4320,1.0
4380,1.0
4440,1.8
4500,0.8
4560,1.4
4620,0.8
4680,1.4
4740,1.0
4800,1.8
4860,1.2
4920,1.0
4980,2.0
5040,2.2
5100,2.0
5160,2.0
5220,1.6
5280,1.0
5340,1.8
5400,1.4
5460,1.2
5520,1.4
5580,1.0
5640,1.4
5700,2.0
5760,1.6
5820,1.2
5880,1.8
5940,1.6
6000,1.6
6060,1.2
6120,1.6
6180,1.6
6240,1.6
6300,0.6
6360,1.4
6420,1.8
6480,2.2
6540,1.8
6600,1.2
6660,2.2
6720,0.6
6780,1.0
6840,1.0
6900,2.0
6960,1.4
7020,2.6
7080,0.8
7140,1.6
7200,2.0
7260,1.8
7320,1.4
7380,1.6
7440,1.8
7500,1.4
7560,1.4
7620,1.2
7680,2.6
7740,1.8
7800,2.8
7860,1.4
7920,1.4
7980,1.4
8040,2.2
8100,1.8
8160,2.4
8220,2.0
8280,2.2
8340,1.2
8400,1.6
8460,1.2
8520,2.2
8580,1.8
8640,1.2
8700,2.0
8760,2.8
8820,1.6
8880,3.2
8940,2.2
9000,1.6
9060,4.0
9120,1.8
9180,1.6
9240,2.2
9300,3.2
9360,2.8
9420,2.4
9480,2.6
9540,3.2
9600,3.2
9660,3.0
9720,3.0
9780,3.4
9840,3.0
9900,3.8
9960,3.6
10020,2.0
10080,2.8
10140,2.8
10200,2.4
10260,2.8
10320,2.2
10380,2.6
10440,2.0
10500,4.0
10560,3.8
10620,3.4
10680,4.2
10740,4.0
10800,5.0
10860,4.2
10920,4.8
10980,6.2
11040,7.2
11100,6.8
11160,10.6
11220,10.8
11280,13.0
11340,16.0
11400,18.6
11460,18.8
11520,20.2
11580,20.6
11640,21.8
11700,22.4
11760,23.4
11820,22.6
11880,22.4
11940,22.4
12000,21.6
12060,22.2
12120,24.4
12180,23.8
12240,22.8
12300,23.8
12360,22.6
12420,23.0
12480,21.6
12540,21.2
12600,22.0
12660,20.8
12720,21.6
12780,21.0
12840,22.0
12900,21.8
12960,21.2
13020,21.8
13080,23.0
13140,22.4
13200,22.6
13260,24.2
13320,23.0
13380,23.0
13440,24.8
13500,25.2
13560,24.6
13620,23.0
13680,26.4
13740,23.4
13800,23.6
13860,23.4
13920,25.0
13980,25.0
14040,25.4
14100,23.6
14160,24.8
14220,24.8
14280,23.8
14340,24.2
14400,25.2
14460,24.8
14520,24.2
14580,25.4
14640,23.6
14700,25.4
14760,24.0
14820,25.2
14880,23.0
14940,22.8
15000,24.0
15060,25.0
15120,25.6
15180,24.0
15240,23.0
15300,24.4
15360,23.8
15420,23.4
15480,23.8
15540,22.4
15600,23.2
15660,22.8
15720,23.8
15780,22.0
15840,23.2
15900,22.2
15960,22.0
16020,21.8
16080,22.2
16140,21.2
16200,22.0
16260,23.4
16320,23.4
16380,23.0
16440,23.2
16500,23.6
16560,22.2
16620,23.8
16680,23.0
16740,23.2
16800,24.4
16860,23.4
16920,24.0
16980,23.2
17040,23.6
17100,23.4
17160,23.2
17220,23.2
17280,23.4
17340,23.8
17400,23.8
17460,23.6
17520,23.2
17580,25.2
17640,23.6
17700,23.6
17760,25.0
17820,24.4
17880,24.0
17940,24.8
18000,23.8
18060,24.4
18120,23.8
18180,24.4
18240,23.8
18300,23.6
18360,23.8
18420,24.0
18480,22.2
18540,23.2
18600,23.0
18660,23.6
18720,23.0
18780,23.4
18840,22.6
18900,24.0
18960,22.6
19020,23.6
19080,24.0
19140,21.8
19200,22.8
19260,23.0
19320,23.0
19380,22.4
19440,23.4
19500,23.8
19560,24.4
19620,24.0
19680,23.8
19740,23.2
19800,24.4
19860,23.0
19920,24.0
19980,22.6
20040,22.8
20100,22.6
20160,24.2
20220,23.8
20280,24.8
20340,24.8
20400,24.0
20460,24.4
20520,23.8
20580,25.6
20640,25.6
20700,23.0
20760,25.2
20820,23.4
20880,24.6
20940,24.6
21000,25.0
21060,24.2
21120,24.8
21180,24.2
21240,23.0
21300,24.4
21360,24.4
21420,24.8
21480,25.2
21540,24.2
21600,24.6
21660,25.2
21720,24.0
21780,22.8
21840,24.6
21900,23.8
21960,24.2
22020,25.4
22080,22.6
22140,26.4
22200,25.0
22260,24.8
22320,23.6
22380,24.8
22440,22.8
22500,24.6
22560,24.8
22620,23.8
22680,24.4
22740,24.6
22800,25.0
22860,23.4
22920,24.2
22980,25.6
23040,25.2
23100,25.4
23160,24.0
23220,24.8
23280,23.4
23340,25.4
23400,23.4
23460,23.2
23520,25.6
23580,23.4
23640,21.8
23700,25.2
23760,25.6
23820,25.4
23880,24.6
23940,24.6
24000,23.6
24060,24.2
24120,23.8
24180,24.4
24240,22.6
24300,23.8
24360,23.8
24420,24.6
24480,23.2
24540,25.6
24600,24.2
24660,25.0
24720,23.8
24780,24.0
24840,23.0
24900,24.8
24960,25.0
25020,24.0
25080,24.6
25140,23.8
25200,23.4
25260,24.8
25320,25.0
25380,23.8
25440,24.4
25500,23.8
25560,24.4
25620,24.2
25680,24.4
25740,26.0
25800,24.6
25860,24.0
25920,26.8
25980,24.6
26040,24.4
26100,26.0
26160,25.4
26220,25.2
26280,25.4
26340,24.4
26400,25.0
26460,22.8
26520,25.2
26580,24.4
26640,23.0
26700,23.8
26760,24.4
26820,24.4
26880,26.8
26940,27.2
27000,23.6
27060,24.8
27120,24.0
27180,23.8
27240,24.0
27300,24.0
27360,26.2
27420,23.0
27480,25.0
27540,22.6
27600,24.4
27660,24.6
27720,23.2
27780,24.6
27840,25.8
27900,23.8
27960,23.0
28020,24.8
28080,25.0
28140,23.6
28200,22.8
28260,23.2
28320,24.6
28380,26.0
28440,24.2
28500,24.0
28560,25.0
28620,23.4
28680,25.2
28740,25.0
28800,24.2
28860,24.6
28920,24.6
28980,24.8
29040,24.8
29100,23.4
29160,24.4
29220,23.4
29280,26.0
29340,23.8
29400,25.4
29460,24.6
29520,25.0
29580,24.8
29640,24.0
29700,25.6
29760,24.4
29820,24.8
29880,26.0
29940,24.6
30000,24.2
30060,24.0
30120,23.6
30180,25.4
30240,25.2
30300,23.6
30360,24.8
30420,23.8
30480,23.4
30540,24.2
30600,25.0
30660,24.6
30720,25.2
30780,25.8
30840,24.8
30900,24.0
30960,23.0
31020,24.2
31080,26.6
31140,24.4
31200,25.4
31260,25.2
31320,24.6
31380,24.4
31440,23.8
31500,27.2
31560,23.4
31620,26.6
31680,23.6
31740,24.6
31800,23.8
31860,24.8
31920,23.8
31980,25.4
32040,24.2
32100,24.4
32160,23.8
32220,23.6
32280,24.8
32340,24.2
32400,22.8
32460,24.6
32520,24.0
32580,25.2
32640,23.2
32700,24.6
32760,23.0
32820,25.0
32880,23.8
32940,24.4
33000,23.4
33060,23.6
33120,24.4
33180,23.8
33240,24.4
33300,25.0
33360,24.2
33420,25.0
33480,23.4
33540,24.4
33600,23.6
33660,24.8
33720,24.2
33780,23.8
33840,22.8
33900,24.6
33960,24.0
34020,23.6
34080,25.6
34140,25.2
34200,24.2
34260,24.4
34320,23.4
34380,25.6
34440,23.4
34500,24.2
34560,24.0
34620,25.2
34680,24.4
34740,25.2
34800,22.4
34860,25.4
34920,25.0
34980,23.4
35040,24.4
35100,23.4
35160,24.8
35220,22.8
35280,24.8
35340,25.0
35400,24.8
35460,24.6
35520,23.0
35580,23.6
35640,24.0
35700,23.8
35760,25.8
35820,25.4
35880,25.4
35940,22.8
36000,25.4
36060,24.4
36120,25.6
36180,23.8
36240,23.6
36300,24.0
36360,24.0
36420,23.4
36480,24.0
36540,23.6
36600,22.8
36660,22.8
36720,23.2
36780,25.0
36840,24.6
36900,23.8
36960,25.0
37020,24.2
37080,24.0
37140,23.4
37200,25.4
37260,23.4
37320,23.4
37380,24.6
37440,22.6
37500,23.6
37560,24.8
37620,23.0
37680,23.6
37740,23.6
37800,24.2
37860,23.6
37920,25.2
37980,23.8
38040,25.4
38100,25.2
38160,25.2
38220,24.6
38280,24.6
38340,23.6
38400,24.0
38460,24.6
38520,25.0
38580,23.8
38640,24.0
38700,26.0
38760,25.2
38820,24.0
38880,23.8
38940,24.4
39000,24.0
39060,24.2
39120,25.8
39180,24.6
39240,24.0
39300,24.4
39360,23.2
39420,23.6
39480,25.0
39540,24.8
39600,24.0
39660,24.4
39720,24.6
39780,25.6
39840,25.2
39900,24.6
39960,25.0
40020,23.0
40080,24.2
40140,24.8
40200,24.8
40260,23.6
40320,24.0
40380,25.8
40440,24.4
40500,24.6
40560,25.0
40620,23.2
40680,24.8
40740,24.4
40800,25.4
40860,26.2
40920,24.4
40980,25.0
41040,23.6
41100,23.0
41160,24.8
41220,23.4
41280,25.8
41340,25.0
41400,24.6
41460,24.2
41520,24.0
41580,24.4
41640,24.8
41700,23.8
41760,23.0
41820,25.6
41880,25.4
41940,24.4
42000,24.4
42060,23.0
42120,23.8
42180,24.0
42240,23.8
42300,23.4
42360,25.0
42420,24.8
42480,24.2
42540,26.4
42600,25.6
42660,25.0
42720,25.0
42780,24.8
42840,25.4
42900,26.6
42960,24.8
43020,24.4
43080,22.8
43140,25.2
43200,24.2
43260,24.8
43320,24.6
43380,24.8
43440,24.0
43500,24.6
43560,23.8
43620,24.2
43680,24.2
43740,24.6
43800,24.8
43860,23.8
43920,23.6
43980,25.0
44040,25.6
44100,24.8
44160,23.8
44220,24.6
44280,22.8
44340,24.4
44400,24.8
44460,24.6
44520,25.0
44580,24.2
44640,24.0
44700,25.0
44760,23.4
44820,23.6
44880,25.2
44940,24.6
45000,24.2
