#Steps,score
60,1.6
120,2.0
180,1.4
240,0.8
300,1.6
360,2.0
420,0.6
480,1.4
540,1.4
600,0.4
660,1.8
720,0.6
780,1.6
840,1.6
900,1.0
960,1.2
1020,0.2
1080,1.6
1140,1.0
1200,1.4
1260,1.0
1320,1.8
1380,1.2
1440,0.8
1500,1.2
1560,1.0
1620,2.2
1680,0.4
1740,1.2
1800,1.6
1860,1.0
1920,0.6
1980,1.2
2040,1.8
2100,1.8
2160,1.4
2220,1.0
2280,1.4
2340,1.0
2400,1.2
2460,1.2
2520,1.0
2580,0.8
2640,1.0
2700,0.4
2760,1.2
2820,0.8
2880,1.0
2940,1.4
3000,1.0
3060,1.6
3120,1.6
3180,0.8
3240,1.2
3300,0.6
3360,0.8
3420,0.8
3480,1.2
3540,1.6
3600,0.4
3660,1.2
3720,0.4
3780,1.0
3840,1.4
3900,1.0
3960,1.0
4020,0.8
4080,1.2
4140,1.6
4200,0.4
4260,0.4
4320,1.4
4380,1.6
4440,1.6
4500,1.8
4560,1.4
4620,1.6
4680,1.6
4740,2.2
4800,1.6
4860,1.2
4920,1.6
4980,0.4
5040,1.0
5100,0.4
5160,1.2
5220,0.8
5280,1.2
5340,1.2
5400,1.0
5460,1.0
5520,1.2
5580,1.2
5640,0.4
5700,1.2
5760,1.0
5820,0.6
5880,0.6
5940,1.6
6000,1.6
6060,0.8
6120,2.2
6180,0.6
6240,1.0
6300,0.4
6360,1.4
6420,1.0
6480,1.6
6540,1.6
6600,2.0
6660,1.2
6720,0.4
6780,1.4
6840,1.0
6900,0.6
6960,1.8
7020,1.4
7080,1.2
7140,1.0
7200,0.8
7260,1.0
7320,1.2
7380,1.8
7440,2.0
7500,0.6
7560,0.8
7620,0.8
7680,1.8
7740,1.8
7800,0.6
7860,0.8
7920,1.6
7980,1.2
8040,1.6
8100,1.4
8160,1.8
8220,1.8
8280,0.8
8340,1.4
8400,2.2
8460,1.4
8520,1.0
8580,1.6
8640,1.8
8700,1.6
8760,0.8
8820,0.6
8880,0.8
8940,1.4
9000,1.4
9060,1.0
9120,1.4
9180,0.4
9240,1.4
9300,0.8
9360,1.6
9420,2.2
9480,1.0
9540,1.6
9600,2.4
9660,1.4
9720,1.6
9780,1.4
9840,1.6
9900,1.4
9960,1.4
10020,1.8
10080,0.8
10140,1.0
10200,1.4
10260,0.6
10320,1.0
10380,1.2
10440,1.4
10500,1.6
10560,1.2
10620,1.0
10680,1.0
10740,0.6
10800,1.0
10860,1.4
10920,1.6
10980,1.0
11040,1.2
11100,2.6
11160,0.8
11220,1.8
11280,0.8
11340,1.0
11400,0.8
11460,1.2
11520,1.2
11580,1.6
11640,1.6
11700,1.4
11760,2.2
11820,1.0
11880,1.4
11940,2.4
12000,2.0
12060,1.8
12120,1.0
12180,1.2
12240,1.2
12300,1.4
12360,1.0
12420,1.8
12480,1.0
12540,1.0
12600,1.0
12660,1.6
12720,1.8
12780,1.2
12840,0.4
12900,1.2
12960,1.4
13020,1.2
13080,1.4
13140,1.6
13200,1.8
13260,1.0
13320,2.0
13380,2.4
13440,0.8
13500,1.2
13560,0.6
13620,1.6
13680,1.2
13740,1.0
13800,2.0
13860,1.0
13920,1.4
13980,1.2
14040,1.8
14100,0.6
14160,1.2
14220,0.2
14280,1.2
14340,2.0
14400,1.6
14460,2.0
14520,1.2
14580,0.8
14640,1.8
14700,0.8
14760,1.4
14820,2.0
14880,1.2
14940,1.2
15000,1.4
15060,1.2
15120,0.6
15180,1.6
15240,1.4
15300,0.6
15360,1.0
15420,1.4
15480,1.0
15540,2.6
15600,1.4
15660,1.8
15720,3.0
15780,1.2
15840,1.4
15900,1.4
15960,1.6
16020,1.8
16080,1.8
16140,1.6
16200,1.2
16260,2.2
16320,1.6
16380,2.8
16440,1.8
16500,1.8
16560,1.4
16620,1.4
16680,1.0
16740,1.4
16800,1.4
16860,1.6
16920,0.8
16980,1.4
17040,1.2
17100,0.6
17160,1.6
17220,2.6
17280,1.8
17340,1.2
17400,1.6
17460,1.4
17520,0.8
17580,2.0
17640,1.6
17700,1.4
17760,1.6
17820,2.0
17880,1.8
17940,1.2
18000,2.6
18060,2.2
18120,1.4
18180,1.6
18240,1.6
18300,2.6
18360,1.4
18420,1.6
18480,1.6
18540,1.8
18600,0.8
18660,1.2
18720,1.6
18780,1.2
18840,2.2
18900,2.4
18960,1.0
19020,1.8
19080,1.6
19140,1.4
19200,1.4
19260,0.8
19320,1.6
19380,1.2
19440,1.6
19500,2.0
19560,1.4
19620,1.6
19680,1.4
19740,1.8
19800,2.4
19860,1.4
19920,1.6
19980,1.4
20040,2.8
20100,3.2
20160,2.6
20220,2.4
20280,3.2
20340,1.4
20400,1.6
20460,1.8
20520,3.0
20580,1.8
20640,2.0
20700,2.0
20760,2.0
20820,2.6
20880,2.8
20940,1.4
21000,2.4
21060,2.2
21120,2.0
21180,3.0
21240,1.6
21300,1.8
21360,2.0
21420,3.0
21480,2.2
21540,3.4
21600,2.4
21660,3.2
21720,2.8
21780,3.4
21840,2.4
21900,3.4
21960,4.4
22020,5.0
22080,4.4
22140,4.6
22200,7.2
22260,5.8
22320,4.4
22380,5.6
22440,5.4
22500,4.8
22560,4.2
22620,4.8
22680,6.8
22740,8.0
22800,8.8
22860,8.6
22920,10.2
22980,12.2
23040,12.4
23100,15.0
23160,15.6
23220,19.0
23280,19.8
23340,20.2
23400,20.6
23460,21.4
23520,20.6
23580,20.8
23640,21.0
23700,22.4
23760,23.0
23820,22.4
23880,23.6
23940,23.2
24000,22.8
24060,23.6
24120,21.6
24180,21.6
24240,21.4
24300,22.6
24360,22.0
24420,19.6
24480,20.8
24540,20.2
24600,20.4
24660,21.4
24720,21.6
24780,21.6
24840,22.0
24900,23.8
24960,23.8
25020,23.4
25080,23.0
25140,22.4
25200,22.0
25260,23.0
25320,23.8
25380,23.0
25440,23.2
25500,22.6
25560,21.2
25620,22.2
25680,23.0
25740,23.8
25800,24.4
25860,23.2
25920,23.4
25980,23.8
26040,23.2
26100,22.2
26160,23.6
26220,22.2
26280,23.2
26340,20.8
26400,22.2
26460,21.4
26520,21.8
26580,21.8
26640,20.6
26700,21.2
26760,23.8
26820,21.8
26880,24.6
26940,22.6
27000,23.2
27060,23.0
27120,24.0
27180,23.8
27240,25.0
27300,24.2
27360,23.4
27420,22.2
27480,22.8
27540,22.2
27600,24.0
27660,24.0
27720,22.6
27780,24.8
27840,22.6
27900,24.6
27960,23.6
28020,24.8
28080,23.6
28140,24.2
28200,22.6
28260,23.8
28320,23.0
28380,23.2
28440,24.4
28500,24.2
28560,23.0
28620,23.8
28680,23.0
28740,24.0
28800,22.4
28860,22.4
28920,22.2
28980,22.4
29040,23.2
29100,24.2
29160,24.0
29220,22.6
29280,24.4
29340,24.8
29400,24.0
29460,23.8
29520,22.8
29580,24.6
29640,23.4
29700,22.8
29760,23.0
29820,22.4
29880,23.6
29940,24.6
30000,22.6
30060,23.8
30120,23.0
30180,22.8
30240,23.4
30300,23.8
30360,24.2
30420,24.2
30480,25.2
30540,24.6
30600,24.2
30660,23.2
30720,23.8
30780,25.2
30840,24.4
30900,24.4
30960,23.2
31020,23.6
31080,24.4
31140,24.4
31200,22.4
31260,24.4
31320,24.0
31380,24.8
31440,24.6
31500,23.4
31560,23.4
31620,24.8
31680,24.4
31740,24.0
31800,26.4
31860,25.0
31920,23.0
31980,24.0
32040,23.6
32100,24.0
32160,23.2
32220,24.6
32280,25.0
32340,25.8
32400,24.2
32460,24.4
32520,23.8
32580,23.2
32640,24.0
32700,23.8
32760,25.6
32820,22.8
32880,24.4
32940,22.4
33000,24.2
33060,24.2
33120,23.0
33180,23.8
33240,24.0
33300,24.6
33360,23.2
33420,24.8
33480,21.8
33540,23.8
33600,26.0
33660,24.6
33720,23.6
33780,23.4
33840,24.8
33900,24.6
33960,25.4
34020,24.4
34080,23.6
34140,24.8
34200,22.6
34260,24.4
34320,23.6
34380,23.8
34440,24.6
34500,24.2
34560,25.8
34620,23.6
34680,24.2
34740,23.6
34800,24.6
34860,23.8
34920,24.6
34980,25.0
35040,23.6
35100,22.6
35160,24.6
35220,24.8
35280,25.2
35340,23.6
35400,23.8
35460,25.8
35520,24.6
35580,23.2
35640,25.2
35700,23.0
35760,24.0
35820,23.8
35880,23.8
35940,25.2
36000,24.8
36060,25.2
36120,24.0
36180,25.8
36240,23.6
36300,23.4
36360,25.0
36420,25.6
36480,22.6
36540,25.0
36600,25.0
36660,24.2
36720,22.8
36780,25.0
36840,24.0
36900,24.2
36960,24.6
37020,24.2
37080,25.8
37140,21.8
37200,24.6
37260,23.8
37320,24.0
37380,23.0
37440,24.6
37500,25.8
37560,26.0
37620,24.4
37680,25.2
37740,23.8
37800,24.2
37860,24.2
37920,25.0
37980,24.8
38040,24.0
38100,23.2
38160,23.4
38220,25.2
38280,25.6
38340,23.6
38400,24.8
38460,24.2
38520,24.6
38580,23.6
38640,24.4
38700,23.4
38760,25.0
38820,23.6
38880,23.8
38940,24.6
39000,25.2
39060,24.2
39120,24.8
39180,23.4
39240,25.6
39300,23.0
39360,24.6
39420,24.2
39480,23.0
39540,23.4
39600,23.8
39660,23.2
39720,24.8
39780,25.0
39840,24.6
39900,24.0
39960,25.6
40020,23.8
40080,24.4
40140,24.2
40200,23.2
40260,24.2
40320,23.4
40380,23.6
40440,22.6
40500,24.6
40560,23.2
40620,22.2
40680,23.8
40740,24.0
40800,23.2
40860,24.0
40920,23.0
40980,24.4
41040,24.0
41100,24.2
41160,23.0
41220,23.2
41280,25.2
41340,24.0
41400,23.2
41460,25.0
41520,24.4
41580,24.6
41640,23.8
41700,24.6
41760,25.0
41820,23.8
41880,22.8
41940,24.2
42000,24.0
42060,24.4
42120,25.6
42180,24.6
42240,24.4
42300,25.2
42360,23.8
42420,24.2
42480,22.8
42540,25.2
42600,24.8
42660,25.8
42720,23.4
42780,24.6
42840,23.8
42900,23.2
42960,25.0
43020,25.0
43080,24.6
43140,25.2
43200,25.0
43260,25.6
43320,25.2
43380,25.0
43440,23.6
43500,26.0
43560,24.8
43620,24.2
43680,23.8
43740,25.2
43800,23.0
43860,24.6
43920,24.0
43980,24.4
44040,24.6
44100,25.2
44160,24.8
44220,25.2
44280,24.2
44340,26.2
44400,24.8
44460,26.0
44520,25.2
44580,23.6
44640,23.4
44700,24.4
44760,24.2
44820,24.4
44880,24.8
44940,24.2
45000,25.0
45060,23.8
45120,25.0
45180,24.6
45240,25.0
45300,24.4
45360,24.2
45420,25.2
45480,25.4
45540,24.8
45600,22.2
45660,23.2
45720,24.4
45780,22.8
45840,22.6
45900,23.6
45960,24.4
46020,24.4
46080,25.0
46140,24.0
46200,23.4
46260,23.4
46320,23.6
46380,24.4
46440,24.2
46500,23.0
46560,23.6
46620,24.0
46680,24.2
46740,23.0
46800,23.6
46860,22.8
46920,23.0
46980,23.0
47040,24.2
47100,24.4
47160,21.6
47220,25.8
47280,24.0
47340,23.0
47400,24.0
47460,23.2
47520,24.0
47580,24.0
47640,23.6
47700,24.2
47760,23.6
47820,23.6
47880,22.2
47940,23.0
48000,23.2
48060,23.4
48120,23.2
48180,23.4
48240,23.6
48300,23.8
48360,23.0
48420,22.2
48480,23.4
48540,24.6
48600,25.0
48660,22.0
48720,24.4
48780,24.8
48840,24.6
48900,25.2
48960,24.4
49020,24.8
49080,24.6
49140,24.6
49200,26.2
49260,24.2
49320,24.0
49380,23.8
49440,24.2
49500,23.6
49560,25.4
49620,25.0
49680,23.8
49740,24.2
49800,25.2
49860,25.2
49920,25.2
49980,24.4
50040,24.2
50100,24.8
50160,25.4
50220,25.2
50280,24.4
50340,26.2
50400,24.4
50460,24.4
50520,24.8
50580,25.4
50640,25.0
50700,24.4
50760,24.0
50820,24.0
50880,25.0
50940,23.2
51000,24.2
51060,24.2
51120,25.2
51180,25.6
51240,24.2
51300,24.6
51360,22.6
51420,25.0
51480,24.6
51540,24.6
51600,24.8
51660,25.0
51720,26.2
51780,24.4
51840,25.4
51900,24.2
51960,23.4
52020,25.2
52080,25.2
52140,25.6
52200,23.6
52260,24.4
52320,25.8
52380,23.2
52440,24.6
52500,22.8
52560,25.8
52620,26.0
52680,24.2
52740,24.8
52800,25.4
52860,24.6
52920,25.4
52980,24.8
53040,25.0
53100,25.2
53160,26.2
53220,25.2
53280,24.0
53340,25.4
53400,23.8
53460,24.8
53520,24.0
53580,25.2
53640,25.6
53700,24.2
53760,26.0
53820,24.4
53880,24.8
53940,25.0
54000,26.0
54060,23.6
54120,24.6
54180,23.8
54240,25.2
54300,24.6
54360,24.4
54420,23.4
54480,24.2
54540,24.0
54600,22.8
54660,24.4
54720,23.6
54780,21.0
54840,24.4
54900,23.8
54960,24.6
55020,24.6
55080,24.8
55140,23.6
55200,24.0
55260,23.0
55320,23.2
55380,24.8
55440,24.8
55500,23.0
55560,23.2
55620,23.2
55680,23.4
55740,24.4
55800,23.4
55860,23.2
55920,23.0
55980,23.0
56040,23.8
56100,23.4
56160,24.2
56220,24.6
56280,25.0
56340,23.8
56400,25.4
56460,25.2
56520,24.2
56580,24.8
56640,25.6
56700,25.4
56760,25.4
56820,26.4
56880,24.0
56940,24.8
57000,24.4
57060,25.0
57120,24.8
57180,23.2
57240,24.8
57300,25.6
57360,23.8
57420,24.0
57480,25.2
57540,24.6
57600,23.0
57660,23.0
57720,25.4
57780,25.6
57840,23.6
57900,24.2
57960,23.6
58020,24.6
58080,25.2
58140,22.8
58200,24.2
58260,24.4
58320,24.4
58380,26.4
58440,23.4
58500,23.6
58560,25.2
58620,24.2
58680,25.2
58740,24.8
58800,25.6
58860,24.0
58920,23.8
58980,23.6
59040,24.4
59100,24.8
59160,25.4
59220,23.8
59280,22.8
59340,25.6
59400,25.6
59460,23.0
59520,23.6
59580,23.4
59640,24.4
59700,23.8
59760,24.0
59820,23.6
59880,23.4
59940,24.6
60000,22.8
60060,23.0
60120,24.4
60180,23.4
60240,23.6
60300,26.0
60360,23.8
60420,25.0
60480,24.2
60540,25.4
60600,25.2
60660,23.2
60720,24.8
60780,24.2
60840,22.6
60900,23.8
60960,23.8
61020,25.0
61080,24.4
61140,25.0
61200,23.4
61260,25.2
61320,24.6
61380,24.4
61440,24.0
61500,25.6
61560,24.0
61620,24.0
61680,23.2
61740,24.4
61800,25.2
61860,24.6
61920,23.2
61980,25.2
62040,23.6
62100,24.2
62160,24.8
62220,23.6
62280,23.8
62340,23.2
62400,23.2
62460,24.4
62520,24.8
62580,23.8
62640,24.0
62700,24.6
62760,24.2
62820,24.2
62880,24.4
62940,24.2
63000,26.0
63060,24.2
63120,25.0
63180,24.2
63240,24.4
63300,26.2
63360,24.0
63420,25.2
63480,25.0
63540,25.0
63600,25.6
63660,24.6
63720,25.0
63780,25.8
63840,23.4
63900,23.6
63960,24.6
64020,24.8
64080,23.6
64140,24.8
64200,24.4
64260,24.6
64320,23.2
64380,24.8
64440,25.6
64500,25.2
64560,25.8
64620,25.2
64680,24.6
64740,23.6
64800,24.0
64860,23.2
64920,25.4
64980,23.4
65040,23.6
65100,24.2
65160,25.2
65220,23.2
65280,25.2
65340,25.4
65400,24.8
65460,24.0
65520,24.6
65580,22.8
65640,22.6
65700,23.8
65760,23.6
65820,22.2
65880,23.2
65940,22.8
66000,23.6
66060,25.6
66120,24.2
66180,25.8
66240,24.4
66300,26.0
66360,25.8
66420,24.6
66480,24.8
66540,24.2
66600,25.0
66660,25.0
66720,25.0
66780,23.8
66840,25.0
66900,24.6
66960,25.0
67020,24.2
67080,24.0
67140,24.8
67200,24.8
67260,24.6
67320,26.2
67380,24.6
67440,25.0
67500,24.4
67560,25.4
67620,24.6
67680,23.4
67740,24.2
67800,23.6
67860,24.8
67920,25.2
67980,23.2
68040,25.0
68100,24.2
68160,24.2
68220,25.4
68280,25.4
68340,23.8
68400,24.4
68460,25.2
68520,24.8
68580,25.6
68640,23.6
68700,24.2
68760,24.2
68820,23.8
68880,23.8
68940,23.6
69000,24.4
69060,23.2
69120,23.0
69180,24.4
69240,22.8
69300,24.0
69360,23.8
69420,24.0
69480,25.0
69540,25.4
69600,24.8
69660,24.0
69720,24.0
69780,23.4
69840,25.6
69900,23.8
69960,24.6
70020,23.4
70080,23.8
70140,23.6
70200,24.8
70260,23.2
70320,23.6
70380,23.4
70440,24.0
70500,23.4
70560,23.4
70620,23.4
70680,23.8
70740,23.0
70800,22.6
70860,24.0
70920,24.2
70980,22.8
71040,24.6
71100,23.8
71160,23.0
71220,22.2
71280,26.0
71340,23.8
71400,23.8
71460,25.4
71520,24.0
71580,24.0
71640,23.8
71700,23.8
71760,25.2
71820,23.6
71880,22.8
71940,23.0
72000,24.4
72060,24.0
72120,23.6
72180,24.8
72240,24.8
72300,24.2
72360,24.6
72420,23.8
72480,25.6
72540,25.8
72600,25.0
72660,25.6
72720,25.0
72780,24.2
72840,24.4
72900,23.6
72960,24.2
73020,25.6
73080,25.6
73140,23.8
73200,24.4
73260,26.4
73320,24.2
73380,24.0
73440,23.6
73500,26.0
73560,24.8
73620,24.2
73680,24.6
73740,24.8
73800,24.8
73860,24.8
73920,25.0
73980,24.0
74040,24.8
74100,24.2
74160,25.0
74220,23.6
74280,25.2
74340,24.6
74400,23.0
74460,24.4
74520,24.8
74580,23.4
74640,24.6
74700,24.6
74760,25.6
74820,25.2
74880,27.0
74940,24.6
75000,23.0
75060,25.0
75120,25.2
75180,24.8
75240,24.6
75300,25.0
75360,23.8
75420,24.4
75480,24.6
75540,26.2
75600,25.0
75660,25.4
75720,25.0
75780,24.6
75840,25.0
75900,24.2
75960,26.0
76020,24.0
76080,24.2
76140,24.6
76200,23.6
76260,24.2
76320,25.0
76380,25.2
76440,25.4
76500,24.4
76560,24.8
76620,24.2
76680,22.6
76740,24.6
76800,25.8
76860,24.4
76920,25.0
76980,24.4
77040,24.4
77100,25.0
77160,24.8
77220,25.6
77280,24.6
77340,26.4
77400,25.6
77460,24.2
77520,24.6
77580,24.2
77640,26.0
77700,24.2
77760,24.6
77820,24.0
77880,25.2
77940,25.8
78000,25.2
78060,25.0
78120,24.2
78180,24.4
78240,26.0
78300,26.2
78360,24.6
78420,23.4
78480,23.6
78540,24.2
78600,25.8
78660,25.2
78720,23.2
78780,25.0
78840,24.4
78900,27.2
78960,23.6
79020,23.6
79080,25.2
79140,24.2
79200,24.0
79260,23.6
79320,23.0
79380,25.6
79440,24.2
79500,24.6
79560,24.6
79620,24.2
79680,24.6
79740,22.6
79800,24.8
79860,24.6
79920,24.4
79980,23.8
80040,25.8
80100,25.8
80160,24.4
80220,25.6
80280,24.0
80340,23.6
80400,24.2
80460,23.8
80520,25.2
80580,24.8
80640,24.2
80700,24.0
80760,23.4
80820,25.0
80880,25.0
80940,23.4
81000,25.2
81060,24.0
81120,25.2
81180,25.0
81240,24.8
81300,24.2
81360,25.8
81420,24.4
81480,24.0
81540,25.2
81600,25.0
81660,25.0
81720,24.6
81780,23.4
81840,24.0
81900,25.4
81960,24.2
82020,24.8
82080,24.0
82140,24.6
82200,25.6
82260,24.2
82320,24.6
82380,23.6
82440,25.2
82500,23.4
82560,23.8
82620,24.0
82680,23.2
82740,26.2
82800,26.0
82860,24.6
82920,24.2
82980,24.4
83040,22.8
83100,23.6
83160,24.4
83220,24.0
83280,23.4
83340,23.0
83400,24.8
83460,24.0
83520,24.0
83580,24.4
83640,23.6
83700,23.4
83760,23.4
83820,23.4
83880,24.8
83940,25.0
84000,23.6
84060,25.4
84120,24.4
84180,24.2
84240,24.4
84300,24.2
84360,25.0
84420,25.8
84480,24.2
84540,23.8
84600,26.6
84660,24.8
84720,25.2
84780,26.6
84840,25.0
84900,23.0
84960,26.2
85020,24.0
85080,24.8
85140,25.2
85200,25.6
85260,23.8
85320,25.0
85380,24.4
85440,24.0
85500,26.6
85560,26.2
85620,26.0
85680,26.0
85740,22.8
85800,25.0
85860,23.8
85920,25.4
85980,26.0
86040,23.8
86100,24.2
86160,25.6
86220,24.0
86280,23.8
86340,24.2
86400,24.0
86460,26.2
86520,24.6
86580,25.2
86640,25.6
86700,25.8
86760,24.4
86820,23.6
86880,23.2
86940,24.2
87000,24.6
87060,24.2
87120,24.0
87180,23.8
87240,25.0
87300,23.8
87360,24.4
87420,23.6
87480,24.0
87540,24.6
87600,23.6
87660,23.8
87720,25.8
87780,24.0
87840,24.0
87900,24.4
87960,23.6
88020,23.6
88080,23.4
88140,24.4
88200,24.0
88260,25.4
88320,23.4
88380,24.2
88440,24.4
88500,24.6
88560,24.6
88620,23.8
88680,24.6
88740,25.0
88800,25.2
88860,24.6
88920,24.4
88980,24.4
89040,24.8
89100,23.8
89160,25.6
89220,24.6
89280,23.8
89340,25.8
89400,25.0
89460,25.4
89520,24.8
89580,24.0
89640,24.4
89700,24.4
89760,26.2
89820,24.6
89880,25.6
89940,23.6
90000,25.2
90060,25.0
90120,25.2
90180,25.0
90240,24.6
90300,24.6
90360,25.6
90420,25.2
90480,22.2
90540,25.6
90600,24.2
90660,25.0
90720,25.2
90780,24.6
90840,25.6
90900,24.6
90960,24.6
91020,24.6
91080,24.2
91140,25.0
91200,24.2
91260,24.2
91320,25.2
91380,25.2
91440,26.4
91500,24.4
91560,25.8
91620,24.6
91680,24.8
91740,24.8
91800,22.8
91860,25.2
91920,26.2
91980,26.0
92040,24.8
92100,24.8
92160,26.2
92220,25.4
92280,25.2
92340,24.8
92400,24.6
92460,25.0
92520,23.0
92580,23.4
92640,25.4
92700,24.6
92760,25.4
92820,24.2
92880,24.0
92940,26.2
93000,24.8
93060,25.2
93120,23.8
93180,24.2
93240,23.2
93300,24.4
93360,25.2
93420,24.2
93480,24.6
93540,24.2
93600,24.2
93660,24.2
93720,23.4
93780,23.4
93840,25.6
93900,26.2
93960,24.0
94020,24.6
94080,23.8
94140,24.2
94200,24.8
94260,25.0
94320,24.2
94380,24.8
94440,23.6
94500,25.6
94560,24.6
94620,24.4
94680,24.6
94740,25.8
94800,25.4
94860,24.6
94920,24.6
94980,24.4
95040,25.8
95100,25.4
95160,25.8
95220,23.6
95280,25.4
95340,25.2
95400,25.4
95460,24.0
95520,24.8
95580,25.0
95640,25.0
95700,25.0
95760,23.4
95820,24.8
95880,25.4
95940,23.8
96000,24.0
96060,24.4
96120,25.0
96180,25.4
96240,23.8
96300,25.0
96360,23.6
96420,24.4
96480,25.0
96540,24.8
96600,25.0
96660,24.4
96720,24.2
96780,27.2
96840,26.4
96900,26.6
96960,24.0
97020,25.6
97080,24.8
97140,24.2
97200,25.0
97260,23.8
97320,25.8
97380,26.0
97440,25.0
97500,23.4
97560,26.4
97620,24.8
97680,24.4
97740,25.2
97800,24.0
97860,24.2
97920,24.0
97980,23.4
98040,23.2
98100,23.6
98160,25.4
98220,25.4
98280,25.8
98340,23.8
98400,25.8
98460,23.4
98520,26.4
98580,24.8
98640,24.6
98700,24.6
98760,25.4
98820,24.8
98880,23.8
98940,24.4
99000,24.2
99060,24.6
99120,26.8
99180,24.6
99240,25.0
99300,25.4
99360,25.6
99420,23.8
99480,25.4
99540,25.4
99600,25.0
99660,24.6
99720,23.8
99780,23.6
99840,24.2
99900,25.4
99960,24.8
100020,25.8
100080,24.8
100140,23.6
100200,25.0
100260,25.2
100320,24.6
100380,24.6
100440,24.6
100500,24.4
100560,24.4
100620,25.0
100680,23.8
100740,24.4
100800,24.4
100860,25.4
100920,24.2
100980,23.6
101040,24.6
101100,24.0
101160,25.0
101220,23.6
101280,25.2
101340,23.0
101400,24.6
101460,25.6
101520,24.8
101580,24.2
101640,24.8
101700,22.4
101760,23.8
101820,24.2
101880,23.8
101940,24.0
102000,24.0
102060,23.8
102120,25.4
102180,24.2
102240,24.4
102300,25.2
102360,23.6
102420,24.2
102480,24.4
102540,24.2
102600,23.4
102660,25.0
102720,24.2
102780,24.0
102840,24.2
102900,24.2
102960,26.2
103020,24.2
103080,24.2
103140,25.4
103200,24.6
103260,24.8
103320,26.0
103380,24.6
103440,24.6
103500,23.6
103560,24.8
103620,24.8
103680,26.0
103740,24.8
103800,25.4
103860,23.4
103920,24.0
103980,22.4
104040,25.2
104100,25.0
104160,24.4
104220,26.2
104280,25.6
104340,24.2
104400,24.2
104460,24.8
104520,25.6
104580,25.2
104640,27.0
104700,25.4
104760,26.0
104820,24.8
104880,25.0
104940,24.8
105000,25.6
105060,23.0
105120,24.4
105180,24.6
105240,24.0
105300,25.4
105360,24.2
105420,24.2
105480,26.4
105540,25.4
105600,23.4
105660,23.8
105720,24.4
105780,25.2
105840,23.8
105900,23.0
105960,24.0
106020,24.8
106080,24.2
106140,24.6
106200,24.8
106260,25.8
106320,23.8
106380,25.0
106440,25.2
106500,23.8
106560,22.8
106620,24.4
106680,25.8
106740,24.4
106800,24.0
106860,23.6
106920,24.0
106980,25.0
107040,24.8
107100,24.4
107160,23.8
107220,22.8
107280,25.0
107340,24.2
107400,25.4
107460,24.2
107520,23.2
107580,24.0
107640,23.8
107700,24.2
107760,24.6
107820,24.4
107880,24.8
107940,25.4
108000,24.0
108060,24.6
108120,25.0
108180,23.4
108240,25.8
108300,24.2
108360,24.4
108420,23.4
108480,24.2
108540,25.0
108600,25.2
108660,24.2
108720,24.8
108780,26.0
108840,24.6
108900,25.4
108960,24.2
109020,25.8
109080,24.8
109140,25.0
109200,24.0
109260,24.6
109320,23.2
109380,25.6
109440,25.6
109500,25.4
109560,24.4
109620,24.0
109680,26.8
109740,25.4
109800,23.8
109860,26.0
109920,25.0
109980,26.4
110040,24.6
110100,26.2
110160,23.2
110220,25.0
110280,25.2
110340,25.8
110400,25.2
110460,24.4
110520,24.6
110580,25.0
110640,24.6
110700,25.2
110760,25.8
110820,24.2
110880,24.4
110940,24.4
111000,25.0
111060,24.6
111120,25.4
111180,25.2
111240,25.8
111300,24.4
111360,25.0
111420,26.4
111480,24.4
111540,25.0
111600,26.2
111660,25.0
111720,23.4
111780,25.0
111840,24.0
111900,25.2
111960,24.4
112020,24.8
112080,23.8
112140,26.6
112200,25.8
112260,24.4
112320,25.4
112380,26.4
112440,25.0
112500,23.8
112560,23.8
112620,24.8
112680,24.6
112740,25.8
112800,25.0
112860,26.0
112920,24.8
112980,24.0
113040,26.0
113100,25.0
113160,24.4
113220,25.0
113280,25.2
113340,25.4
113400,24.4
113460,24.6
113520,24.2
113580,24.8
113640,24.2
113700,24.2
113760,27.2
113820,25.6
113880,26.0
113940,24.2
114000,25.4
114060,25.4
114120,23.2
114180,24.6
114240,27.0
114300,24.8
114360,25.6
114420,25.2
114480,24.2
114540,25.6
114600,25.2
114660,24.0
114720,26.8
114780,24.0
114840,24.8
114900,25.0
114960,23.0
115020,25.6
115080,25.2
115140,25.2
115200,23.6
115260,25.2
115320,26.2
115380,26.6
115440,24.8
115500,25.0
115560,25.6
115620,26.4
115680,24.2
115740,24.6
115800,25.6
115860,24.8
115920,25.6
115980,25.4
116040,25.0
116100,24.6
116160,25.2
116220,25.0
116280,26.0
116340,24.6
116400,26.0
116460,25.0
116520,26.6
116580,24.6
116640,25.2
116700,25.0
116760,24.4
116820,25.8
116880,23.6
116940,27.2
117000,24.8
117060,25.2
117120,25.0
117180,23.0
117240,25.4
117300,26.8
117360,25.2
117420,24.8
117480,23.6
117540,24.6
117600,23.6
117660,25.0
117720,24.8
117780,25.6
117840,25.2
117900,25.4
117960,25.0
118020,23.6
118080,23.8
118140,25.4
118200,25.4
118260,24.6
118320,26.2
118380,25.4
118440,25.2
118500,26.0
118560,24.2
118620,25.4
118680,24.8
118740,24.8
118800,25.0
118860,25.2
118920,24.4
118980,23.4
119040,25.6
119100,24.2
119160,24.4
119220,25.4
119280,25.0
119340,24.6
119400,25.2
119460,24.6
119520,25.4
119580,26.4
119640,24.4
119700,23.2
119760,24.0
119820,26.8
119880,24.2
119940,23.2
120000,25.0
120060,25.6
120120,25.0
120180,24.8
120240,24.4
120300,24.8
120360,24.6
120420,24.4
120480,25.0
120540,26.0
120600,24.4
120660,26.4
120720,25.0
120780,24.8
120840,25.4
120900,25.0
120960,25.0
121020,25.8
121080,24.0
121140,25.8
121200,23.8
121260,25.6
121320,25.8
121380,24.2
121440,24.8
121500,25.2
121560,25.2
121620,25.6
121680,25.0
121740,23.4
121800,25.0
121860,24.8
121920,24.6
121980,24.6
122040,23.2
122100,24.4
122160,23.6
122220,24.6
122280,23.2
122340,23.8
122400,23.8
122460,23.6
122520,23.6
122580,25.0
122640,23.6
122700,23.4
122760,23.8
122820,24.8
122880,23.6
122940,24.0
123000,25.2
123060,23.6
123120,23.2
123180,22.4
123240,25.6
123300,24.2
123360,25.0
123420,25.6
123480,23.2
123540,24.8
123600,24.0
123660,23.4
123720,25.0
123780,24.8
123840,24.2
123900,24.6
123960,25.8
124020,25.0
124080,24.6
124140,26.0
124200,24.6
124260,26.0
124320,25.4
124380,26.0
124440,23.6
124500,24.6
124560,26.0
124620,23.2
124680,24.8
124740,23.4
124800,26.6
124860,24.0
124920,25.8
124980,23.4
125040,25.2
125100,25.4
125160,25.0
125220,24.8
125280,24.2
125340,25.4
125400,24.0
125460,24.6
125520,22.8
125580,24.2
125640,24.4
125700,24.6
125760,25.6
125820,25.8
125880,22.8
125940,25.6
126000,25.0
126060,24.6
126120,26.2
126180,25.2
126240,25.6
126300,25.0
126360,25.0
126420,25.0
126480,25.8
126540,24.4
126600,24.2
126660,26.2
126720,25.8
126780,26.4
126840,26.0
126900,23.4
126960,26.0
127020,25.0
127080,26.6
127140,25.2
127200,25.8
127260,24.2
127320,24.8
127380,25.2
127440,24.6
127500,26.2
127560,24.4
127620,25.0
127680,26.2
127740,24.8
127800,23.6
127860,24.0
127920,25.0
127980,26.4
128040,23.6
128100,24.0
128160,27.4
128220,24.2
128280,24.0
128340,25.4
128400,24.8
128460,24.0
128520,25.2
128580,25.2
128640,24.4
128700,24.4
128760,23.6
128820,23.2
128880,23.8
128940,25.6
129000,25.0
129060,25.0
129120,24.6
129180,24.6
129240,24.4
129300,24.6
129360,24.0
129420,25.0
129480,25.6
129540,26.0
129600,25.0
129660,24.2
129720,25.6
129780,23.8
129840,24.8
129900,24.8
129960,23.6
130020,24.4
130080,25.6
130140,24.4
130200,24.6
130260,26.2
130320,25.4
130380,24.8
130440,26.0
130500,23.8
130560,24.0
130620,25.8
130680,23.6
130740,24.8
130800,26.6
130860,25.6
130920,23.2
130980,24.6
131040,26.4
131100,25.0
131160,23.2
131220,23.0
131280,25.2
131340,24.4
131400,25.4
131460,24.8
131520,24.8
131580,24.4
131640,24.6
131700,24.8
131760,24.8
131820,24.6
131880,25.8
131940,24.2
132000,24.6
132060,24.0
132120,24.4
132180,24.4
132240,23.8
132300,24.8
132360,26.2
132420,22.8
132480,24.2
132540,25.2
132600,25.6
132660,25.4
132720,24.8
132780,23.6
132840,25.6
132900,23.2
132960,25.4
133020,24.0
133080,24.8
133140,25.2
133200,25.0
133260,24.8
133320,24.0
133380,24.8
133440,25.4
133500,25.2
133560,24.8
133620,24.8
133680,24.6
133740,25.0
133800,23.8
133860,24.6
133920,24.0
133980,25.6
134040,23.4
134100,25.6
134160,26.0
134220,25.4
134280,25.4
134340,23.4
134400,25.6
134460,23.2
134520,25.8
134580,25.4
134640,26.4
134700,23.2
134760,25.6
134820,26.0
134880,26.0
134940,24.2
135000,24.6
135060,23.4
135120,24.8
135180,23.4
135240,24.2
135300,23.8
135360,23.4
135420,25.2
135480,24.2
135540,24.6
135600,25.4
135660,24.4
135720,25.8
135780,23.6
135840,25.4
135900,24.6
135960,24.6
136020,24.8
136080,24.0
136140,25.6
136200,25.0
136260,23.4
136320,24.2
136380,24.6
136440,23.6
136500,25.0
136560,23.4
