#Steps,score
60,0.6
120,1.0
180,2.0
240,1.4
300,0.8
360,1.0
420,0.4
480,0.8
540,0.8
600,1.4
660,0.6
720,0.6
780,0.8
840,1.4
900,1.2
960,0.2
1020,0.8
1080,1.4
1140,0.8
1200,1.8
1260,1.0
1320,1.2
1380,1.0
1440,1.4
1500,0.2
1560,0.6
1620,1.0
1680,1.0
1740,0.8
1800,0.8
1860,1.4
1920,0.8
1980,1.0
2040,0.6
2100,1.4
2160,1.8
2220,1.0
2280,1.8
2340,0.6
2400,2.0
2460,0.4
2520,0.8
2580,0.4
2640,0.8
2700,0.6
2760,0.8
2820,1.0
2880,1.0
2940,1.8
3000,0.4
3060,0.6
3120,1.2
3180,2.0
3240,1.2
3300,1.6
3360,2.2
3420,1.4
3480,1.0
3540,0.6
3600,1.0
3660,1.4
3720,1.6
3780,1.2
3840,1.4
3900,0.6
3960,1.0
4020,1.6
4080,2.0
4140,0.2
4200,0.8
4260,1.0
4320,1.6
4380,1.0
4440,0.6
4500,0.6
4560,1.6
4620,2.2
4680,1.2
4740,0.8
4800,1.0
4860,0.8
4920,2.0
4980,2.0
5040,1.0
5100,1.2
5160,0.4
5220,1.4
5280,0.8
5340,1.6
5400,1.6
5460,1.4
5520,1.8
5580,0.8
5640,1.2
5700,0.4
5760,1.2
5820,1.0
5880,1.6
5940,1.4
6000,1.0
6060,1.6
6120,2.0
6180,0.4
6240,1.2
6300,1.0
6360,1.0
6420,1.0
6480,0.6
6540,1.6
6600,0.8
6660,1.2
6720,1.2
6780,1.4
6840,0.8
6900,0.6
6960,2.4
7020,0.6
7080,1.6
7140,0.8
7200,1.6
7260,0.6
7320,1.2
7380,0.6
7440,0.4
7500,1.6
7560,1.2
7620,0.6
7680,0.2
7740,1.2
7800,1.0
7860,0.8
7920,0.8
7980,0.6
8040,1.0
8100,2.0
8160,2.0
8220,0.8
8280,2.0
8340,1.4
8400,0.6
8460,1.2
8520,1.6
8580,1.4
8640,1.6
8700,1.8
8760,1.6
8820,1.2
8880,1.2
8940,1.2
9000,1.4
9060,1.0
9120,1.8
9180,1.2
9240,1.4
9300,1.8
9360,0.8
9420,1.0
9480,1.4
9540,1.2
9600,1.2
9660,1.0
9720,1.8
9780,1.6
9840,2.2
9900,2.6
9960,1.6
10020,1.6
10080,0.8
10140,0.6
10200,1.4
10260,0.6
10320,1.6
10380,1.8
10440,1.0
10500,0.6
10560,1.6
10620,1.2
10680,1.0
10740,1.4
10800,2.0
10860,1.6
10920,1.0
10980,2.4
11040,0.8
11100,1.4
11160,1.4
11220,1.2
11280,1.4
11340,1.6
11400,1.4
11460,1.4
11520,0.6
11580,2.0
11640,1.2
11700,1.6
11760,1.6
11820,1.2
11880,2.2
11940,1.2
12000,1.0
12060,1.6
12120,0.8
12180,1.4
12240,1.0
12300,1.6
12360,2.0
12420,1.8
12480,1.4
12540,1.8
12600,1.4
12660,0.6
12720,1.6
12780,1.2
12840,1.6
12900,2.0
12960,1.4
13020,1.0
13080,2.4
13140,0.6
13200,0.6
13260,1.2
13320,1.2
13380,2.2
13440,1.8
13500,1.0
13560,1.6
13620,0.4
13680,2.2
13740,1.8
13800,1.4
13860,1.6
13920,2.0
13980,1.2
14040,0.6
14100,1.4
14160,0.8
14220,1.0
14280,0.8
14340,2.0
14400,2.0
14460,1.8
14520,1.2
14580,1.6
14640,1.0
14700,1.6
14760,1.4
14820,1.4
14880,1.0
14940,2.8
15000,1.0
15060,1.0
15120,1.0
15180,1.4
15240,1.6
15300,1.4
15360,1.2
15420,0.6
15480,2.2
15540,2.4
15600,1.4
15660,1.8
15720,1.4
15780,1.6
15840,0.8
15900,1.6
15960,1.2
16020,2.4
16080,1.2
16140,0.8
16200,0.6
16260,1.4
16320,1.6
16380,1.2
16440,1.8
16500,1.2
16560,0.8
16620,1.4
16680,0.4
16740,1.4
16800,2.0
16860,1.4
16920,0.4
16980,1.6
17040,1.0
17100,1.6
17160,1.0
17220,1.2
17280,1.2
17340,1.6
17400,1.0
17460,1.8
17520,2.0
17580,1.4
17640,1.6
17700,1.8
17760,0.8
17820,2.0
17880,1.6
17940,1.2
18000,0.8
18060,1.4
18120,2.4
18180,2.0
18240,1.0
18300,2.2
18360,1.6
18420,0.6
18480,1.2
18540,1.6
18600,2.2
18660,1.4
18720,1.6
18780,1.8
18840,1.6
18900,1.0
18960,0.4
19020,1.4
19080,0.8
19140,1.6
19200,2.4
19260,1.4
19320,1.8
19380,2.6
19440,1.2
19500,1.4
19560,1.6
19620,1.2
19680,1.8
19740,3.2
19800,1.4
19860,1.8
19920,1.8
19980,1.6
20040,1.2
20100,1.6
20160,1.6
20220,1.8
20280,0.8
20340,1.4
20400,1.4
20460,2.6
20520,1.8
20580,2.0
20640,1.2
20700,0.8
20760,0.8
20820,1.8
20880,1.4
20940,1.6
21000,1.4
21060,1.8
21120,1.6
21180,1.6
21240,1.6
21300,1.0
21360,1.8
21420,1.4
21480,1.2
21540,1.4
21600,2.0
21660,1.6
21720,1.4
21780,1.8
21840,2.0
21900,2.4
21960,1.4
22020,1.8
22080,1.8
22140,2.0
22200,0.8
22260,2.0
22320,1.4
22380,1.6
22440,2.2
22500,1.2
22560,1.4
22620,2.6
22680,1.4
22740,1.2
22800,1.8
22860,1.2
22920,1.2
22980,2.4
23040,0.6
23100,1.0
23160,1.8
23220,1.6
23280,1.8
23340,2.8
23400,2.6
23460,1.4
23520,2.4
23580,2.4
23640,2.0
23700,2.2
23760,2.0
23820,0.8
23880,1.8
23940,1.0
24000,2.2
24060,2.4
24120,1.8
24180,2.0
24240,2.2
24300,0.8
24360,1.8
24420,2.4
24480,1.8
24540,2.0
24600,2.2
24660,1.4
24720,1.0
24780,1.6
24840,2.0
24900,2.8
24960,1.2
25020,2.4
25080,1.8
25140,2.0
25200,2.2
25260,1.6
25320,1.6
25380,2.8
25440,1.2
25500,0.4
25560,2.4
25620,2.2
25680,2.6
25740,0.6
25800,1.6
25860,1.4
25920,1.6
25980,1.8
26040,2.2
26100,2.4
26160,1.6
26220,0.6
26280,2.0
26340,1.8
26400,3.0
26460,1.8
26520,0.6
26580,1.4
26640,1.6
26700,1.8
26760,2.0
26820,2.4
26880,2.0
26940,1.6
27000,2.4
27060,2.8
27120,1.8
27180,2.4
27240,1.4
27300,1.6
27360,1.6
27420,2.0
27480,3.0
27540,3.0
27600,2.8
27660,1.8
27720,2.2
27780,0.8
27840,2.6
27900,2.0
27960,3.0
28020,5.4
28080,4.4
28140,3.4
28200,2.6
28260,3.4
28320,4.4
28380,4.0
28440,3.4
28500,3.8
28560,3.0
28620,3.8
28680,3.4
28740,2.2
28800,4.0
28860,2.8
28920,3.0
28980,3.0
29040,3.8
29100,2.2
29160,2.8
29220,2.0
29280,3.6
29340,4.4
29400,3.2
29460,2.8
29520,2.4
29580,3.4
29640,3.6
29700,4.4
29760,3.0
29820,4.4
29880,2.8
29940,4.4
30000,3.4
30060,5.4
30120,5.4
30180,5.6
30240,6.0
30300,5.4
30360,6.6
30420,8.6
30480,8.6
30540,7.0
30600,10.2
30660,11.8
30720,13.6
30780,14.4
30840,17.2
30900,17.6
30960,16.8
31020,16.8
31080,15.8
31140,12.8
31200,13.4
31260,12.8
31320,12.0
31380,11.6
31440,12.2
31500,12.2
31560,13.6
31620,13.4
31680,14.2
31740,15.2
31800,15.8
31860,18.2
31920,19.4
31980,22.2
32040,22.0
32100,22.6
32160,21.6
32220,23.6
32280,23.6
32340,22.0
32400,22.4
32460,22.2
32520,20.6
32580,20.8
32640,20.6
32700,20.4
32760,21.2
32820,20.8
32880,20.2
32940,20.6
33000,21.4
33060,20.0
33120,21.8
33180,19.8
33240,20.8
33300,20.8
33360,21.4
33420,20.6
33480,20.2
33540,21.0
33600,21.2
33660,21.6
33720,21.6
33780,22.2
33840,22.4
33900,22.6
33960,23.4
34020,24.6
34080,23.2
34140,24.2
34200,23.8
34260,24.2
34320,25.2
34380,23.2
34440,23.2
34500,24.6
34560,23.6
34620,25.6
34680,23.8
34740,25.0
34800,25.8
34860,25.0
34920,26.6
34980,24.2
35040,24.6
35100,26.0
35160,25.2
35220,24.0
35280,23.6
35340,24.8
35400,26.0
35460,25.0
35520,25.0
35580,24.2
35640,23.6
35700,24.8
35760,25.4
35820,26.0
35880,24.6
35940,25.8
36000,23.8
36060,25.0
36120,24.6
36180,23.4
36240,23.0
36300,24.6
36360,23.8
36420,23.8
36480,23.8
36540,24.0
36600,24.6
36660,24.6
36720,24.6
36780,26.4
36840,26.8
36900,23.6
36960,23.8
37020,23.4
37080,24.4
37140,24.4
37200,23.4
37260,24.0
37320,25.2
37380,23.8
37440,23.8
37500,24.6
37560,24.8
37620,23.6
37680,24.0
37740,24.4
37800,24.8
37860,24.2
37920,24.4
37980,22.8
38040,22.2
38100,22.8
38160,22.6
38220,24.2
38280,22.0
38340,22.8
38400,22.8
38460,23.8
38520,24.0
38580,22.4
38640,24.2
38700,23.2
38760,23.6
38820,24.4
38880,23.6
38940,24.0
39000,22.8
39060,23.6
39120,24.8
39180,22.4
39240,22.2
39300,24.2
39360,24.6
39420,22.2
39480,22.0
39540,24.2
39600,25.6
39660,22.6
39720,23.2
39780,23.6
39840,24.6
39900,24.6
39960,25.2
40020,22.6
40080,24.6
40140,24.2
40200,23.8
40260,24.2
40320,24.6
40380,23.8
40440,23.0
40500,23.2
40560,23.4
40620,23.0
40680,24.2
40740,23.8
40800,22.8
40860,24.6
40920,23.2
40980,23.0
41040,23.6
41100,23.4
41160,24.0
41220,21.2
41280,23.8
41340,23.4
41400,23.4
41460,23.4
41520,24.2
41580,24.2
41640,23.8
41700,23.6
41760,25.0
41820,23.8
41880,25.0
41940,24.6
42000,23.0
42060,23.2
42120,23.4
42180,22.6
42240,24.4
42300,25.0
42360,22.8
42420,24.4
42480,22.8
42540,23.4
42600,23.8
42660,22.4
42720,23.4
42780,24.0
42840,26.4
42900,23.0
42960,24.0
43020,23.8
43080,24.2
43140,23.8
43200,23.8
43260,25.4
43320,24.4
43380,24.4
43440,24.2
43500,24.4
43560,24.0
43620,24.0
43680,24.4
43740,24.2
43800,24.0
43860,25.2
43920,24.8
43980,23.0
44040,23.8
44100,26.8
44160,24.6
44220,24.6
44280,24.8
44340,25.0
44400,24.4
44460,26.6
44520,25.2
44580,24.8
44640,25.4
44700,24.0
44760,24.2
44820,23.2
44880,26.6
44940,24.6
45000,24.8
45060,25.0
45120,23.6
45180,24.2
45240,24.0
45300,25.2
45360,25.8
45420,24.8
45480,25.8
45540,23.4
45600,25.0
45660,25.4
45720,25.0
45780,25.8
45840,24.8
45900,25.0
45960,24.4
46020,24.2
46080,24.4
46140,23.0
46200,26.2
46260,24.0
46320,24.4
46380,24.2
46440,24.4
46500,25.6
46560,23.0
46620,24.2
46680,24.0
46740,23.4
46800,24.0
46860,22.2
46920,22.0
46980,26.0
47040,24.0
47100,22.8
47160,23.8
47220,24.4
47280,24.8
47340,24.2
47400,23.0
47460,25.2
47520,23.8
47580,22.8
47640,24.2
47700,25.2
47760,24.0
47820,25.6
47880,25.2
47940,23.4
48000,24.8
48060,23.8
48120,26.6
48180,25.2
48240,22.8
48300,24.2
48360,24.6
48420,24.4
48480,24.8
48540,25.0
48600,26.0
48660,24.6
48720,23.8
48780,23.6
48840,24.0
48900,24.2
48960,25.0
49020,25.4
49080,25.8
49140,25.6
49200,25.6
49260,24.2
49320,23.2
49380,24.8
49440,24.4
49500,24.8
49560,23.6
49620,24.2
49680,25.4
49740,23.4
49800,24.2
49860,24.4
49920,25.4
49980,24.4
50040,24.8
50100,27.0
50160,25.2
50220,24.2
50280,24.4
50340,24.8
50400,22.4
50460,25.8
50520,23.6
50580,24.0
50640,23.6
50700,24.2
50760,24.2
50820,23.8
50880,23.6
50940,23.4
51000,24.0
51060,23.4
51120,25.2
51180,25.0
51240,23.2
51300,25.4
51360,22.4
51420,24.8
51480,24.2
51540,23.4
51600,24.2
51660,23.8
51720,24.8
51780,24.4
51840,23.2
51900,23.2
51960,23.6
52020,24.6
52080,25.4
52140,24.8
52200,24.4
52260,23.8
52320,22.8
52380,24.8
52440,25.6
52500,23.4
52560,25.8
52620,24.6
52680,25.6
52740,24.2
52800,25.2
52860,23.6
52920,25.2
52980,25.0
53040,23.2
53100,25.0
53160,22.8
53220,22.8
53280,24.6
53340,23.0
53400,24.0
53460,23.0
53520,23.2
53580,23.4
53640,24.4
53700,23.8
53760,24.4
53820,23.6
53880,24.0
53940,24.4
54000,23.8
54060,24.4
54120,23.2
54180,22.8
54240,23.8
54300,24.2
54360,24.4
54420,23.0
54480,23.4
54540,22.6
54600,23.4
54660,23.4
54720,23.4
54780,24.8
54840,23.0
54900,26.4
54960,23.0
55020,23.4
55080,25.0
55140,22.6
55200,24.0
55260,24.8
55320,22.8
55380,23.6
55440,23.4
55500,23.0
55560,24.0
55620,25.0
55680,22.4
55740,23.4
55800,24.2
55860,22.4
55920,22.4
55980,23.4
56040,22.6
56100,23.8
56160,23.2
56220,23.8
56280,24.0
56340,23.8
56400,22.6
56460,24.8
56520,24.6
56580,25.6
56640,24.8
56700,25.6
56760,25.6
56820,24.8
56880,25.0
56940,24.6
57000,25.4
57060,24.2
57120,25.2
57180,24.8
57240,24.8
57300,24.2
57360,26.0
57420,24.4
57480,24.4
57540,22.8
57600,23.2
57660,24.0
57720,23.8
57780,23.4
57840,24.8
57900,25.6
57960,23.2
58020,24.6
58080,25.2
58140,24.4
58200,25.4
58260,23.8
58320,24.8
58380,24.8
58440,24.8
58500,24.8
58560,23.8
58620,25.2
58680,25.4
58740,25.4
58800,25.6
58860,25.8
58920,25.2
58980,25.0
59040,23.6
59100,24.4
59160,25.0
59220,24.0
59280,24.4
59340,24.4
59400,25.6
59460,26.2
59520,25.0
59580,26.0
59640,25.2
59700,26.6
59760,24.6
59820,25.4
59880,24.8
59940,26.4
60000,24.2
60060,24.4
60120,25.2
60180,24.0
60240,25.2
60300,26.2
60360,24.2
60420,25.0
60480,25.0
60540,24.8
60600,25.4
60660,24.2
60720,24.6
60780,24.6
60840,25.2
60900,26.4
60960,24.0
61020,23.4
61080,24.8
61140,25.6
61200,25.2
61260,25.6
61320,24.0
61380,25.2
61440,23.6
61500,25.4
61560,24.8
61620,23.2
61680,24.0
61740,24.0
61800,24.2
61860,25.8
61920,24.6
61980,24.2
62040,24.6
62100,23.8
62160,24.6
62220,25.2
62280,25.2
62340,24.8
62400,25.0
62460,26.8
62520,24.8
62580,25.6
62640,25.2
62700,25.0
62760,26.4
62820,25.2
62880,25.4
62940,25.8
63000,24.8
63060,25.4
63120,24.4
63180,25.2
63240,26.2
63300,24.2
63360,25.6
63420,24.4
63480,24.0
63540,25.0
63600,25.6
63660,26.2
63720,25.2
63780,26.4
63840,24.4
63900,24.2
63960,26.6
64020,25.0
64080,25.0
64140,24.6
64200,25.0
64260,24.8
64320,25.0
64380,25.2
64440,24.2
64500,24.8
64560,25.4
64620,24.4
64680,24.4
64740,24.0
64800,25.0
64860,26.0
64920,24.8
64980,24.8
65040,26.4
65100,24.0
65160,26.2
65220,26.0
65280,26.0
65340,25.8
65400,26.2
65460,26.2
65520,24.8
65580,25.6
65640,25.2
65700,25.0
65760,25.0
65820,23.8
65880,24.8
65940,26.6
66000,25.0
66060,25.4
66120,26.2
66180,25.8
66240,25.6
66300,25.0
66360,25.6
66420,25.6
66480,24.8
66540,24.6
66600,24.0
66660,26.6
66720,25.8
66780,25.6
66840,24.6
66900,24.8
66960,25.6
67020,26.2
67080,25.2
67140,26.8
67200,25.4
67260,26.8
67320,24.4
67380,25.0
67440,25.8
67500,26.8
67560,25.2
67620,24.8
67680,24.8
67740,25.2
67800,25.2
67860,26.0
67920,26.8
67980,24.8
68040,24.4
68100,25.0
68160,24.2
68220,24.8
68280,25.6
68340,25.6
68400,24.4
68460,22.6
68520,24.6
68580,26.0
68640,25.6
68700,25.2
68760,25.0
68820,26.0
68880,24.4
68940,25.2
69000,24.0
69060,26.2
69120,25.4
69180,25.8
69240,23.8
69300,25.8
69360,21.4
69420,24.8
69480,25.8
69540,25.0
69600,25.2
69660,25.4
69720,25.0
69780,25.2
69840,24.6
69900,24.4
69960,23.8
70020,25.2
70080,26.0
70140,24.2
70200,26.2
70260,25.4
70320,25.2
70380,25.4
70440,24.2
70500,25.0
70560,26.0
70620,25.0
70680,24.6
70740,24.2
70800,24.8
70860,24.8
70920,25.8
70980,25.2
71040,23.8
71100,24.4
71160,25.8
71220,25.0
71280,25.4
71340,25.0
71400,25.8
71460,25.8
71520,25.0
71580,25.2
71640,23.2
71700,24.6
71760,24.8
71820,25.2
71880,24.0
71940,24.6
72000,25.0
72060,25.4
72120,24.4
72180,25.0
72240,25.6
72300,25.2
72360,24.8
72420,26.0
72480,24.4
72540,23.8
72600,24.2
72660,23.2
72720,24.4
72780,26.6
72840,23.8
72900,25.8
72960,26.0
73020,26.0
73080,25.0
73140,25.0
73200,24.2
73260,25.2
73320,25.2
73380,24.2
73440,24.8
73500,24.0
73560,24.6
73620,25.2
73680,24.8
73740,25.0
73800,23.4
73860,25.2
73920,25.2
73980,25.0
74040,24.4
74100,26.4
74160,26.0
74220,24.8
74280,24.6
74340,25.2
74400,24.8
74460,25.2
74520,27.2
74580,24.0
74640,25.4
74700,24.4
74760,24.4
74820,26.4
74880,24.8
74940,24.2
75000,25.4
75060,25.6
75120,24.2
75180,26.4
75240,27.0
75300,25.0
75360,25.8
75420,24.8
75480,24.4
75540,25.2
75600,25.4
75660,26.6
75720,25.6
75780,26.4
75840,25.4
75900,25.4
75960,25.6
76020,25.4
76080,25.2
76140,25.6
76200,25.8
76260,23.2
76320,24.4
76380,25.4
76440,24.8
76500,23.6
76560,25.0
76620,23.8
76680,25.0
76740,25.8
76800,22.8
76860,26.0
76920,25.8
76980,25.6
77040,24.0
77100,23.2
77160,23.2
77220,24.4
77280,24.2
77340,22.8
77400,24.0
77460,25.2
77520,24.4
77580,25.2
77640,26.4
77700,23.2
77760,24.6
77820,22.8
77880,25.4
77940,25.0
78000,25.0
78060,25.2
78120,24.8
78180,25.0
78240,24.0
78300,24.4
78360,25.0
78420,23.6
78480,23.0
78540,25.6
78600,23.6
78660,22.8
78720,22.4
78780,23.6
78840,24.4
78900,23.6
78960,23.8
79020,24.2
79080,23.4
79140,25.4
79200,25.6
79260,25.6
79320,24.0
79380,23.8
79440,24.0
79500,23.2
79560,24.6
79620,24.6
79680,26.0
79740,23.2
79800,23.6
79860,24.2
79920,23.8
79980,25.2
80040,22.8
80100,24.0
80160,25.0
80220,23.6
80280,24.0
80340,24.6
80400,25.6
80460,24.2
80520,24.2
80580,24.8
80640,24.6
80700,23.8
80760,24.0
80820,24.0
80880,25.0
80940,24.8
81000,22.8
81060,23.6
81120,23.2
81180,23.2
81240,23.6
81300,23.0
81360,23.8
81420,23.8
81480,23.6
81540,23.0
81600,24.0
81660,22.0
81720,22.0
81780,23.0
81840,22.8
81900,22.4
81960,22.4
82020,23.4
82080,23.0
82140,23.0
82200,24.0
82260,23.2
82320,23.4
82380,22.4
82440,23.0
82500,22.8
82560,21.6
82620,24.0
82680,23.2
82740,23.8
82800,21.8
82860,23.8
82920,23.6
82980,22.6
83040,22.6
83100,23.6
83160,24.0
83220,23.2
83280,24.0
83340,24.0
83400,25.8
83460,24.0
83520,23.0
83580,23.8
83640,24.2
83700,25.0
83760,22.8
83820,24.0
83880,23.2
83940,24.8
84000,23.0
84060,23.8
84120,23.4
84180,23.4
84240,23.4
84300,23.6
84360,22.2
84420,26.4
84480,23.0
84540,23.2
84600,24.6
84660,22.0
84720,22.6
84780,22.6
84840,24.2
84900,22.4
84960,22.4
85020,24.0
85080,23.4
85140,23.2
85200,23.4
85260,25.2
85320,24.2
85380,24.4
85440,23.8
85500,23.6
85560,24.0
85620,24.6
85680,23.4
85740,24.2
85800,25.0
85860,23.8
85920,24.4
85980,24.4
86040,23.2
86100,25.6
86160,25.4
86220,23.0
86280,25.8
86340,25.8
86400,26.0
86460,24.8
86520,24.6
86580,25.2
86640,26.2
86700,25.0
86760,24.2
86820,24.0
86880,26.2
86940,26.0
87000,24.8
87060,24.6
87120,24.0
87180,25.2
87240,25.2
87300,27.0
87360,25.2
87420,24.0
87480,24.0
87540,24.4
87600,25.0
87660,24.6
87720,25.6
87780,24.0
87840,24.6
87900,24.2
87960,25.2
88020,24.4
88080,24.8
88140,22.8
88200,25.2
88260,24.0
88320,24.6
88380,26.4
88440,23.8
88500,26.0
88560,25.4
88620,23.2
88680,24.8
88740,24.4
88800,24.6
88860,24.4
88920,23.2
88980,26.2
89040,23.8
89100,26.0
89160,26.4
89220,25.8
89280,26.2
89340,25.0
89400,25.8
89460,24.4
89520,24.8
89580,25.6
89640,26.0
89700,24.0
89760,25.4
89820,25.4
89880,24.2
89940,23.8
90000,25.4
90060,25.6
90120,24.4
90180,25.0
90240,24.4
90300,24.6
90360,25.4
90420,23.2
90480,24.4
90540,24.4
90600,22.8
90660,24.4
90720,24.2
90780,25.0
90840,24.6
90900,25.0
90960,26.8
91020,26.0
91080,24.8
91140,25.4
91200,24.4
91260,24.6
91320,25.0
91380,24.0
91440,25.6
91500,25.6
91560,23.0
91620,25.0
91680,24.8
91740,25.0
91800,26.0
91860,25.2
91920,25.2
91980,25.4
92040,25.4
92100,25.8
92160,25.8
92220,25.2
92280,25.8
92340,24.2
92400,24.8
92460,24.0
92520,26.0
92580,26.6
92640,25.0
92700,22.8
92760,24.4
92820,23.2
92880,25.0
92940,23.0
93000,25.0
93060,24.0
93120,24.6
93180,23.8
93240,26.0
93300,25.4
93360,25.4
93420,25.6
93480,25.4
93540,25.4
93600,25.4
93660,25.6
93720,24.2
93780,25.0
93840,22.4
93900,24.6
93960,24.2
94020,24.0
94080,25.2
94140,24.2
94200,24.6
94260,24.4
94320,25.2
94380,24.0
94440,24.2
94500,24.4
94560,24.2
94620,24.0
94680,24.0
94740,24.6
94800,24.8
94860,25.0
94920,24.2
94980,24.0
95040,23.6
95100,23.8
95160,25.2
95220,24.0
95280,24.6
95340,24.2
95400,22.0
95460,25.0
95520,23.8
95580,24.2
95640,24.4
95700,24.4
95760,23.2
95820,24.4
95880,25.4
95940,22.2
96000,25.0
96060,25.2
96120,24.4
96180,24.8
96240,25.4
96300,23.2
96360,24.2
96420,24.4
96480,24.8
96540,25.2
96600,26.0
96660,24.0
96720,25.8
96780,25.0
96840,23.8
96900,25.4
96960,23.2
97020,25.2
97080,23.8
97140,23.6
97200,23.0
97260,23.4
97320,24.6
97380,26.0
97440,25.6
97500,24.4
97560,24.2
97620,25.6
97680,23.0
97740,23.6
97800,23.6
97860,24.8
97920,24.2
97980,22.4
98040,26.4
98100,25.2
98160,24.6
98220,25.8
98280,24.0
98340,24.6
98400,23.0
98460,25.0
98520,24.2
98580,26.8
98640,24.8
98700,24.4
98760,24.4
98820,24.4
98880,23.8
98940,23.2
99000,23.4
99060,24.2
99120,23.2
99180,24.4
99240,24.2
99300,25.6
99360,24.4
99420,26.2
99480,23.4
99540,24.6
99600,22.2
99660,25.0
99720,24.2
99780,24.4
99840,22.6
99900,22.0
99960,24.2
100020,24.2
100080,24.4
100140,22.6
100200,24.8
100260,25.2
100320,25.2
100380,24.0
100440,24.2
100500,22.8
100560,25.6
100620,23.6
100680,24.4
100740,24.2
100800,23.4
100860,24.2
100920,22.8
100980,23.6
101040,24.0
101100,24.0
101160,23.4
101220,23.6
101280,22.6
101340,24.4
101400,24.0
101460,23.8
101520,25.4
101580,25.0
101640,23.4
101700,24.4
101760,23.6
101820,24.8
101880,24.4
101940,25.2
102000,24.0
102060,23.6
102120,24.8
102180,24.2
102240,25.6
102300,25.4
102360,24.6
102420,25.8
102480,26.2
102540,24.2
102600,24.8
102660,24.0
102720,24.8
102780,25.0
102840,26.2
102900,24.6
102960,25.4
103020,24.2
103080,25.6
103140,24.0
103200,24.8
103260,24.4
103320,25.0
103380,24.0
103440,24.0
103500,24.6
103560,25.2
103620,24.4
103680,24.8
103740,25.2
103800,25.2
103860,24.2
103920,24.0
103980,24.0
104040,23.4
104100,24.4
104160,24.2
104220,24.8
104280,25.8
104340,23.4
104400,24.6
104460,23.4
104520,25.4
104580,24.0
104640,24.8
104700,24.2
104760,24.4
104820,25.2
104880,25.0
104940,22.8
105000,25.8
105060,24.0
105120,24.0
105180,25.0
105240,25.0
105300,23.0
105360,24.2
105420,24.8
105480,23.4
105540,24.0
105600,23.8
105660,24.4
105720,23.6
105780,24.2
105840,24.2
105900,24.2
105960,24.2
106020,24.8
106080,25.4
106140,24.4
106200,24.4
106260,25.4
106320,22.4
106380,25.0
106440,25.2
106500,25.2
106560,26.2
106620,25.4
106680,23.4
106740,24.4
106800,24.2
106860,25.2
106920,24.2
106980,25.0
107040,23.4
107100,24.6
107160,23.4
107220,23.0
107280,23.6
107340,25.6
107400,22.8
107460,25.0
107520,23.6
107580,24.6
107640,24.4
107700,23.2
107760,25.2
107820,23.4
107880,23.4
107940,23.8
108000,22.4
108060,24.4
108120,24.4
108180,23.4
108240,22.6
108300,23.6
108360,23.8
108420,24.2
108480,25.0
108540,24.2
108600,22.8
108660,23.2
108720,23.6
108780,24.6
108840,23.0
108900,25.2
108960,23.0
109020,24.4
109080,24.2
109140,22.4
109200,23.2
109260,23.6
109320,23.6
109380,22.2
109440,21.0
109500,23.8
109560,22.8
109620,23.0
109680,22.2
109740,23.6
109800,22.0
109860,22.6
109920,23.8
109980,21.8
110040,22.4
110100,21.8
110160,21.6
110220,23.2
110280,21.8
110340,23.2
110400,23.8
110460,23.6
110520,22.0
110580,24.0
110640,24.0
110700,22.6
110760,24.0
110820,23.4
110880,23.8
110940,23.6
111000,23.8
111060,23.8
111120,22.8
111180,23.2
111240,25.0
111300,24.0
111360,23.0
111420,24.2
111480,23.4
111540,24.2
111600,24.4
111660,23.0
111720,22.6
111780,22.2
111840,23.6
111900,23.2
111960,24.8
112020,23.4
112080,24.4
112140,25.8
112200,23.4
112260,24.0
112320,23.4
112380,22.8
112440,24.0
112500,23.8
112560,24.2
112620,23.6
112680,25.4
112740,24.2
112800,23.2
112860,23.2
112920,23.6
112980,23.2
113040,24.4
113100,22.6
113160,24.8
113220,25.4
113280,26.0
113340,25.2
113400,24.2
113460,23.8
113520,25.2
113580,24.6
113640,25.0
113700,24.4
113760,24.0
113820,23.2
113880,24.6
113940,23.2
114000,25.0
114060,25.4
114120,24.0
114180,24.2
114240,24.2
114300,23.2
114360,23.2
114420,23.8
114480,25.8
114540,24.4
114600,24.4
114660,23.8
114720,23.6
114780,25.4
114840,25.2
114900,25.0
114960,24.4
115020,23.4
115080,25.4
115140,23.4
115200,25.6
115260,23.0
115320,25.4
115380,24.0
115440,24.8
115500,25.0
115560,25.2
115620,24.0
115680,25.8
115740,23.8
115800,24.2
115860,25.8
115920,24.4
115980,25.2
116040,23.8
116100,25.6
116160,22.8
116220,24.0
116280,25.0
116340,23.8
116400,24.8
116460,25.6
116520,24.6
116580,27.6
116640,25.2
116700,25.4
116760,25.8
116820,26.4
116880,23.8
116940,26.8
117000,25.8
117060,25.2
117120,26.0
117180,24.8
117240,25.6
117300,25.0
117360,23.6
117420,25.2
117480,25.0
117540,23.8
117600,24.8
117660,25.8
117720,24.6
117780,23.8
117840,24.8
117900,25.6
117960,23.0
118020,23.2
118080,26.4
118140,24.6
118200,25.8
118260,25.2
118320,23.8
118380,25.2
118440,24.8
118500,26.4
118560,25.6
118620,24.2
118680,25.0
118740,24.6
118800,25.0
118860,24.4
118920,25.2
118980,24.8
119040,24.2
119100,25.0
119160,24.8
119220,25.0
119280,24.0
119340,24.0
119400,25.2
119460,25.4
119520,24.6
119580,25.6
119640,25.2
119700,24.8
119760,24.0
119820,25.0
119880,25.0
119940,24.0
120000,25.4
120060,24.2
120120,25.8
120180,25.2
120240,25.4
120300,25.4
120360,24.8
120420,23.6
120480,23.8
120540,23.4
120600,24.0
120660,26.2
120720,23.6
120780,24.0
120840,25.8
120900,23.4
120960,24.2
121020,25.2
121080,24.8
121140,24.8
121200,23.0
121260,23.8
121320,24.0
121380,24.2
121440,24.2
121500,26.4
121560,25.0
121620,25.0
121680,25.8
121740,25.2
121800,25.4
121860,24.8
121920,23.6
121980,24.8
122040,22.8
122100,25.2
122160,23.2
122220,24.8
122280,24.2
122340,24.2
122400,24.0
122460,23.8
122520,25.6
122580,25.0
122640,23.8
122700,24.2
122760,23.2
122820,24.2
122880,22.8
122940,23.4
123000,23.0
123060,24.6
123120,24.8
123180,23.2
123240,23.2
123300,23.6
123360,23.6
123420,23.2
123480,26.0
123540,23.2
123600,23.6
123660,22.8
123720,23.6
123780,23.8
123840,24.0
123900,24.6
123960,23.4
124020,24.4
124080,24.6
124140,23.8
124200,24.8
124260,23.8
124320,22.0
124380,24.6
124440,25.0
124500,25.4
124560,24.2
124620,24.2
124680,24.4
124740,23.0
124800,22.2
124860,24.8
124920,23.2
124980,23.2
125040,24.0
125100,24.2
125160,23.8
125220,23.8
125280,24.4
125340,25.4
125400,23.8
125460,24.2
125520,24.0
125580,24.0
125640,25.6
125700,24.2
125760,24.2
125820,24.4
125880,24.8
125940,24.2
126000,25.2
126060,24.4
126120,24.0
126180,25.8
126240,25.0
126300,22.8
126360,24.2
126420,24.2
126480,24.4
126540,23.8
126600,23.2
126660,24.8
126720,23.4
126780,24.0
126840,23.6
126900,24.6
126960,22.6
127020,22.0
127080,22.8
127140,24.8
127200,23.6
127260,22.2
127320,22.6
127380,23.0
127440,23.8
127500,24.0
127560,21.8
127620,23.6
127680,23.6
127740,23.4
127800,25.2
127860,24.0
127920,24.2
127980,24.4
128040,24.8
128100,25.2
128160,23.8
128220,24.0
128280,24.8
128340,25.6
128400,24.8
128460,24.2
128520,24.6
128580,23.8
128640,25.6
128700,23.4
128760,22.8
128820,23.8
128880,25.6
128940,24.6
129000,25.2
129060,24.8
129120,25.0
129180,26.0
129240,24.4
129300,25.4
129360,25.8
129420,25.6
129480,24.2
129540,24.2
129600,24.0
129660,25.0
129720,23.6
129780,25.4
129840,24.4
129900,24.0
129960,23.4
130020,25.6
130080,23.4
130140,23.6
130200,24.0
130260,23.4
130320,24.6
130380,24.4
130440,23.4
130500,24.4
130560,23.8
130620,23.2
130680,26.2
130740,24.8
130800,24.8
130860,24.8
130920,25.0
130980,24.8
131040,25.6
131100,24.0
131160,25.0
131220,25.4
131280,25.2
131340,24.2
131400,25.0
131460,25.2
131520,25.4
131580,26.0
131640,23.8
131700,24.2
131760,24.6
131820,23.8
131880,25.0
131940,25.8
132000,24.4
132060,24.2
132120,24.4
132180,25.2
132240,24.4
132300,24.2
132360,25.4
132420,25.0
132480,24.8
132540,23.6
132600,26.0
132660,25.4
132720,25.2
132780,25.0
132840,23.8
132900,24.4
132960,23.6
133020,23.6
133080,26.4
133140,24.6
133200,25.6
133260,25.8
133320,25.2
133380,24.2
133440,24.6
133500,24.2
133560,25.2
133620,23.8
133680,25.4
133740,25.2
133800,25.6
133860,24.4
133920,25.2
133980,25.2
134040,23.8
134100,24.4
134160,24.4
134220,26.0
134280,24.6
134340,24.2
134400,26.6
134460,24.6
134520,25.4
134580,24.4
134640,22.8
134700,24.2
134760,24.4
134820,25.4
134880,23.2
134940,25.0
135000,25.4
135060,24.2
135120,24.6
135180,25.4
135240,24.4
135300,24.4
135360,26.2
135420,24.0
135480,24.0
135540,24.8
135600,24.6
135660,23.6
135720,23.6
135780,25.2
135840,24.8
135900,23.8
135960,25.4
136020,25.4
136080,23.6
136140,23.2
136200,23.8
136260,25.0
136320,24.2
136380,24.4
136440,23.4
136500,22.2
136560,23.6
136620,23.0
136680,23.8
136740,25.6
136800,23.8
136860,24.0
136920,23.8
136980,22.4
137040,25.0
137100,22.8
137160,23.4
137220,26.0
137280,25.2
137340,24.4
137400,24.4
137460,24.8
137520,25.2
137580,25.8
137640,24.4
137700,24.8
137760,24.6
137820,24.4
137880,24.2
137940,24.4
138000,24.4
138060,24.0
138120,25.0
138180,24.2
138240,25.0
138300,24.4
138360,25.6
138420,24.0
138480,25.2
138540,24.6
138600,24.8
138660,25.8
138720,25.6
138780,24.8
138840,23.8
138900,26.6
138960,23.6
139020,23.4
139080,24.8
139140,24.4
139200,25.4
139260,24.4
139320,24.6
139380,24.8
139440,24.2
139500,25.4
139560,24.0
139620,23.8
139680,23.0
139740,24.4
139800,24.4
139860,25.4
139920,24.8
139980,24.8
140040,24.6
140100,24.2
140160,24.6
140220,24.8
140280,23.6
140340,23.2
140400,23.2
140460,24.4
140520,24.6
140580,24.6
140640,26.4
140700,24.4
140760,23.4
140820,24.0
140880,23.0
140940,25.0
141000,23.6
141060,25.0
141120,25.8
141180,24.6
141240,23.4
141300,25.2
141360,25.0
141420,24.4
141480,25.2
141540,24.8
141600,24.2
141660,25.0
141720,26.0
141780,24.4
141840,24.8
141900,23.2
141960,23.6
142020,23.6
142080,22.6
142140,22.6
142200,25.0
142260,25.4
142320,24.8
142380,23.0
142440,24.4
142500,27.2
142560,25.2
142620,24.6
142680,23.6
142740,24.6
142800,25.6
142860,24.2
142920,24.0
142980,24.2
143040,24.2
143100,24.0
143160,24.6
143220,25.4
143280,25.6
143340,25.2
143400,26.0
143460,25.4
143520,23.4
143580,25.0
143640,24.0
143700,25.4
143760,24.4
143820,25.4
143880,25.8
143940,24.6
144000,25.0
144060,25.6
144120,25.6
144180,24.0
144240,25.2
144300,25.6
144360,24.2
144420,25.6
144480,23.4
144540,25.4
144600,25.2
144660,25.6
144720,26.0
144780,24.2
144840,25.6
144900,25.8
144960,24.8
145020,24.4
145080,25.2
145140,25.4
145200,25.8
145260,24.0
145320,26.4
145380,24.4
145440,24.2
145500,25.0
145560,25.4
145620,26.6
145680,24.0
145740,23.6
145800,25.4
145860,26.2
145920,23.8
145980,24.2
146040,24.4
146100,26.2
146160,25.0
146220,24.4
146280,24.4
146340,24.6
146400,23.6
146460,24.2
146520,24.8
146580,24.4
146640,24.2
146700,25.8
146760,26.4
146820,23.6
146880,25.2
146940,24.2
147000,24.0
147060,25.0
147120,24.2
147180,24.8
147240,24.0
147300,24.4
147360,24.4
147420,23.2
147480,23.8
147540,25.4
147600,26.4
147660,23.0
147720,23.6
147780,23.8
147840,25.2
147900,24.2
147960,23.8
148020,24.0
148080,25.0
148140,25.6
148200,25.4
148260,24.4
148320,24.6
148380,25.8
148440,23.0
148500,23.4
148560,24.6
148620,24.8
148680,22.8
148740,23.8
148800,23.2
148860,24.0
148920,24.6
148980,24.4
149040,24.2
149100,24.0
149160,24.6
149220,26.2
149280,24.2
149340,24.8
149400,23.0
149460,25.4
149520,24.8
149580,24.4
149640,23.0
149700,23.6
149760,23.8
149820,25.0
149880,23.6
149940,23.4
150000,24.0
150060,23.8
150120,25.0
150180,25.6
150240,23.6
150300,24.6
150360,24.2
150420,24.8
150480,24.8
150540,23.6
150600,25.0
150660,24.8
150720,24.0
150780,24.8
150840,24.0
150900,26.6
150960,24.2
151020,23.8
151080,23.4
151140,26.2
151200,24.8
151260,23.6
151320,25.4
151380,25.2
151440,24.4
151500,24.0
151560,23.8
151620,24.4
151680,23.8
151740,23.4
151800,24.0
151860,23.8
151920,23.8
151980,25.0
152040,24.4
152100,24.6
152160,24.8
152220,24.0
152280,24.6
152340,25.0
152400,23.4
152460,23.2
152520,24.8
152580,24.2
152640,26.2
152700,25.2
152760,24.8
152820,25.0
152880,25.8
152940,22.6
153000,25.0
153060,23.6
153120,25.4
153180,24.6
153240,24.2
153300,23.8
153360,23.4
153420,25.0
153480,24.8
153540,24.4
153600,24.8
153660,25.4
153720,25.2
153780,25.2
153840,26.6
153900,24.6
153960,26.2
154020,25.0
154080,25.6
154140,24.0
154200,24.4
154260,25.4
154320,26.6
154380,25.2
154440,25.2
154500,26.6
154560,25.4
154620,24.2
154680,26.0
154740,25.2
154800,23.6
154860,25.4
154920,25.4
154980,25.4
155040,26.0
155100,26.0
155160,23.8
155220,23.6
155280,24.4
155340,24.4
155400,24.6
155460,25.2
155520,24.2
155580,23.8
155640,25.2
155700,24.4
155760,24.8
155820,25.0
155880,25.2
155940,24.6
156000,24.8
156060,24.8
156120,23.6
156180,25.0
156240,27.0
156300,25.8
156360,25.0
156420,25.2
156480,24.4
156540,25.0
156600,25.8
156660,25.0
156720,24.8
156780,24.8
156840,24.8
156900,24.8
156960,24.6
157020,25.2
157080,26.2
157140,24.4
157200,25.2
157260,25.4
157320,25.2
157380,24.8
157440,26.0
157500,25.2
157560,26.6
157620,24.6
157680,25.0
157740,25.8
157800,24.8
157860,25.8
157920,24.8
157980,25.2
158040,24.0
158100,24.2
158160,25.6
158220,24.6
158280,23.4
158340,25.0
158400,24.8
158460,25.2
158520,26.0
158580,23.8
158640,25.8
158700,25.2
158760,23.8
158820,25.0
158880,26.0
158940,25.2
159000,25.4
159060,24.6
159120,24.8
159180,25.4
159240,24.8
159300,24.2
159360,23.6
159420,23.4
159480,25.0
159540,24.0
159600,25.8
159660,23.6
159720,25.4
159780,24.2
159840,24.6
159900,24.2
159960,23.2
160020,23.0
160080,23.4
160140,25.2
160200,24.4
160260,23.6
160320,24.0
160380,24.6
160440,23.8
160500,22.8
160560,23.4
160620,23.8
160680,24.2
160740,23.8
160800,25.8
160860,24.2
160920,25.0
160980,24.4
161040,24.8
161100,25.2
161160,24.0
161220,24.8
161280,24.6
161340,25.2
161400,25.0
161460,24.2
161520,24.2
161580,25.2
161640,24.2
161700,25.2
161760,24.8
161820,24.6
161880,25.6
161940,24.8
162000,25.0
162060,24.0
162120,24.6
162180,22.8
162240,23.4
162300,24.8
162360,25.8
162420,25.8
162480,25.0
162540,23.2
162600,24.0
162660,24.0
162720,24.2
162780,23.8
162840,23.8
162900,24.6
162960,23.8
163020,24.2
163080,24.2
163140,23.2
163200,25.4
163260,23.6
163320,23.2
163380,23.6
163440,24.0
163500,24.4
163560,23.8
163620,24.4
163680,24.2
163740,24.0
163800,23.8
163860,25.2
163920,24.0
163980,23.6
164040,23.8
164100,25.2
164160,24.2
164220,24.0
164280,23.6
164340,22.4
164400,22.6
164460,22.8
164520,24.8
164580,25.8
164640,23.6
164700,24.6
164760,25.4
164820,23.0
164880,24.8
164940,24.0
165000,23.2
165060,24.0
165120,24.2
165180,24.6
165240,24.6
165300,25.4
165360,25.0
165420,24.2
165480,23.2
165540,24.6
165600,23.8
165660,23.8
165720,23.4
165780,24.4
165840,24.8
165900,25.4
165960,22.8
166020,22.4
166080,23.0
166140,25.2
166200,24.0
166260,22.6
166320,24.2
166380,23.4
166440,24.6
166500,23.6
166560,23.2
166620,23.4
166680,25.2
166740,25.2
166800,23.0
166860,24.4
166920,24.2
166980,24.2
167040,25.4
167100,24.2
167160,24.8
167220,22.4
167280,23.2
167340,24.8
167400,23.8
167460,25.2
167520,25.2
167580,25.4
167640,23.4
167700,24.8
167760,24.8
167820,22.2
167880,23.2
167940,24.0
168000,26.2
168060,25.4
168120,25.4
168180,24.6
168240,26.2
168300,24.8
168360,24.6
168420,24.4
168480,24.2
168540,25.0
168600,24.4
168660,25.6
168720,25.0
168780,26.4
168840,23.2
168900,25.4
168960,24.4
169020,25.8
169080,23.8
169140,24.2
169200,25.0
169260,24.4
169320,23.0
169380,24.0
169440,24.6
169500,25.0
169560,24.4
169620,24.6
169680,24.8
169740,24.2
169800,24.4
169860,24.8
169920,24.4
169980,24.8
170040,25.6
170100,24.4
170160,23.2
170220,23.0
170280,25.4
170340,25.2
170400,24.6
170460,25.2
170520,24.4
170580,24.2
170640,23.8
170700,24.2
170760,25.0
170820,25.0
170880,25.2
170940,22.8
171000,25.4
171060,23.6
171120,23.4
171180,24.4
171240,23.8
171300,26.0
171360,23.6
171420,23.6
171480,24.4
171540,25.2
171600,25.6
171660,23.2
171720,25.2
171780,24.4
171840,22.8
171900,24.0
171960,24.4
172020,23.8
172080,25.0
172140,22.8
172200,26.0
172260,25.0
172320,25.4
172380,23.8
172440,24.4
172500,25.8
172560,25.6
172620,24.6
172680,24.0
172740,24.4
172800,24.6
172860,26.0
172920,25.8
172980,24.0
173040,24.6
173100,24.2
173160,23.4
173220,25.6
173280,25.4
173340,23.6
173400,25.4
173460,24.0
173520,24.4
173580,23.8
173640,24.0
173700,24.0
173760,25.0
173820,26.2
173880,24.0
173940,24.6
174000,25.0
174060,25.2
174120,25.2
174180,25.4
174240,24.4
174300,25.8
174360,25.2
174420,25.2
174480,25.0
174540,25.8
174600,23.8
174660,25.8
174720,23.8
174780,25.0
174840,23.8
174900,24.2
174960,25.0
175020,24.2
175080,24.8
175140,24.4
175200,24.6
175260,23.6
175320,25.2
175380,25.2
175440,24.6
175500,24.4
175560,23.8
175620,25.0
175680,23.8
175740,24.8
175800,24.4
175860,23.6
175920,24.0
175980,24.0
176040,23.4
176100,25.4
176160,24.6
176220,24.6
176280,25.4
176340,23.0
176400,24.8
176460,23.4
176520,26.6
176580,25.2
176640,25.2
176700,25.4
176760,24.4
176820,23.8
176880,25.4
176940,25.4
177000,24.8
177060,24.8
177120,25.2
177180,25.2
177240,24.2
177300,24.2
177360,25.6
177420,24.4
177480,22.8
177540,24.6
177600,24.8
177660,24.4
177720,23.0
177780,25.2
177840,25.0
177900,25.4
177960,25.4
178020,25.2
178080,23.6
178140,24.2
178200,24.8
178260,25.0
178320,24.0
178380,24.4
178440,24.6
178500,24.4
178560,25.2
178620,24.0
178680,25.0
178740,25.2
178800,24.4
178860,24.0
178920,23.6
178980,26.0
179040,24.0
179100,24.4
179160,25.4
179220,25.0
179280,23.4
179340,24.8
179400,23.8
179460,25.0
179520,26.2
179580,23.0
179640,22.6
179700,24.6
179760,26.0
179820,24.6
179880,24.4
179940,24.6
180000,24.0
