#Steps,score
60,0.6
120,1.8
180,0.6
240,1.2
300,1.2
360,1.4
420,0.4
480,1.0
540,1.0
600,0.8
660,0.2
720,0.8
780,1.2
840,2.0
900,1.4
960,1.4
1020,1.4
1080,1.0
1140,1.0
1200,0.6
1260,0.8
1320,1.2
1380,1.4
1440,1.4
1500,0.2
1560,0.4
1620,1.4
1680,0.8
1740,0.6
1800,1.4
1860,0.6
1920,1.8
1980,1.2
2040,1.2
2100,1.2
2160,1.4
2220,0.8
2280,1.6
2340,1.4
2400,1.0
2460,0.6
2520,1.0
2580,0.8
2640,1.4
2700,0.6
2760,1.0
2820,1.4
2880,1.0
2940,1.4
3000,2.4
3060,0.2
3120,1.2
3180,0.6
3240,1.0
3300,1.8
3360,1.8
3420,1.0
3480,0.8
3540,0.6
3600,1.6
3660,1.0
3720,1.4
3780,0.8
3840,2.0
3900,1.0
3960,2.2
4020,0.4
4080,1.6
4140,0.8
4200,1.4
4260,1.0
4320,0.6
4380,0.2
4440,0.6
4500,1.4
4560,2.2
4620,0.8
4680,2.0
4740,1.8
4800,1.2
4860,1.2
4920,1.2
4980,1.4
5040,0.8
5100,1.4
5160,1.6
5220,1.2
5280,1.8
5340,0.8
5400,1.0
5460,1.4
5520,2.0
5580,1.2
5640,2.2
5700,1.4
5760,1.8
5820,0.8
5880,0.8
5940,1.2
6000,1.4
6060,1.2
6120,1.8
6180,1.2
6240,1.4
6300,0.4
6360,1.0
6420,0.8
6480,1.4
6540,1.0
6600,0.8
6660,1.6
6720,0.8
6780,0.4
6840,2.0
6900,2.0
6960,0.8
7020,1.2
7080,1.0
7140,0.8
7200,1.4
7260,1.4
7320,1.4
7380,1.4
7440,0.8
7500,2.0
7560,1.8
7620,1.0
7680,1.0
7740,1.4
7800,1.2
7860,2.0
7920,2.2
7980,1.0
8040,0.6
8100,1.2
8160,1.0
8220,1.8
8280,1.8
8340,1.6
8400,1.6
8460,1.0
8520,1.6
8580,1.6
8640,0.6
8700,1.8
8760,0.6
8820,1.2
8880,1.2
8940,1.8
9000,1.4
9060,0.8
9120,1.4
9180,1.6
9240,1.4
9300,1.0
9360,1.2
9420,0.8
9480,1.4
9540,1.2
9600,0.8
9660,1.8
9720,1.2
9780,2.2
9840,1.6
9900,1.2
9960,0.6
10020,2.2
10080,3.0
10140,1.6
10200,1.8
10260,1.4
10320,1.6
10380,1.8
10440,2.0
10500,1.0
10560,1.4
10620,2.0
10680,1.2
10740,1.4
10800,1.0
10860,0.8
10920,1.4
10980,1.0
11040,1.4
11100,1.0
11160,1.8
11220,1.0
11280,1.0
11340,2.0
11400,2.2
11460,2.4
11520,1.2
11580,1.8
11640,1.6
11700,0.8
11760,1.8
11820,2.0
11880,1.6
11940,1.8
12000,1.0
12060,1.8
12120,2.0
12180,1.2
12240,1.8
12300,2.0
12360,0.8
12420,1.4
12480,2.2
12540,1.2
12600,2.0
12660,1.8
12720,1.2
12780,1.0
12840,1.8
12900,1.2
12960,1.6
13020,2.0
13080,1.4
13140,1.4
13200,1.4
13260,1.8
13320,1.0
13380,1.6
13440,1.2
13500,2.6
13560,1.8
13620,1.0
13680,1.6
13740,1.4
13800,0.4
13860,2.6
13920,1.8
13980,2.2
14040,2.0
14100,1.0
14160,1.8
14220,2.6
14280,2.2
14340,1.8
14400,1.4
14460,1.6
14520,1.6
14580,1.8
14640,1.4
14700,0.8
14760,1.2
14820,0.8
14880,2.4
14940,2.0
15000,0.8
15060,1.4
15120,1.8
15180,1.6
15240,1.2
15300,2.0
15360,2.0
15420,2.2
15480,1.8
15540,1.6
15600,1.4
15660,1.8
15720,2.2
15780,1.0
15840,2.6
15900,1.6
15960,1.6
16020,1.2
16080,2.2
16140,1.6
16200,2.6
16260,1.0
16320,1.6
16380,2.4
16440,1.8
16500,2.6
16560,1.6
16620,1.8
16680,1.4
16740,1.4
16800,2.2
16860,1.6
16920,1.2
16980,1.6
17040,2.6
17100,1.6
17160,2.4
17220,2.4
17280,1.4
17340,1.8
17400,1.4
17460,1.4
17520,3.0
17580,2.4
17640,2.4
17700,1.4
17760,2.0
17820,1.8
17880,1.8
17940,1.4
18000,2.2
18060,1.2
18120,3.4
18180,1.8
18240,3.0
18300,2.2
18360,1.0
18420,2.2
18480,2.2
18540,3.6
18600,2.6
18660,1.0
18720,2.6
18780,1.8
18840,2.2
18900,2.6
18960,0.8
19020,3.0
19080,2.0
19140,2.2
19200,3.8
19260,4.8
19320,1.8
19380,1.4
19440,1.6
19500,3.0
19560,3.4
19620,2.2
19680,3.2
19740,3.8
19800,3.2
19860,3.0
19920,2.4
19980,3.0
20040,3.8
20100,3.0
20160,3.0
20220,2.0
20280,3.0
20340,2.6
20400,2.8
20460,2.8
20520,3.2
20580,2.6
20640,3.0
20700,1.8
20760,2.4
20820,3.6
20880,3.4
20940,3.8
21000,2.0
21060,3.4
21120,3.4
21180,3.0
21240,3.2
21300,4.4
21360,3.8
21420,4.6
21480,4.0
21540,3.4
21600,3.8
21660,4.0
21720,4.4
21780,6.2
21840,7.2
21900,6.4
21960,8.6
22020,6.4
22080,8.2
22140,8.2
22200,12.0
22260,13.0
22320,17.6
22380,20.4
22440,21.8
22500,24.0
22560,24.4
22620,22.6
22680,23.0
22740,23.0
22800,23.0
22860,22.6
22920,23.0
22980,23.6
23040,21.6
23100,23.0
23160,21.2
23220,22.2
23280,21.4
23340,21.8
23400,20.6
23460,19.4
23520,19.4
23580,19.8
23640,19.4
23700,20.2
23760,21.6
23820,22.6
23880,21.4
23940,21.8
24000,21.6
24060,22.0
24120,20.8
24180,22.2
24240,22.8
24300,23.2
24360,22.0
24420,22.0
24480,22.8
24540,23.2
24600,22.6
24660,23.6
24720,22.8
24780,23.2
24840,22.4
24900,22.4
24960,24.4
25020,23.2
25080,23.2
25140,23.8
25200,24.0
25260,24.6
25320,24.4
25380,24.4
25440,23.8
25500,25.2
25560,24.0
25620,22.6
25680,22.4
25740,24.4
25800,22.8
25860,24.0
25920,23.6
25980,23.8
26040,23.2
26100,25.0
26160,23.2
26220,24.0
26280,24.8
26340,25.2
26400,24.8
26460,23.4
26520,24.6
26580,23.4
26640,24.6
26700,26.0
26760,24.0
26820,23.6
26880,23.8
26940,24.8
27000,22.2
27060,23.0
27120,23.0
27180,22.8
27240,23.4
27300,22.6
27360,22.2
27420,22.6
27480,21.2
27540,20.6
27600,20.2
27660,21.2
27720,22.0
27780,20.8
27840,20.0
27900,22.6
27960,22.2
28020,21.4
28080,21.4
28140,21.4
28200,22.8
28260,24.4
28320,21.8
28380,22.8
28440,23.6
28500,22.4
28560,22.8
28620,26.2
28680,23.2
28740,23.4
28800,24.6
28860,24.4
28920,25.0
28980,22.4
29040,23.6
29100,24.0
29160,24.4
29220,23.4
29280,22.8
29340,22.2
29400,23.4
29460,24.0
29520,22.0
29580,23.4
29640,23.8
29700,24.2
29760,22.8
29820,24.2
29880,23.2
29940,22.8
30000,25.4
30060,23.0
30120,23.0
30180,23.4
30240,22.2
30300,22.8
30360,23.4
30420,22.8
30480,22.4
30540,22.0
30600,21.8
30660,22.6
30720,22.4
30780,24.0
30840,23.0
30900,22.6
30960,22.2
31020,25.2
31080,23.4
31140,22.8
31200,21.4
31260,23.0
31320,24.4
31380,23.4
31440,23.6
31500,23.0
31560,23.4
31620,22.2
31680,23.0
31740,23.2
31800,22.8
31860,24.0
31920,23.0
31980,22.6
32040,22.2
32100,24.0
32160,23.4
32220,22.8
32280,23.4
32340,22.4
32400,24.8
32460,23.2
32520,24.0
32580,24.2
32640,23.4
32700,22.6
32760,23.2
32820,22.4
32880,23.6
32940,22.6
33000,23.0
33060,23.8
33120,22.0
33180,22.8
33240,23.2
33300,22.4
33360,22.0
33420,22.4
33480,23.4
33540,23.4
33600,22.4
33660,23.0
33720,23.8
33780,24.4
33840,23.2
33900,23.0
33960,24.8
34020,23.4
34080,23.2
34140,22.6
34200,22.0
34260,22.8
34320,23.4
34380,23.2
34440,24.6
34500,24.2
34560,24.0
34620,24.4
34680,23.8
34740,23.2
34800,22.8
34860,23.4
34920,22.4
34980,23.4
35040,21.4
35100,22.2
35160,23.2
35220,24.2
35280,25.0
35340,25.2
35400,24.8
35460,23.8
35520,24.2
35580,24.6
35640,25.2
35700,24.0
35760,22.6
35820,23.8
35880,23.8
35940,24.2
36000,23.0
36060,24.2
36120,22.6
36180,22.2
36240,22.6
36300,24.6
36360,22.6
36420,24.0
36480,22.6
36540,24.4
36600,24.2
36660,24.4
36720,23.2
36780,25.4
36840,23.4
36900,23.6
36960,23.8
37020,23.2
37080,23.2
37140,23.6
37200,22.2
37260,22.4
37320,22.8
37380,22.8
37440,24.4
37500,23.4
37560,23.2
37620,23.6
37680,23.0
37740,23.2
37800,23.6
37860,24.2
37920,23.6
37980,24.4
38040,24.0
38100,25.0
38160,23.2
38220,23.0
38280,24.0
38340,23.4
38400,23.2
38460,22.6
38520,22.8
38580,23.6
38640,23.0
38700,22.8
38760,22.8
38820,23.0
38880,22.6
38940,24.2
39000,24.2
39060,23.0
39120,25.6
39180,24.2
39240,23.4
39300,24.4
39360,24.4
39420,24.8
39480,24.4
39540,24.8
39600,22.8
39660,26.6
39720,23.4
39780,26.2
39840,24.4
39900,23.6
39960,24.0
40020,24.4
40080,24.6
40140,23.4
40200,24.2
40260,24.6
40320,25.0
40380,25.0
40440,25.0
40500,23.8
40560,25.0
40620,24.4
40680,24.2
40740,23.6
40800,25.0
40860,22.4
40920,24.6
40980,23.2
41040,22.8
41100,24.4
41160,24.0
41220,25.4
41280,23.8
41340,23.4
41400,23.8
41460,23.0
41520,25.4
41580,23.4
41640,24.6
41700,23.8
41760,24.4
41820,23.6
41880,23.0
41940,23.8
42000,23.8
42060,24.4
42120,23.6
42180,24.2
42240,22.0
42300,22.6
42360,22.2
42420,24.4
42480,23.8
42540,24.2
42600,22.8
42660,22.4
42720,23.4
42780,23.0
42840,23.0
42900,23.2
42960,25.2
43020,22.6
43080,22.4
43140,23.0
43200,23.4
43260,23.6
43320,23.2
43380,24.0
43440,22.8
43500,23.8
43560,23.4
43620,23.6
43680,24.2
43740,23.8
43800,24.8
43860,24.0
43920,22.4
43980,25.0
44040,24.4
44100,24.6
44160,23.4
44220,23.8
44280,25.6
44340,24.0
44400,24.4
44460,23.8
44520,23.4
44580,23.8
44640,23.6
44700,23.6
44760,22.2
44820,23.4
44880,23.6
44940,24.0
45000,24.2
45060,22.0
45120,23.8
45180,25.2
45240,23.8
45300,23.6
45360,23.6
45420,21.4
45480,23.8
45540,23.0
45600,23.0
45660,22.6
45720,22.0
45780,23.8
45840,22.8
45900,24.2
45960,23.4
46020,22.8
46080,22.2
46140,22.4
46200,23.2
46260,21.4
46320,23.2
46380,23.0
46440,23.8
46500,22.8
46560,22.8
46620,23.2
46680,23.0
46740,25.0
46800,22.6
46860,23.0
46920,23.2
46980,21.8
47040,23.2
47100,23.4
47160,23.2
47220,24.2
47280,23.8
47340,26.2
47400,25.0
47460,24.0
47520,24.0
47580,24.4
47640,23.2
47700,24.4
47760,23.4
47820,26.2
47880,22.8
47940,24.8
48000,23.0
48060,24.4
48120,23.6
48180,24.6
48240,24.4
48300,23.0
48360,21.0
48420,23.8
48480,23.4
48540,22.6
48600,24.4
48660,24.8
48720,24.6
48780,23.8
48840,23.0
48900,24.4
48960,22.8
49020,25.0
49080,24.2
49140,26.6
49200,23.4
49260,24.0
49320,24.8
49380,26.2
49440,24.4
49500,25.2
49560,24.8
49620,25.4
49680,25.6
49740,26.4
49800,24.4
49860,24.2
49920,24.0
49980,25.8
50040,23.8
50100,24.6
50160,25.8
50220,26.2
50280,24.6
50340,26.0
50400,26.6
50460,24.2
50520,27.0
50580,24.2
50640,26.2
50700,24.2
50760,24.6
50820,24.2
50880,26.4
50940,26.0
51000,23.8
51060,24.4
51120,25.8
51180,25.8
51240,24.6
51300,25.0
51360,25.0
51420,24.2
51480,25.2
51540,24.6
51600,26.0
51660,25.4
51720,24.4
51780,25.6
51840,25.0
51900,24.0
51960,25.2
52020,23.8
52080,23.4
52140,25.4
52200,25.6
52260,23.4
52320,24.8
52380,24.6
52440,24.0
52500,23.6
52560,24.0
52620,25.0
52680,23.4
52740,24.6
52800,24.4
52860,24.8
52920,25.4
52980,23.6
53040,25.2
53100,24.0
53160,24.6
53220,23.0
53280,23.6
53340,23.2
53400,23.4
53460,24.0
53520,23.6
53580,23.2
53640,24.0
53700,24.0
53760,23.2
53820,25.2
53880,23.6
53940,23.0
54000,24.6
54060,24.0
54120,24.2
54180,24.8
54240,25.6
54300,22.6
54360,23.4
54420,22.4
54480,23.2
54540,23.6
54600,22.6
54660,23.4
54720,25.2
54780,24.4
54840,23.4
54900,23.2
54960,22.8
55020,22.8
55080,24.2
55140,22.2
55200,24.4
55260,24.0
55320,23.0
55380,24.4
55440,23.8
55500,23.6
55560,23.4
55620,24.0
55680,25.6
55740,24.0
55800,24.0
55860,24.4
55920,24.0
55980,22.8
56040,26.8
56100,23.2
56160,24.4
56220,25.2
56280,24.0
56340,24.2
56400,23.4
56460,24.8
56520,24.8
56580,24.2
56640,24.6
56700,24.0
56760,25.6
56820,24.6
56880,24.8
56940,23.0
57000,24.2
57060,23.8
57120,23.8
57180,24.8
57240,23.8
57300,24.2
57360,22.6
57420,23.4
57480,24.4
57540,24.2
57600,23.6
57660,24.8
57720,22.4
57780,23.6
57840,23.4
57900,24.2
57960,24.4
58020,23.0
58080,23.2
58140,24.2
58200,25.6
58260,24.6
58320,23.8
58380,25.2
58440,23.0
58500,23.6
58560,24.4
58620,24.2
58680,24.2
58740,25.0
58800,22.8
58860,24.6
58920,24.6
58980,24.0
59040,23.6
59100,24.4
59160,23.4
59220,24.2
59280,23.6
59340,25.4
59400,25.6
59460,24.0
59520,23.4
59580,23.4
59640,25.0
59700,26.0
59760,21.4
59820,24.0
59880,24.0
59940,23.4
60000,24.2
60060,24.0
60120,25.4
60180,24.4
60240,23.8
60300,25.6
60360,25.4
60420,24.2
60480,24.2
60540,23.4
60600,24.8
60660,23.2
60720,25.4
60780,23.0
60840,26.2
60900,25.6
60960,24.2
61020,25.8
61080,25.4
61140,23.4
61200,24.4
61260,25.0
61320,22.6
61380,25.0
61440,23.2
61500,26.0
61560,24.0
61620,24.8
61680,23.2
61740,24.8
61800,24.8
61860,24.4
61920,25.6
61980,23.8
62040,22.6
62100,24.8
62160,24.8
62220,25.2
62280,23.4
62340,22.6
62400,24.4
62460,24.4
62520,23.2
62580,22.2
62640,23.8
62700,24.2
62760,23.6
62820,25.4
62880,25.8
62940,23.6
63000,22.4
63060,25.2
63120,24.4
63180,23.2
63240,25.2
63300,23.2
63360,24.2
63420,24.6
63480,22.8
63540,23.4
63600,22.8
63660,24.0
63720,22.2
63780,23.2
63840,25.2
63900,24.4
63960,22.6
64020,23.2
64080,22.4
64140,22.8
64200,22.6
64260,22.2
64320,22.2
64380,23.0
64440,24.4
64500,23.6
64560,22.2
64620,22.8
64680,23.8
64740,22.4
64800,23.6
64860,22.0
64920,22.4
64980,23.0
65040,24.8
65100,24.2
65160,23.2
65220,22.0
65280,24.0
65340,25.2
65400,22.8
65460,22.8
65520,23.2
65580,24.8
65640,25.2
65700,23.8
65760,24.6
65820,23.4
65880,23.8
65940,24.4
66000,23.0
66060,24.2
66120,24.6
66180,25.0
66240,24.8
66300,25.6
66360,25.6
66420,24.6
66480,22.0
66540,24.0
66600,24.0
66660,24.4
66720,24.6
66780,22.8
66840,23.8
66900,24.4
66960,24.6
67020,25.0
67080,24.0
67140,24.8
67200,25.0
67260,24.6
67320,24.2
67380,23.2
67440,25.0
67500,24.6
67560,23.2
67620,24.2
67680,25.6
67740,24.8
67800,23.6
67860,23.8
67920,22.8
67980,23.6
68040,24.8
68100,25.2
68160,23.4
68220,26.2
68280,25.4
68340,24.0
68400,25.6
68460,24.0
68520,26.6
68580,22.6
68640,25.8
68700,25.4
68760,23.4
68820,23.6
68880,25.6
68940,24.8
69000,25.0
69060,23.0
69120,24.4
69180,25.4
69240,24.6
69300,24.0
69360,25.4
69420,25.6
69480,24.2
69540,26.0
69600,23.0
69660,24.6
69720,24.6
69780,23.6
69840,25.0
69900,25.2
69960,24.0
70020,24.6
70080,23.4
70140,25.8
70200,25.4
70260,23.8
70320,24.6
70380,23.4
70440,25.2
70500,24.4
70560,25.0
70620,26.0
70680,25.4
70740,25.8
70800,25.0
70860,23.8
70920,23.4
70980,24.6
71040,25.0
71100,25.8
71160,24.8
71220,24.4
71280,24.8
71340,25.2
71400,23.8
71460,24.8
71520,23.8
71580,24.4
71640,26.2
71700,25.0
71760,25.0
71820,24.8
71880,24.6
71940,24.6
72000,24.6
72060,23.2
72120,25.8
72180,24.0
72240,24.8
72300,22.8
72360,22.4
72420,26.0
72480,24.4
72540,24.4
72600,24.6
72660,26.8
72720,24.2
72780,23.4
72840,24.4
72900,25.4
72960,24.8
73020,23.4
73080,23.4
73140,24.4
73200,24.0
73260,25.2
73320,24.0
73380,25.0
73440,24.2
73500,24.6
73560,24.8
73620,24.2
73680,21.8
73740,23.2
73800,23.2
73860,23.4
73920,23.2
73980,24.2
74040,24.6
74100,23.2
74160,23.0
74220,23.0
74280,23.8
74340,22.6
74400,23.6
74460,24.2
74520,23.0
74580,23.8
74640,23.6
74700,25.0
74760,24.2
74820,24.6
74880,24.2
74940,23.6
75000,23.8
75060,22.6
75120,24.0
75180,25.0
75240,24.4
75300,24.2
75360,23.8
75420,23.2
75480,22.6
75540,24.6
75600,24.2
75660,25.4
75720,23.4
75780,25.0
75840,21.4
75900,23.8
75960,23.0
76020,21.8
76080,22.6
76140,23.4
76200,24.2
76260,23.6
76320,24.0
76380,24.6
76440,23.8
76500,24.2
76560,24.2
76620,22.6
76680,24.8
76740,24.6
76800,23.0
76860,25.2
76920,25.0
76980,22.6
77040,22.8
77100,23.8
77160,25.2
77220,23.0
77280,27.0
77340,23.6
77400,24.2
77460,23.2
77520,24.6
77580,24.6
77640,25.2
77700,25.8
77760,23.0
77820,23.2
77880,23.4
77940,25.6
78000,23.8
78060,23.4
78120,25.0
78180,26.2
78240,23.2
78300,24.4
78360,22.6
78420,24.4
78480,24.8
78540,25.4
78600,23.4
78660,25.0
78720,24.0
78780,23.4
78840,24.0
78900,22.2
78960,22.0
79020,22.8
79080,22.6
79140,24.2
79200,24.0
79260,23.4
79320,23.0
79380,22.2
79440,23.8
79500,24.2
79560,24.6
79620,26.2
79680,25.2
79740,24.2
79800,24.2
79860,26.2
79920,23.8
79980,24.6
80040,23.8
80100,24.4
80160,25.8
80220,25.2
80280,24.4
80340,25.4
80400,21.8
80460,24.2
80520,24.4
80580,25.0
80640,24.8
80700,24.2
80760,22.0
80820,23.6
80880,25.2
80940,24.8
81000,25.0
81060,24.6
81120,24.6
81180,24.4
81240,23.4
81300,23.6
81360,24.0
81420,25.0
81480,24.2
81540,23.6
81600,24.6
81660,25.4
81720,24.2
81780,23.4
81840,24.4
81900,23.8
81960,23.6
82020,23.2
82080,21.8
82140,23.0
82200,24.6
82260,24.8
82320,20.8
82380,24.6
82440,20.6
82500,24.6
82560,23.0
82620,24.2
82680,23.4
82740,25.0
82800,24.4
82860,22.4
82920,23.0
82980,23.8
83040,24.4
83100,25.0
83160,23.8
83220,24.0
83280,23.2
83340,25.0
83400,22.8
83460,25.4
83520,25.2
83580,25.4
83640,24.6
83700,24.0
83760,25.8
83820,24.0
83880,27.6
83940,24.2
84000,23.8
84060,25.4
84120,24.6
84180,25.2
84240,25.4
84300,24.8
84360,23.8
84420,24.4
84480,24.0
84540,24.4
84600,25.8
84660,23.2
84720,24.0
84780,26.2
84840,24.0
84900,26.2
84960,27.0
85020,24.8
85080,25.4
85140,24.2
85200,25.2
85260,24.4
85320,24.2
85380,24.2
85440,24.2
85500,24.2
85560,23.0
85620,26.4
85680,25.0
85740,23.2
85800,25.2
85860,24.0
85920,25.6
85980,24.8
86040,24.6
86100,25.6
86160,24.8
86220,23.8
86280,24.6
86340,25.2
86400,24.0
86460,24.6
86520,24.4
86580,24.8
86640,23.4
86700,25.0
86760,24.8
86820,24.2
86880,23.4
86940,23.4
87000,22.6
87060,23.8
87120,24.8
87180,25.0
87240,23.6
87300,23.0
87360,24.4
87420,24.8
87480,23.8
87540,24.8
87600,23.6
87660,24.4
87720,24.2
87780,24.4
87840,25.2
87900,21.2
87960,25.6
88020,23.8
88080,24.4
88140,22.4
88200,23.6
88260,25.0
88320,24.0
88380,23.6
88440,23.8
88500,25.2
88560,23.8
88620,24.4
88680,22.4
88740,24.0
88800,24.2
88860,26.0
88920,23.4
88980,24.8
89040,25.2
89100,23.4
89160,23.8
89220,24.8
89280,25.4
89340,24.0
89400,24.6
89460,24.0
89520,23.6
89580,24.0
89640,23.4
89700,25.0
89760,24.6
89820,23.8
89880,24.6
89940,24.2
90000,24.2
