#Steps,score
60,1.2
120,0.8
180,0.4
240,0.8
300,1.4
360,0.8
420,0.6
480,1.6
540,1.2
600,1.2
660,1.6
720,1.0
780,1.6
840,0.8
900,0.6
960,1.0
1020,0.4
1080,1.8
1140,2.4
1200,0.8
1260,1.2
1320,0.6
1380,0.6
1440,0.6
1500,0.8
1560,1.2
1620,1.6
1680,0.6
1740,1.8
1800,1.4
1860,1.4
1920,1.0
1980,1.6
2040,1.4
2100,2.4
2160,1.6
2220,0.4
2280,1.0
2340,1.8
2400,0.8
2460,0.4
2520,1.0
2580,1.2
2640,1.6
2700,1.0
2760,1.2
2820,0.8
2880,2.2
2940,0.6
3000,1.2
3060,1.4
3120,0.6
3180,0.4
3240,1.2
3300,1.2
3360,0.4
3420,1.0
3480,1.2
3540,1.8
3600,1.6
3660,1.0
3720,3.0
3780,1.0
3840,1.2
3900,0.6
3960,1.6
4020,1.8
4080,1.0
4140,1.0
4200,1.6
4260,0.6
4320,1.2
4380,0.6
4440,1.8
4500,1.8
4560,0.6
4620,2.0
4680,1.6
4740,1.2
4800,1.8
4860,1.8
4920,1.2
4980,1.4
5040,2.0
5100,1.2
5160,1.2
5220,1.2
5280,1.4
5340,1.2
5400,2.0
5460,1.4
5520,1.4
5580,1.4
5640,2.4
5700,0.6
5760,1.6
5820,1.8
5880,1.0
5940,1.8
6000,1.2
6060,1.6
6120,2.0
6180,2.2
6240,1.6
6300,2.4
6360,1.8
6420,3.0
6480,1.6
6540,1.6
6600,2.2
6660,1.6
6720,1.8
6780,2.2
6840,1.6
6900,1.0
6960,0.6
7020,1.0
7080,1.4
7140,1.6
7200,0.8
7260,1.8
7320,1.4
7380,3.6
7440,1.8
7500,1.8
7560,1.8
7620,2.0
7680,2.0
7740,1.0
7800,2.2
7860,2.8
7920,2.8
7980,1.6
8040,2.8
8100,2.0
8160,2.2
8220,1.6
8280,1.8
8340,2.0
8400,1.6
8460,2.6
8520,2.2
8580,3.0
8640,3.0
8700,2.2
8760,4.0
8820,4.8
8880,2.8
8940,4.2
9000,3.6
9060,4.0
9120,5.6
9180,6.2
9240,6.6
9300,7.0
9360,9.6
9420,12.4
9480,15.4
9540,19.8
9600,20.0
9660,20.4
9720,20.8
9780,22.0
9840,21.8
9900,20.8
9960,20.8
10020,17.0
10080,21.0
10140,19.6
10200,19.0
10260,18.2
10320,18.0
10380,19.0
10440,19.8
10500,20.2
10560,18.2
10620,20.6
10680,20.6
10740,20.6
10800,20.8
10860,20.8
10920,19.6
10980,20.4
11040,20.0
11100,21.8
11160,20.6
11220,20.2
11280,20.6
11340,20.8
11400,21.2
11460,21.6
11520,21.2
11580,22.0
11640,23.0
11700,23.2
11760,23.6
11820,22.8
11880,23.4
11940,22.0
12000,24.0
12060,23.2
12120,23.4
12180,24.2
12240,24.0
12300,21.8
12360,24.6
12420,24.2
12480,24.0
12540,22.8
12600,23.0
12660,22.8
12720,25.4
12780,23.8
12840,25.4
12900,23.6
12960,25.4
13020,24.2
13080,24.0
13140,24.0
13200,23.4
13260,24.2
13320,23.2
13380,23.8
13440,23.6
13500,22.2
13560,22.8
13620,23.2
13680,24.8
13740,22.8
13800,25.4
13860,24.8
13920,25.6
13980,23.8
14040,22.4
14100,25.4
14160,22.8
14220,23.8
14280,23.8
14340,23.8
14400,24.0
14460,23.6
14520,23.8
14580,24.4
14640,24.2
14700,23.6
14760,24.6
14820,25.0
14880,23.6
14940,23.6
15000,25.4
15060,25.8
15120,23.0
15180,23.8
15240,25.0
15300,23.8
15360,24.4
15420,25.4
15480,24.6
15540,24.4
15600,24.2
15660,24.0
15720,22.6
15780,23.4
15840,23.0
15900,24.0
15960,24.8
16020,24.2
16080,24.4
16140,23.0
16200,23.4
16260,23.0
16320,23.0
16380,23.4
16440,23.6
16500,24.8
16560,24.0
16620,22.0
16680,23.4
16740,24.2
16800,22.4
16860,24.0
16920,25.6
16980,23.8
17040,22.4
17100,23.8
17160,24.0
17220,23.8
17280,23.6
17340,23.6
17400,25.0
17460,24.8
17520,24.8
17580,23.8
17640,24.4
17700,23.2
17760,25.0
17820,24.2
17880,24.2
17940,25.2
18000,23.8
18060,25.0
18120,24.4
18180,23.8
18240,24.4
18300,22.6
18360,23.6
18420,24.0
18480,23.4
18540,24.6
18600,25.2
18660,22.8
18720,23.4
18780,23.2
18840,24.2
18900,23.6
18960,25.4
19020,25.8
19080,24.2
19140,24.2
19200,24.4
19260,23.6
19320,24.2
19380,23.6
19440,25.0
19500,24.0
19560,23.6
19620,22.8
19680,24.0
19740,22.2
19800,23.2
19860,24.2
19920,22.8
19980,23.0
20040,23.0
20100,24.8
20160,25.2
20220,23.2
20280,24.4
20340,23.6
20400,24.4
20460,24.0
20520,23.8
20580,22.4
20640,24.0
20700,23.2
20760,24.2
20820,23.4
20880,23.0
20940,23.4
21000,22.8
21060,24.2
21120,23.4
21180,23.2
21240,23.2
21300,23.6
21360,23.4
21420,22.0
21480,22.4
21540,22.2
21600,22.4
21660,22.8
21720,22.8
21780,22.6
21840,23.2
21900,23.6
21960,22.4
22020,22.6
22080,23.0
22140,23.6
22200,24.2
22260,22.8
22320,24.0
22380,23.8
22440,25.0
22500,25.0
22560,24.8
22620,22.6
22680,24.8
22740,24.4
22800,24.2
22860,24.4
22920,24.4
22980,24.0
23040,24.0
23100,24.4
23160,22.4
23220,24.8
23280,23.4
23340,22.8
23400,24.2
23460,22.8
23520,23.0
23580,23.2
23640,24.6
23700,22.6
23760,25.6
23820,23.0
23880,24.2
23940,23.0
24000,22.6
24060,23.4
24120,23.4
24180,24.4
24240,24.4
24300,23.0
24360,24.0
24420,24.8
24480,24.2
24540,22.8
24600,23.8
24660,24.0
24720,22.6
24780,23.2
24840,23.8
24900,24.2
24960,25.2
25020,23.0
25080,23.8
25140,23.2
25200,24.4
25260,24.6
25320,23.2
25380,23.0
25440,23.8
25500,25.0
25560,23.6
25620,23.2
25680,26.0
25740,24.8
25800,26.0
25860,24.0
25920,23.6
25980,23.2
26040,23.6
26100,23.4
26160,24.2
26220,23.4
26280,25.0
26340,23.6
26400,25.0
26460,24.4
26520,25.4
26580,24.6
26640,23.2
26700,24.0
26760,25.0
26820,21.8
26880,25.2
26940,24.0
27000,23.8
27060,23.2
27120,24.2
27180,23.8
27240,24.8
27300,25.8
27360,24.2
27420,24.0
27480,25.0
27540,24.4
27600,24.0
27660,24.6
27720,25.2
27780,26.0
27840,23.4
27900,24.6
27960,23.8
28020,24.2
28080,24.2
28140,23.4
28200,23.8
28260,24.6
28320,25.6
28380,24.8
28440,23.8
28500,22.8
28560,24.0
28620,23.8
28680,24.2
28740,23.0
28800,24.4
28860,23.4
28920,23.6
28980,24.2
29040,24.4
29100,21.2
29160,24.8
29220,23.4
29280,23.8
29340,24.4
29400,23.8
29460,22.6
29520,23.0
29580,23.0
29640,23.8
29700,24.0
29760,24.4
29820,24.6
29880,24.6
29940,24.0
30000,24.4
30060,25.6
30120,24.4
30180,25.4
30240,23.2
30300,24.4
30360,22.2
30420,24.6
30480,23.4
30540,23.8
30600,23.0
30660,23.0
30720,22.8
30780,22.2
30840,21.8
30900,22.8
30960,23.0
31020,22.8
31080,23.0
31140,22.6
31200,24.0
31260,23.6
31320,22.6
31380,21.6
31440,23.0
31500,24.2
31560,23.0
31620,24.0
31680,23.2
31740,24.0
31800,21.4
31860,23.6
31920,23.0
31980,23.0
32040,24.0
32100,24.2
32160,21.2
32220,24.4
32280,22.4
32340,22.4
32400,21.6
32460,23.4
32520,24.6
32580,23.2
32640,22.8
32700,23.0
32760,23.2
32820,23.2
32880,23.6
32940,22.6
33000,23.2
33060,24.2
33120,24.2
33180,25.4
33240,25.6
33300,22.8
33360,25.8
33420,23.8
33480,23.4
33540,25.6
33600,24.4
33660,23.6
33720,24.8
33780,25.6
33840,24.4
33900,25.4
33960,23.2
34020,25.8
34080,24.6
34140,23.2
34200,23.6
34260,24.2
34320,24.2
34380,25.0
34440,25.2
34500,24.4
34560,24.8
34620,25.2
34680,24.4
34740,25.4
34800,24.4
34860,23.6
34920,25.2
34980,25.6
35040,23.8
35100,23.8
35160,24.6
35220,24.6
35280,23.2
35340,24.0
35400,24.0
35460,24.2
35520,22.8
35580,24.4
35640,24.0
35700,24.2
35760,23.8
35820,22.8
35880,23.6
35940,25.0
36000,22.6
36060,23.8
36120,23.2
36180,24.4
36240,22.4
36300,24.0
36360,24.0
36420,23.8
36480,23.8
36540,23.4
36600,24.4
36660,24.4
36720,23.0
36780,24.0
36840,24.6
36900,23.8
36960,23.8
37020,24.0
37080,24.2
37140,24.2
37200,23.8
37260,24.8
37320,23.8
37380,23.8
37440,22.8
37500,23.6
37560,23.2
37620,23.0
37680,23.6
37740,25.6
37800,25.0
37860,23.4
37920,24.4
37980,26.0
38040,24.2
38100,24.0
38160,23.6
38220,23.6
38280,27.0
38340,22.6
38400,23.8
38460,24.6
38520,25.6
38580,24.6
38640,23.8
38700,24.8
38760,23.6
38820,23.8
38880,23.0
38940,23.4
39000,23.2
39060,23.8
39120,23.6
39180,24.0
39240,24.4
39300,23.8
39360,23.8
39420,23.8
39480,22.6
39540,23.2
39600,23.6
39660,25.8
39720,25.4
39780,23.6
39840,23.4
39900,21.4
39960,24.2
40020,23.0
40080,23.0
40140,22.2
40200,24.0
40260,24.0
40320,23.6
40380,22.2
40440,23.2
40500,23.2
40560,24.2
40620,24.4
40680,23.2
40740,23.6
40800,24.4
40860,23.4
40920,24.8
40980,24.6
41040,25.4
41100,24.0
41160,24.0
41220,24.6
41280,26.0
41340,23.8
41400,23.6
41460,24.8
41520,25.2
41580,23.6
41640,24.2
41700,25.6
41760,25.4
41820,24.0
41880,23.2
41940,23.6
42000,24.2
42060,24.0
42120,22.4
42180,23.6
42240,23.4
42300,23.6
42360,25.8
42420,26.0
42480,23.0
42540,25.8
42600,24.8
42660,24.0
42720,24.0
42780,23.6
42840,23.4
42900,22.8
42960,23.8
43020,23.8
43080,22.4
43140,23.4
43200,23.0
43260,22.2
43320,23.8
43380,23.8
43440,21.4
43500,23.4
43560,22.8
43620,23.8
43680,23.2
43740,21.8
43800,23.6
43860,22.8
43920,21.6
43980,23.8
44040,22.4
44100,24.4
44160,23.8
44220,23.0
44280,25.2
44340,24.2
44400,24.2
44460,24.2
44520,23.8
44580,24.8
44640,24.6
44700,23.8
