#Steps,score
60,1.4
120,1.2
180,1.6
240,1.6
300,1.2
360,1.0
420,1.6
480,1.2
540,0.8
600,0.8
660,1.4
720,1.8
780,1.6
840,1.8
900,0.4
960,1.0
1020,1.2
1080,1.4
1140,0.8
1200,1.2
1260,2.0
1320,1.4
1380,0.6
1440,1.2
1500,1.8
1560,1.0
1620,1.0
1680,0.2
1740,0.8
1800,0.6
1860,1.0
1920,0.8
1980,1.0
2040,0.4
2100,1.0
2160,0.6
2220,0.6
2280,1.4
2340,1.0
2400,0.8
2460,1.0
2520,1.4
2580,1.8
2640,1.8
2700,1.4
2760,1.2
2820,1.2
2880,1.6
2940,0.4
3000,1.6
3060,1.4
3120,0.8
3180,0.4
3240,1.0
3300,0.8
3360,1.0
3420,1.4
3480,1.2
3540,1.0
3600,1.0
3660,2.2
3720,1.2
3780,1.4
3840,1.0
3900,1.2
3960,1.2
4020,1.4
4080,2.2
4140,2.2
4200,1.8
4260,1.6
4320,1.4
4380,1.4
4440,1.0
4500,1.2
4560,1.0
4620,0.8
4680,0.8
4740,0.8
4800,1.2
4860,1.2
4920,1.0
4980,1.2
5040,1.0
5100,1.0
5160,1.4
5220,1.4
5280,0.4
5340,0.8
5400,1.6
5460,1.2
5520,1.4
5580,0.2
5640,1.0
5700,1.6
5760,0.4
5820,0.8
5880,2.0
5940,1.0
6000,1.8
6060,2.0
6120,1.2
6180,1.8
6240,1.0
6300,1.2
6360,1.8
6420,1.0
6480,1.2
6540,1.2
6600,2.0
6660,1.2
6720,1.0
6780,2.4
6840,1.0
6900,0.8
6960,2.0
7020,0.8
7080,1.4
7140,1.2
7200,1.6
7260,0.8
7320,1.2
7380,1.6
7440,1.2
7500,1.6
7560,1.2
7620,1.2
7680,1.0
7740,1.0
7800,1.4
7860,1.8
7920,0.4
7980,1.0
8040,0.8
8100,0.6
8160,1.0
8220,1.8
8280,1.6
8340,1.4
8400,2.0
8460,0.6
8520,1.2
8580,0.4
8640,0.6
8700,1.8
8760,0.6
8820,1.4
8880,1.6
8940,1.2
9000,0.8
9060,0.6
9120,1.4
9180,0.0
9240,1.6
9300,2.0
9360,1.2
9420,1.0
9480,1.2
9540,2.2
9600,0.8
9660,1.8
9720,1.4
9780,0.4
9840,0.6
9900,1.0
9960,1.8
10020,1.4
10080,1.4
10140,1.4
10200,1.2
10260,2.0
10320,0.8
10380,2.8
10440,1.6
10500,1.4
10560,1.0
10620,1.2
10680,2.6
10740,1.2
10800,3.2
10860,0.4
10920,1.0
10980,2.4
11040,1.8
11100,2.0
11160,2.6
11220,1.2
11280,1.4
11340,0.6
11400,1.0
11460,1.2
11520,2.2
11580,0.6
11640,1.8
11700,1.0
11760,1.8
11820,1.0
11880,0.8
11940,1.6
12000,1.4
12060,2.4
12120,1.2
12180,1.6
12240,2.6
12300,2.4
12360,1.0
12420,2.6
12480,2.4
12540,2.6
12600,1.8
12660,1.2
12720,2.2
12780,2.4
12840,1.6
12900,1.8
12960,2.2
13020,1.2
13080,2.8
13140,1.4
13200,1.6
13260,1.6
13320,2.0
13380,1.8
13440,1.6
13500,2.0
13560,1.0
13620,1.0
13680,0.8
13740,2.2
13800,2.6
13860,1.8
13920,2.4
13980,1.2
14040,1.2
14100,2.8
14160,0.6
14220,1.8
14280,1.8
14340,0.2
14400,2.0
14460,2.0
14520,2.8
14580,1.4
14640,2.2
14700,2.6
14760,1.2
14820,1.6
14880,1.4
14940,2.4
15000,3.2
15060,3.2
15120,2.2
15180,1.6
15240,4.2
15300,2.2
15360,2.8
15420,3.2
15480,1.6
15540,2.4
15600,2.0
15660,2.0
15720,1.6
15780,1.8
15840,2.0
15900,1.2
15960,1.8
16020,1.8
16080,4.0
16140,3.0
16200,2.8
16260,2.6
16320,2.2
16380,3.0
16440,2.6
16500,3.2
16560,3.0
16620,1.2
16680,2.6
16740,3.2
16800,5.2
16860,4.0
16920,2.8
16980,3.2
17040,4.0
17100,4.6
17160,4.8
17220,4.6
17280,4.0
17340,3.6
17400,5.0
17460,5.2
17520,4.6
17580,5.2
17640,4.4
17700,5.0
17760,6.2
17820,5.0
17880,5.0
17940,6.8
18000,6.6
18060,7.8
18120,11.4
18180,11.0
18240,13.2
18300,16.4
18360,18.2
18420,20.0
18480,20.8
18540,20.4
18600,22.6
18660,22.2
18720,22.8
18780,21.4
18840,21.6
18900,19.6
18960,19.4
19020,18.6
19080,20.2
19140,19.0
19200,18.6
19260,18.8
19320,18.4
19380,18.8
19440,20.8
19500,21.2
19560,21.0
19620,21.6
19680,21.4
19740,22.2
19800,20.4
19860,21.0
19920,22.4
19980,21.6
20040,23.4
20100,23.0
20160,22.4
20220,22.2
20280,23.0
20340,23.0
20400,23.0
20460,22.6
20520,23.8
20580,23.2
20640,23.4
20700,22.0
20760,23.6
20820,21.6
20880,23.0
20940,22.0
21000,22.0
21060,23.2
21120,23.8
21180,22.8
21240,23.6
21300,22.0
21360,23.8
21420,22.6
21480,23.2
21540,22.4
21600,22.4
21660,22.4
21720,21.4
21780,23.4
21840,22.8
21900,21.8
21960,22.2
22020,21.4
22080,21.8
22140,22.4
22200,23.4
22260,22.8
22320,21.4
22380,23.8
22440,22.4
22500,23.0
22560,22.4
22620,23.6
22680,22.8
22740,24.6
22800,21.6
22860,23.0
22920,25.0
22980,23.0
23040,24.4
23100,25.0
23160,23.6
23220,24.0
23280,25.8
23340,23.4
23400,24.6
23460,23.6
23520,24.2
23580,23.4
23640,23.6
23700,24.4
23760,22.2
23820,24.4
23880,24.6
23940,24.2
24000,25.0
24060,23.8
24120,24.2
24180,23.6
24240,24.2
24300,24.2
24360,23.6
24420,24.2
24480,24.4
24540,24.2
24600,23.8
24660,24.0
24720,24.6
24780,24.0
24840,24.6
24900,24.6
24960,23.2
25020,24.0
25080,24.2
25140,23.8
25200,23.6
25260,23.0
25320,24.2
25380,25.2
25440,24.8
25500,24.4
25560,24.2
25620,24.0
25680,23.6
25740,23.6
25800,24.2
25860,24.2
25920,24.8
25980,24.4
26040,24.0
26100,24.0
26160,25.6
26220,23.8
26280,25.6
26340,25.0
26400,23.2
26460,26.2
26520,22.0
26580,24.4
26640,23.4
26700,23.6
26760,24.4
26820,24.2
26880,24.6
26940,23.6
27000,25.0
27060,23.2
27120,23.8
27180,24.8
27240,24.0
27300,24.6
27360,22.8
27420,23.2
27480,24.8
27540,23.2
27600,23.8
27660,22.6
27720,23.0
27780,24.8
27840,24.6
27900,23.6
27960,23.4
28020,24.8
28080,24.6
28140,24.6
28200,23.8
28260,24.2
28320,24.0
28380,23.2
28440,22.6
28500,23.2
28560,24.4
28620,23.2
28680,23.4
28740,23.0
28800,22.8
28860,24.2
28920,23.4
28980,24.6
29040,22.0
29100,23.6
29160,22.4
29220,23.2
29280,23.2
29340,24.0
29400,23.4
29460,23.4
29520,24.6
29580,23.6
29640,24.0
29700,22.8
29760,22.0
29820,24.8
29880,25.0
29940,25.6
30000,25.2
30060,23.8
30120,25.0
30180,23.6
30240,21.6
30300,23.8
30360,24.2
30420,23.8
30480,23.4
30540,23.8
30600,23.2
30660,22.6
30720,23.2
30780,21.4
30840,22.4
30900,21.6
30960,22.2
31020,21.8
31080,22.4
31140,22.2
31200,22.6
31260,23.2
31320,22.4
31380,24.6
31440,23.0
31500,23.4
31560,24.0
31620,24.6
31680,24.6
31740,23.2
31800,24.8
31860,23.4
31920,23.4
31980,24.2
32040,24.8
32100,23.2
32160,22.8
32220,22.4
32280,22.2
32340,24.4
32400,22.2
32460,23.2
32520,24.2
32580,24.2
32640,22.8
32700,21.4
32760,23.8
32820,23.0
32880,22.6
32940,23.4
33000,23.2
33060,22.8
33120,22.6
33180,22.2
33240,22.2
33300,23.2
33360,21.8
33420,23.2
33480,23.4
33540,24.4
33600,23.0
33660,22.8
33720,23.2
33780,22.8
33840,22.2
33900,22.4
33960,22.0
34020,24.6
34080,23.8
34140,23.0
34200,22.4
34260,22.6
34320,22.8
34380,23.4
34440,22.2
34500,22.0
34560,22.8
34620,21.8
34680,23.4
34740,22.8
34800,24.0
34860,24.0
34920,24.0
34980,23.6
35040,24.4
35100,22.2
35160,22.8
35220,24.4
35280,24.0
35340,23.0
35400,24.2
35460,24.0
35520,24.0
35580,22.8
35640,23.8
35700,23.0
35760,23.6
35820,23.0
35880,24.2
35940,22.4
36000,23.0
36060,23.6
36120,23.2
36180,25.2
36240,25.2
36300,25.4
36360,24.4
36420,25.8
36480,24.4
36540,25.2
36600,24.8
36660,24.6
36720,24.6
36780,24.2
36840,23.2
36900,23.8
36960,26.4
37020,26.0
37080,25.0
37140,24.0
37200,24.6
37260,25.6
37320,24.4
37380,26.2
37440,23.8
37500,25.0
37560,23.6
37620,26.6
37680,25.8
37740,24.8
37800,26.0
37860,23.8
37920,25.4
37980,22.2
38040,24.6
38100,24.0
38160,24.2
38220,24.4
38280,24.8
38340,23.8
38400,24.2
38460,24.8
38520,23.0
38580,24.6
38640,23.4
38700,22.6
38760,23.4
38820,23.6
38880,24.0
38940,25.2
39000,24.0
39060,24.8
39120,25.6
39180,26.4
39240,23.4
39300,24.6
39360,26.0
39420,22.8
39480,24.2
39540,22.8
39600,23.8
39660,22.8
39720,23.4
39780,24.8
39840,21.8
39900,23.0
39960,23.6
40020,24.4
40080,22.8
40140,23.2
40200,22.6
40260,22.0
40320,21.6
40380,23.2
40440,23.6
40500,23.6
40560,23.8
40620,24.4
40680,23.2
40740,25.2
40800,24.0
40860,24.8
40920,25.2
40980,24.2
41040,24.8
41100,24.6
41160,26.0
41220,25.0
41280,24.8
41340,23.8
41400,24.0
41460,23.4
41520,24.0
41580,23.8
41640,24.2
41700,23.4
41760,24.0
41820,24.2
41880,24.6
41940,24.0
42000,24.8
42060,23.2
42120,22.0
42180,24.8
42240,23.6
42300,24.4
42360,25.4
42420,24.2
42480,24.2
42540,24.6
42600,24.0
42660,25.0
42720,24.4
42780,24.8
42840,24.8
42900,23.4
42960,25.6
43020,24.0
43080,24.0
43140,23.6
43200,25.4
43260,23.6
43320,23.6
43380,25.4
43440,24.4
43500,23.6
43560,24.8
43620,23.6
43680,24.4
43740,24.8
43800,24.4
43860,23.6
43920,25.0
43980,24.8
44040,24.2
44100,25.6
44160,25.8
44220,24.6
44280,25.4
44340,25.0
44400,24.2
44460,25.6
44520,24.0
44580,26.2
44640,24.2
44700,24.6
44760,24.8
44820,25.4
44880,25.2
44940,24.6
45000,25.4
45060,24.4
45120,25.0
45180,25.8
45240,24.0
45300,25.0
45360,24.4
45420,24.2
45480,23.8
45540,25.4
45600,25.0
45660,25.8
45720,24.0
45780,25.8
45840,25.8
45900,26.8
45960,25.0
46020,26.2
46080,25.0
46140,25.8
46200,25.4
46260,24.4
46320,23.8
46380,26.4
46440,23.8
46500,25.6
46560,24.2
46620,25.4
46680,24.0
46740,24.6
46800,25.4
46860,24.0
46920,24.6
46980,26.2
47040,23.8
47100,24.6
47160,26.6
47220,23.8
47280,24.4
47340,25.2
47400,24.6
47460,26.0
47520,24.8
47580,23.8
47640,25.0
47700,24.2
47760,24.2
47820,25.8
47880,24.2
47940,23.4
48000,24.2
48060,23.8
48120,25.8
48180,26.0
48240,26.2
48300,25.2
48360,25.4
48420,24.0
48480,23.0
48540,23.2
48600,24.0
48660,23.4
48720,23.8
48780,25.4
48840,23.2
48900,23.2
48960,22.4
49020,24.8
49080,25.4
49140,24.4
49200,24.2
49260,24.0
49320,24.0
49380,23.8
49440,24.4
49500,24.6
49560,23.6
49620,25.6
49680,24.2
49740,23.6
49800,24.8
49860,23.8
49920,25.2
49980,25.6
50040,23.6
50100,25.2
50160,24.8
50220,24.2
50280,22.0
50340,24.2
50400,25.0
50460,24.4
50520,24.2
50580,24.4
50640,23.8
50700,22.4
50760,22.6
50820,24.4
50880,22.4
50940,22.2
51000,20.6
51060,23.8
51120,23.4
51180,22.6
51240,23.6
51300,22.6
51360,23.4
51420,21.6
51480,21.6
51540,23.0
51600,21.0
51660,21.6
51720,22.8
51780,22.8
51840,23.4
51900,22.8
51960,24.2
52020,23.6
52080,23.8
52140,23.2
52200,24.6
52260,25.4
52320,23.4
52380,24.2
52440,24.2
52500,24.2
52560,24.6
52620,23.6
52680,24.6
52740,24.4
52800,23.2
52860,24.0
52920,23.4
52980,23.4
53040,23.6
53100,24.8
53160,24.4
53220,24.2
53280,25.4
53340,24.0
53400,24.8
53460,25.4
53520,25.6
53580,24.2
53640,24.6
53700,26.0
53760,24.0
53820,23.0
53880,24.6
53940,24.8
54000,24.8
54060,23.4
54120,24.4
54180,24.6
54240,23.4
54300,23.6
54360,23.6
54420,24.8
54480,24.8
54540,25.2
54600,25.0
54660,25.4
54720,24.8
54780,22.6
54840,25.0
54900,25.4
54960,23.8
55020,25.4
55080,25.2
55140,24.4
55200,23.6
55260,24.0
55320,25.0
55380,25.6
55440,24.2
55500,24.2
55560,24.4
55620,24.6
55680,25.2
55740,24.2
55800,23.8
55860,24.4
55920,24.6
55980,25.2
56040,24.8
56100,25.0
56160,25.2
56220,24.8
56280,23.2
56340,24.0
56400,22.4
56460,23.6
56520,24.2
56580,23.8
56640,24.6
56700,24.6
56760,24.2
56820,23.2
56880,24.0
56940,21.6
57000,24.2
57060,25.8
57120,24.2
57180,24.8
57240,23.8
57300,24.4
57360,24.6
57420,22.6
57480,23.0
57540,22.8
57600,22.6
57660,23.8
57720,23.2
57780,24.0
57840,21.8
57900,23.4
57960,23.4
58020,23.2
58080,21.8
58140,22.2
58200,23.0
58260,23.6
58320,22.6
58380,23.4
58440,21.6
58500,21.6
58560,22.4
58620,23.6
58680,23.6
58740,22.4
58800,24.4
58860,23.6
58920,23.2
58980,23.6
59040,24.4
59100,23.8
59160,24.2
59220,22.8
59280,22.2
59340,24.0
59400,22.2
59460,24.4
59520,23.2
59580,22.8
59640,23.0
59700,22.6
59760,22.4
59820,21.8
59880,22.6
59940,23.8
60000,24.6
60060,23.6
60120,23.0
60180,24.6
60240,23.2
60300,22.2
60360,25.2
60420,24.6
60480,24.6
60540,23.0
60600,25.0
60660,25.6
60720,26.2
60780,23.4
60840,23.6
60900,24.2
60960,23.8
61020,25.2
61080,23.6
61140,24.4
61200,22.6
61260,23.6
61320,23.8
61380,24.8
61440,24.0
61500,24.6
61560,24.2
61620,23.8
61680,25.6
61740,24.2
61800,24.6
61860,24.8
61920,24.6
61980,24.6
62040,25.8
62100,24.2
62160,23.2
62220,24.6
62280,24.8
62340,23.2
62400,23.6
62460,23.0
62520,23.6
62580,24.4
62640,24.8
62700,22.6
62760,24.4
62820,23.8
62880,22.4
62940,24.2
63000,25.0
63060,23.0
63120,23.6
63180,24.4
63240,22.6
63300,25.0
63360,22.6
63420,22.6
63480,24.0
63540,22.4
63600,21.8
63660,23.2
63720,21.4
63780,24.2
63840,22.2
63900,23.0
63960,23.8
64020,23.2
64080,23.6
64140,23.8
64200,24.6
64260,23.2
64320,25.0
64380,24.2
64440,23.6
64500,23.4
64560,25.0
64620,24.8
64680,24.4
64740,23.4
64800,24.8
64860,23.4
64920,24.6
64980,24.2
65040,25.6
65100,23.8
65160,24.4
65220,24.6
65280,22.6
65340,24.0
65400,23.6
65460,23.4
65520,24.6
65580,21.4
65640,24.2
65700,23.4
65760,23.0
65820,24.0
65880,25.0
65940,21.6
66000,26.0
66060,24.8
66120,24.4
66180,25.2
66240,24.0
66300,25.0
66360,24.4
66420,23.6
66480,23.4
66540,24.2
66600,23.0
66660,22.2
66720,23.2
66780,23.8
66840,24.6
66900,23.0
66960,23.4
67020,23.0
67080,24.0
67140,22.8
67200,23.2
67260,22.6
67320,23.6
67380,22.6
67440,24.2
67500,25.0
67560,23.8
67620,24.4
67680,24.4
67740,23.4
67800,23.2
67860,24.0
67920,23.6
67980,23.2
68040,22.6
68100,23.8
68160,23.6
68220,22.8
68280,23.4
68340,23.0
68400,25.2
68460,24.4
68520,24.6
68580,24.2
68640,23.8
68700,26.2
68760,25.6
68820,24.6
68880,24.8
68940,24.0
69000,24.4
69060,25.4
69120,25.0
69180,24.0
69240,24.2
69300,24.4
69360,24.4
69420,24.8
69480,25.4
69540,25.0
69600,24.4
69660,25.2
69720,23.8
69780,24.2
69840,24.0
69900,25.0
69960,24.0
70020,24.8
70080,24.6
70140,24.2
70200,23.6
70260,23.8
70320,23.6
70380,24.6
70440,25.0
70500,24.6
70560,24.0
70620,25.4
70680,22.8
70740,23.4
70800,24.6
70860,24.0
70920,24.2
70980,23.2
71040,22.8
71100,23.4
71160,24.6
71220,23.0
71280,24.0
71340,23.0
71400,23.4
71460,21.0
71520,24.4
71580,23.4
71640,23.8
71700,22.6
71760,23.4
71820,23.4
71880,25.4
71940,20.6
72000,25.0
72060,23.4
72120,23.6
72180,24.8
72240,23.6
72300,24.0
72360,25.6
72420,25.4
72480,22.6
72540,24.8
72600,22.6
72660,24.0
72720,22.6
72780,24.0
72840,23.8
72900,23.6
72960,23.2
73020,24.4
73080,23.4
73140,24.0
73200,24.0
73260,24.8
73320,23.6
73380,25.0
73440,26.4
73500,25.8
73560,23.8
73620,23.6
73680,25.0
73740,24.4
73800,25.6
73860,23.6
73920,24.2
73980,24.8
74040,25.2
74100,24.6
74160,23.8
74220,24.6
74280,24.2
74340,23.8
74400,23.6
74460,23.8
74520,25.0
74580,23.8
74640,25.0
74700,25.2
74760,23.0
74820,24.4
74880,22.6
74940,24.4
75000,25.2
75060,24.0
75120,24.0
75180,24.8
75240,24.2
75300,23.6
75360,24.2
75420,25.6
75480,25.0
75540,23.8
75600,24.8
75660,25.0
75720,24.6
75780,24.0
75840,24.2
75900,23.6
75960,23.8
76020,24.0
76080,24.0
76140,24.6
76200,23.6
76260,25.2
76320,25.2
76380,22.0
76440,24.2
76500,25.4
76560,21.8
76620,26.0
76680,25.6
76740,24.2
76800,24.2
76860,24.8
76920,24.0
76980,25.6
77040,24.0
77100,26.8
77160,25.0
77220,23.8
77280,26.2
77340,25.8
77400,23.8
77460,25.0
77520,24.4
77580,24.8
77640,23.4
77700,24.6
77760,25.6
77820,24.2
77880,23.4
77940,24.8
78000,24.0
78060,25.8
78120,24.6
78180,23.8
78240,25.4
78300,25.2
78360,26.0
78420,25.0
78480,24.6
78540,25.6
78600,25.0
78660,24.6
78720,24.6
78780,24.6
78840,24.0
78900,25.0
78960,23.4
79020,25.2
79080,25.2
79140,25.0
79200,27.0
79260,23.4
79320,23.8
79380,25.4
79440,24.8
79500,25.4
79560,25.2
79620,24.8
79680,23.2
79740,25.2
79800,24.8
79860,24.0
79920,24.6
79980,25.0
80040,25.2
80100,23.0
80160,24.4
80220,23.2
80280,23.2
80340,24.4
80400,23.6
80460,25.0
80520,23.6
80580,23.8
80640,25.4
80700,25.0
80760,24.6
80820,25.2
80880,24.0
80940,25.8
81000,22.4
81060,24.0
81120,24.0
81180,24.2
81240,23.6
81300,25.2
81360,24.6
81420,23.6
81480,24.8
81540,24.4
81600,24.6
81660,26.0
81720,23.4
81780,23.0
81840,24.2
81900,24.0
81960,23.2
82020,25.4
82080,23.8
82140,25.0
82200,24.0
82260,24.4
82320,23.2
82380,23.4
82440,23.8
82500,22.8
82560,22.2
82620,23.0
82680,22.8
82740,23.8
82800,23.8
82860,23.4
82920,22.4
82980,23.0
83040,23.0
83100,22.8
83160,24.2
83220,23.8
83280,20.8
83340,22.6
83400,21.8
83460,21.6
83520,21.8
83580,22.2
83640,21.8
83700,22.2
83760,21.4
83820,22.8
83880,21.8
83940,21.2
84000,21.0
84060,21.8
84120,21.4
84180,21.8
84240,19.8
84300,21.0
84360,20.2
84420,23.6
84480,21.8
84540,22.4
84600,21.8
84660,23.0
84720,24.0
84780,23.2
84840,24.4
84900,24.8
84960,24.6
85020,23.0
85080,23.2
85140,24.6
85200,25.0
85260,24.8
85320,23.0
85380,23.8
85440,24.2
85500,24.0
85560,24.6
85620,23.4
85680,23.2
85740,25.2
85800,24.2
85860,22.8
85920,24.0
85980,23.4
86040,24.0
86100,24.0
86160,24.8
86220,23.6
86280,22.6
86340,22.2
86400,24.4
86460,22.8
86520,23.0
86580,25.2
86640,23.0
86700,22.8
86760,22.6
86820,24.8
86880,23.8
86940,24.0
87000,24.6
87060,23.8
87120,25.6
87180,23.2
87240,26.2
87300,23.8
87360,23.8
87420,23.8
87480,24.8
87540,24.0
87600,26.0
87660,24.6
87720,24.8
87780,23.0
87840,24.8
87900,25.4
87960,22.6
88020,24.2
88080,23.2
88140,23.2
88200,23.2
88260,22.8
88320,24.6
88380,22.8
88440,22.4
88500,23.0
88560,23.4
88620,22.8
88680,23.6
88740,24.6
88800,24.0
88860,22.6
88920,23.8
88980,24.0
89040,25.4
89100,22.8
89160,23.0
89220,23.0
89280,23.8
89340,23.4
89400,23.2
89460,24.2
89520,22.4
89580,23.2
89640,24.6
89700,22.4
89760,22.8
89820,22.2
89880,23.0
89940,23.6
90000,21.6
90060,23.8
90120,23.4
90180,22.8
90240,22.6
90300,23.6
90360,24.0
90420,23.4
90480,23.0
90540,24.0
90600,23.8
90660,22.2
90720,22.6
90780,23.8
90840,24.0
90900,23.0
90960,22.6
91020,23.4
91080,23.8
91140,23.2
91200,24.0
91260,23.0
91320,22.4
91380,22.8
91440,22.2
91500,24.0
91560,21.2
91620,22.6
91680,23.6
91740,22.6
91800,23.0
91860,23.2
91920,23.0
91980,23.6
92040,23.6
92100,23.0
92160,23.2
92220,24.2
92280,23.6
92340,24.0
92400,25.2
92460,23.2
92520,23.4
92580,24.6
92640,22.8
92700,23.8
92760,26.4
92820,24.6
92880,23.6
92940,23.8
93000,22.4
93060,24.6
93120,24.0
93180,25.0
93240,24.8
93300,25.0
93360,25.0
93420,24.8
93480,24.4
93540,23.2
93600,24.2
93660,23.8
93720,24.6
93780,24.4
93840,24.6
93900,25.4
93960,22.6
94020,23.2
94080,22.4
94140,22.6
94200,24.0
94260,24.4
94320,23.0
94380,25.6
94440,22.6
94500,24.4
94560,24.0
94620,24.0
94680,24.0
94740,24.0
94800,22.8
94860,24.2
94920,23.2
94980,23.4
95040,24.0
95100,22.8
95160,21.6
95220,23.0
95280,24.0
95340,23.2
95400,23.2
95460,21.8
95520,23.2
95580,22.8
95640,23.4
95700,23.2
95760,24.4
95820,22.4
95880,23.2
95940,22.6
96000,24.4
96060,23.2
96120,24.4
96180,23.6
96240,23.4
96300,24.0
96360,24.0
96420,24.4
96480,23.4
96540,25.2
96600,23.2
96660,24.4
96720,24.0
96780,25.4
96840,23.2
96900,25.0
96960,24.8
97020,24.0
97080,23.4
97140,25.2
97200,24.2
97260,24.8
97320,24.8
97380,26.0
97440,24.0
97500,24.2
97560,25.0
97620,25.6
97680,24.6
97740,23.6
97800,24.6
97860,24.8
97920,24.8
97980,25.2
98040,24.2
98100,23.2
98160,23.6
98220,22.4
98280,23.8
98340,24.8
98400,24.0
98460,25.6
98520,24.8
98580,26.4
98640,22.0
98700,24.0
98760,23.8
98820,23.8
98880,23.8
98940,23.0
99000,22.4
99060,23.6
99120,23.4
99180,22.8
99240,25.4
99300,23.4
99360,23.6
99420,22.2
99480,23.0
99540,23.8
99600,22.4
99660,22.0
99720,23.6
99780,23.0
99840,24.6
99900,23.2
99960,23.4
100020,22.8
100080,24.8
100140,22.6
100200,24.0
100260,23.8
100320,24.0
100380,24.8
100440,24.4
100500,23.8
100560,24.6
100620,25.0
100680,22.8
100740,24.2
100800,25.8
100860,24.2
100920,23.8
100980,25.0
101040,24.6
101100,23.6
101160,24.2
101220,23.8
101280,23.2
101340,23.8
101400,22.2
101460,25.0
101520,24.0
101580,25.8
101640,23.6
101700,24.4
101760,25.6
101820,24.4
101880,24.0
101940,25.0
102000,25.2
102060,24.4
102120,23.6
102180,23.8
102240,22.8
102300,24.6
102360,24.4
102420,21.8
102480,23.0
102540,23.6
102600,23.6
102660,22.8
102720,21.6
102780,21.8
102840,22.2
102900,23.8
102960,22.6
103020,22.6
103080,23.0
103140,20.4
103200,24.4
103260,22.8
103320,22.2
103380,23.6
103440,23.4
103500,24.8
103560,25.2
103620,25.4
103680,23.4
103740,23.4
103800,24.4
103860,23.6
103920,22.6
103980,22.6
104040,23.0
104100,24.4
104160,23.0
104220,22.4
104280,24.0
104340,23.0
104400,24.0
104460,23.8
104520,23.0
104580,22.2
104640,22.8
104700,22.8
104760,22.8
104820,23.4
104880,23.8
104940,22.8
105000,24.2
105060,23.6
105120,24.2
105180,24.6
105240,25.0
105300,23.6
105360,24.6
105420,25.2
105480,24.4
105540,24.6
105600,24.0
105660,23.6
105720,25.4
105780,25.6
105840,25.0
105900,24.8
105960,24.6
106020,24.6
106080,25.0
106140,25.6
106200,27.0
106260,24.8
106320,24.2
106380,25.2
106440,24.2
106500,23.6
106560,24.2
106620,25.6
106680,24.4
106740,23.8
106800,26.4
106860,24.6
106920,25.6
106980,23.6
107040,25.0
107100,24.6
107160,25.2
107220,24.8
107280,24.6
107340,25.0
107400,25.6
107460,24.4
107520,24.8
107580,24.8
107640,24.6
107700,25.4
107760,25.4
107820,24.6
107880,25.2
107940,23.8
108000,23.8
108060,25.0
108120,25.6
108180,24.4
108240,26.0
108300,24.6
108360,25.6
108420,25.8
108480,27.4
108540,24.2
108600,23.6
108660,23.6
108720,24.4
108780,24.8
108840,24.6
108900,23.2
108960,25.8
109020,25.8
109080,25.2
109140,23.8
109200,25.8
109260,23.6
109320,23.8
109380,25.2
109440,24.2
109500,23.8
109560,24.2
109620,24.0
109680,23.2
109740,25.4
109800,25.0
109860,25.4
109920,24.8
109980,23.2
110040,23.6
110100,23.8
110160,23.2
110220,24.4
110280,23.8
110340,25.8
110400,24.2
110460,24.6
110520,24.4
110580,22.4
110640,24.6
110700,24.6
110760,24.6
110820,24.6
110880,25.2
110940,24.0
111000,25.4
111060,25.0
111120,24.8
111180,26.4
111240,25.6
111300,25.2
111360,24.6
111420,24.6
111480,24.4
111540,25.2
111600,25.4
111660,25.2
111720,25.0
111780,24.6
111840,24.4
111900,23.8
111960,24.4
112020,25.0
112080,23.0
112140,24.0
112200,23.4
112260,23.4
112320,23.8
112380,23.6
112440,24.6
112500,24.4
112560,23.4
112620,24.2
112680,24.0
112740,24.0
112800,25.2
112860,24.4
112920,25.0
112980,25.0
113040,25.6
113100,24.0
113160,23.4
113220,24.6
113280,26.2
113340,26.0
113400,24.0
113460,23.6
113520,24.4
113580,25.2
113640,23.6
113700,25.0
113760,22.8
113820,24.4
113880,24.0
113940,24.0
114000,24.4
114060,24.2
114120,24.4
114180,23.8
114240,24.4
114300,23.0
114360,22.6
114420,24.6
114480,23.8
114540,24.8
114600,24.0
114660,22.6
114720,24.0
114780,22.2
114840,24.0
114900,23.4
114960,24.4
115020,23.8
115080,24.4
115140,24.6
115200,23.4
115260,22.6
115320,23.4
115380,25.2
115440,23.6
115500,25.0
115560,23.4
115620,24.0
115680,24.2
115740,23.4
115800,24.0
115860,22.8
115920,24.6
115980,25.4
116040,24.2
116100,24.6
116160,23.6
116220,24.4
116280,25.0
116340,24.2
116400,26.4
116460,24.8
116520,25.6
116580,25.4
116640,23.4
116700,23.2
116760,23.8
116820,24.2
116880,22.6
116940,23.0
117000,24.0
117060,23.8
117120,23.4
117180,25.0
117240,23.8
117300,24.8
117360,25.4
117420,25.0
117480,25.2
117540,25.2
117600,25.0
117660,24.4
117720,25.2
117780,23.4
117840,25.2
117900,25.0
117960,24.6
118020,24.6
118080,24.2
118140,25.6
118200,25.0
118260,23.8
118320,23.6
118380,24.2
118440,24.4
118500,25.2
118560,25.2
118620,23.8
118680,24.6
118740,24.8
118800,25.2
118860,23.6
118920,25.0
118980,25.2
119040,23.8
119100,24.8
119160,23.6
119220,24.6
119280,22.8
119340,24.8
119400,25.0
119460,24.8
119520,24.6
119580,25.6
119640,25.8
119700,25.6
119760,23.0
119820,24.6
119880,25.0
119940,25.4
120000,23.0
120060,24.2
120120,25.2
120180,25.4
120240,24.4
120300,25.0
120360,24.0
120420,24.8
120480,25.8
120540,24.8
120600,24.6
120660,24.4
120720,24.2
120780,24.6
120840,25.0
120900,24.2
120960,24.2
121020,23.8
121080,23.6
121140,25.4
121200,24.0
121260,25.0
121320,24.6
121380,23.6
121440,25.0
121500,25.6
121560,24.8
121620,24.0
121680,24.2
121740,24.8
121800,25.0
121860,23.0
121920,24.2
121980,24.4
122040,24.6
122100,24.6
122160,25.0
122220,25.0
122280,24.8
122340,24.6
122400,24.6
122460,25.0
122520,24.4
122580,23.6
122640,24.4
122700,22.6
122760,24.2
122820,25.2
122880,23.6
122940,24.6
123000,23.4
123060,23.4
123120,23.8
123180,24.2
123240,25.2
123300,24.0
123360,24.6
123420,24.4
123480,22.6
123540,22.8
123600,22.6
123660,24.8
123720,23.2
123780,24.2
123840,23.2
123900,23.2
123960,22.6
124020,21.6
124080,23.6
124140,24.0
124200,23.0
124260,22.4
124320,23.8
124380,23.2
124440,22.6
124500,21.8
124560,23.0
124620,20.4
124680,23.4
124740,23.0
124800,23.0
124860,21.2
124920,22.4
124980,22.6
125040,22.8
125100,23.4
125160,22.6
125220,22.4
125280,23.6
125340,24.0
125400,23.6
125460,24.4
125520,24.8
125580,24.6
125640,23.2
125700,23.6
125760,22.2
125820,22.2
125880,24.6
125940,24.4
126000,25.0
126060,24.4
126120,24.4
126180,22.8
126240,23.2
126300,23.2
126360,23.4
126420,23.4
126480,23.2
126540,24.8
126600,24.4
126660,23.2
126720,24.2
126780,23.4
126840,22.2
126900,23.4
126960,23.2
127020,23.6
127080,23.2
127140,22.6
127200,23.6
127260,23.0
127320,23.8
127380,23.0
127440,23.0
127500,23.2
127560,22.8
127620,23.6
127680,22.8
127740,22.4
127800,23.4
127860,24.2
127920,23.0
127980,23.2
128040,23.6
128100,24.2
128160,23.0
128220,22.4
128280,23.8
128340,25.0
128400,23.6
128460,24.4
128520,23.2
128580,22.8
128640,23.4
128700,24.0
128760,23.6
128820,23.2
128880,24.8
128940,24.0
129000,23.2
129060,24.8
129120,23.8
129180,25.0
129240,23.8
129300,25.0
129360,25.2
129420,25.0
129480,23.4
129540,23.6
129600,26.8
129660,23.4
129720,26.0
129780,25.0
129840,25.0
129900,25.2
129960,25.0
130020,25.6
130080,25.8
130140,25.4
130200,24.4
130260,25.0
130320,25.8
130380,25.2
130440,25.8
130500,24.8
130560,23.8
130620,26.8
130680,25.4
130740,24.0
130800,25.2
130860,24.4
130920,26.2
130980,24.6
131040,24.8
131100,25.2
131160,25.2
131220,23.4
131280,23.8
131340,26.0
131400,23.8
131460,23.8
131520,24.2
131580,23.0
131640,23.6
131700,25.2
131760,24.4
131820,25.8
131880,24.2
131940,25.6
132000,24.6
132060,24.6
132120,24.4
132180,23.8
132240,24.0
132300,24.0
132360,24.0
132420,23.4
132480,24.6
132540,24.4
132600,24.2
132660,23.6
132720,24.6
132780,23.4
132840,24.8
132900,25.4
132960,23.6
133020,24.8
133080,22.8
133140,23.2
133200,26.4
133260,25.4
133320,24.2
133380,23.8
133440,25.2
133500,24.0
133560,23.4
133620,23.8
133680,24.4
133740,24.4
133800,23.4
133860,25.4
133920,24.4
133980,23.8
134040,26.0
134100,25.0
134160,25.0
134220,22.8
134280,24.0
134340,25.0
134400,25.4
134460,23.2
134520,24.6
134580,23.8
134640,25.4
134700,25.4
134760,23.6
134820,23.8
134880,25.2
134940,26.0
135000,25.0
135060,25.0
135120,24.2
135180,25.2
135240,25.6
135300,24.2
135360,24.4
135420,25.2
135480,23.0
135540,24.6
135600,24.2
135660,25.0
135720,24.6
135780,24.0
135840,22.8
135900,26.2
135960,25.0
136020,25.4
136080,25.2
136140,26.2
136200,24.2
136260,24.8
136320,25.6
136380,26.2
136440,25.4
136500,25.0
136560,25.2
136620,23.8
136680,23.4
136740,24.8
136800,24.4
136860,24.0
136920,23.6
136980,25.4
137040,24.4
137100,24.2
137160,25.0
137220,25.4
137280,24.8
137340,24.6
137400,24.8
137460,25.2
137520,23.4
137580,23.4
137640,25.0
137700,23.2
137760,24.0
137820,24.0
137880,23.4
137940,24.4
138000,23.2
138060,24.0
138120,23.4
138180,23.6
138240,23.6
138300,23.4
138360,22.6
138420,23.2
138480,23.0
138540,23.6
138600,23.6
138660,23.0
138720,23.8
138780,24.8
138840,24.0
138900,26.4
138960,25.0
139020,25.6
139080,24.6
139140,25.6
139200,25.0
139260,23.6
139320,24.4
139380,25.2
139440,24.2
139500,22.8
139560,22.6
139620,23.6
139680,22.6
139740,22.4
139800,23.8
139860,23.6
139920,23.0
139980,22.2
140040,23.6
140100,22.8
140160,23.4
140220,23.0
140280,23.2
140340,22.4
140400,24.4
140460,24.0
140520,21.6
140580,24.6
140640,23.6
140700,22.6
140760,23.8
140820,23.0
140880,25.8
140940,23.0
141000,24.0
141060,24.2
141120,22.6
141180,24.0
141240,24.2
141300,26.0
141360,23.2
141420,22.4
141480,24.0
141540,24.0
141600,23.6
141660,24.0
141720,23.8
141780,23.4
141840,22.4
141900,22.8
141960,22.6
142020,24.6
142080,23.0
142140,23.6
142200,24.0
142260,24.4
142320,24.2
142380,24.4
142440,22.4
142500,22.8
142560,22.6
142620,24.2
142680,23.4
142740,22.6
142800,21.2
142860,22.0
142920,22.2
142980,22.2
143040,23.2
143100,24.0
143160,24.2
143220,24.8
143280,23.6
143340,25.0
143400,22.2
143460,23.8
143520,23.8
143580,24.0
143640,22.8
143700,22.6
143760,24.6
143820,24.8
143880,23.8
143940,23.6
144000,24.2
144060,24.0
144120,24.6
144180,24.8
144240,24.0
144300,25.0
144360,24.8
144420,23.8
144480,23.8
144540,24.2
144600,25.6
144660,24.8
144720,24.6
144780,23.6
144840,24.8
144900,24.0
144960,25.2
145020,25.8
145080,23.6
145140,24.6
145200,24.4
145260,25.4
145320,23.2
145380,24.4
145440,25.0
145500,23.2
145560,23.4
145620,24.0
145680,25.4
145740,24.0
145800,24.0
145860,24.4
145920,24.8
145980,24.0
146040,23.2
146100,25.2
146160,25.8
146220,22.8
146280,24.4
146340,23.4
146400,24.8
146460,22.6
146520,21.4
146580,24.4
146640,23.0
146700,24.0
146760,25.4
146820,23.4
146880,26.0
146940,23.8
147000,25.0
147060,23.4
147120,23.0
147180,23.0
147240,22.6
147300,22.8
147360,22.8
147420,23.4
147480,22.6
147540,23.8
147600,23.0
147660,23.6
147720,23.2
147780,22.6
147840,23.4
147900,22.8
147960,24.0
148020,25.0
148080,22.8
148140,24.4
148200,23.2
148260,22.8
148320,25.0
148380,25.0
148440,24.0
148500,23.0
148560,24.2
148620,23.2
148680,23.0
148740,25.0
148800,25.0
148860,24.6
148920,23.4
148980,24.2
149040,24.2
149100,24.0
149160,24.2
149220,23.8
149280,25.0
149340,23.0
149400,21.8
149460,22.6
149520,23.0
149580,23.0
149640,23.0
149700,23.4
149760,23.4
149820,23.2
149880,22.6
149940,22.4
150000,22.2
150060,23.6
150120,23.0
150180,24.0
150240,23.2
150300,24.6
150360,24.0
150420,24.0
150480,23.4
150540,23.6
150600,26.4
150660,24.0
150720,22.2
150780,25.4
150840,24.2
150900,23.6
150960,24.4
151020,23.8
151080,25.6
151140,23.6
151200,24.2
151260,22.8
151320,24.2
151380,23.8
151440,24.8
151500,23.4
151560,24.2
151620,25.0
151680,25.4
151740,24.2
151800,24.8
151860,23.6
151920,24.0
151980,25.2
152040,24.2
152100,24.0
152160,24.2
152220,24.0
152280,23.8
152340,24.4
152400,24.6
152460,25.0
152520,24.8
152580,24.4
152640,23.8
152700,25.8
152760,24.6
152820,24.6
152880,23.8
152940,23.6
153000,24.8
153060,25.2
153120,25.6
153180,24.8
153240,25.4
153300,24.6
153360,23.8
153420,24.2
153480,24.4
153540,22.4
153600,24.4
153660,25.4
153720,23.8
153780,24.2
153840,25.0
153900,24.2
153960,25.2
154020,25.8
154080,26.0
154140,23.2
154200,24.8
154260,25.4
154320,24.0
154380,24.8
154440,24.8
154500,25.6
154560,25.0
154620,24.4
154680,24.6
154740,24.0
154800,24.2
154860,24.6
154920,22.6
154980,23.8
155040,22.8
155100,23.6
155160,24.0
155220,25.4
155280,24.6
155340,25.0
155400,23.8
155460,23.0
155520,23.4
155580,22.8
155640,24.0
155700,24.4
155760,24.4
155820,22.8
155880,23.6
155940,23.8
156000,23.4
156060,23.2
156120,23.8
156180,23.6
156240,24.4
156300,23.2
156360,22.4
156420,21.8
156480,23.0
156540,22.6
156600,22.4
156660,24.6
156720,24.4
156780,23.6
156840,24.4
156900,23.0
156960,24.8
157020,24.6
157080,24.2
157140,23.4
157200,23.0
157260,22.2
157320,24.0
157380,24.4
157440,25.2
157500,25.2
157560,24.6
157620,25.0
157680,25.0
157740,25.6
157800,23.0
157860,25.0
157920,23.4
157980,23.4
158040,23.4
158100,24.2
158160,25.2
158220,25.0
158280,24.2
158340,24.2
158400,25.2
158460,24.0
158520,24.6
158580,25.2
158640,23.8
158700,23.2
158760,23.6
158820,23.2
158880,23.0
158940,21.0
159000,22.8
159060,23.2
159120,24.8
159180,22.8
159240,23.0
159300,22.6
159360,23.0
159420,22.0
159480,23.6
159540,22.6
159600,22.0
159660,24.0
159720,24.0
159780,24.0
159840,25.6
159900,24.6
159960,23.2
160020,26.0
160080,24.6
160140,24.2
160200,23.2
160260,23.6
160320,23.0
160380,23.8
160440,24.8
160500,24.6
160560,23.2
160620,23.8
160680,24.0
160740,24.8
160800,24.8
160860,22.4
160920,25.6
160980,25.0
161040,24.4
161100,24.0
161160,22.8
161220,24.2
161280,23.2
161340,24.8
161400,23.8
161460,24.2
161520,24.2
161580,24.4
161640,23.2
161700,25.0
161760,22.6
161820,23.2
161880,24.4
161940,24.0
162000,23.6
162060,24.0
162120,25.2
162180,24.2
162240,24.8
162300,24.4
162360,24.0
162420,25.4
162480,24.4
162540,25.6
162600,23.6
162660,24.0
162720,24.8
162780,26.4
162840,24.0
162900,24.2
162960,23.4
163020,24.4
163080,24.6
163140,23.8
163200,24.2
163260,24.2
163320,23.6
163380,23.4
163440,24.8
163500,23.4
163560,23.0
163620,25.0
163680,25.2
163740,24.0
163800,25.0
163860,24.8
163920,25.8
163980,25.8
164040,23.8
164100,24.4
164160,26.0
164220,25.0
164280,23.6
164340,24.6
164400,25.4
164460,24.6
164520,23.8
164580,24.6
164640,24.0
164700,23.6
164760,26.2
164820,23.4
164880,24.0
164940,25.4
165000,23.6
165060,25.6
165120,25.0
165180,26.4
165240,24.4
165300,24.6
165360,26.6
165420,24.8
165480,24.6
165540,23.4
165600,24.0
165660,23.8
165720,25.0
165780,24.2
165840,24.2
165900,24.0
165960,24.0
166020,27.2
166080,25.6
166140,26.6
166200,24.0
166260,26.4
166320,24.0
166380,24.6
166440,25.4
166500,25.6
166560,23.4
166620,24.8
166680,25.0
166740,24.8
166800,24.8
166860,24.6
166920,24.6
166980,25.2
167040,24.0
167100,24.6
167160,25.4
167220,24.4
167280,24.6
167340,25.0
167400,26.6
167460,25.8
167520,25.6
167580,24.6
167640,24.8
167700,24.8
167760,25.0
167820,24.2
167880,26.6
167940,23.8
168000,25.8
168060,24.6
168120,25.0
168180,24.8
168240,24.0
168300,24.2
168360,23.8
168420,24.6
168480,25.6
168540,25.2
168600,25.4
168660,25.4
168720,25.2
168780,24.0
168840,25.0
168900,24.8
168960,24.8
169020,23.4
169080,25.8
169140,25.4
169200,25.2
169260,27.4
169320,25.4
169380,25.2
169440,25.2
169500,25.0
169560,25.2
169620,27.2
169680,25.0
169740,24.0
169800,26.8
169860,25.4
169920,24.0
169980,25.6
170040,24.6
170100,26.4
170160,26.2
170220,25.4
170280,26.8
170340,24.2
170400,22.8
170460,24.8
170520,25.4
170580,24.2
170640,25.2
170700,24.8
170760,25.2
170820,25.2
170880,25.0
170940,25.6
171000,25.4
171060,23.6
171120,26.2
171180,25.4
171240,25.4
171300,24.4
171360,25.8
171420,24.2
171480,25.0
171540,26.4
171600,25.6
171660,24.0
171720,25.6
171780,24.8
171840,24.6
171900,24.8
171960,24.6
172020,24.4
172080,26.0
172140,22.6
172200,23.8
172260,25.6
172320,23.8
172380,23.2
172440,25.0
172500,24.0
172560,24.2
172620,25.4
172680,24.0
172740,23.8
172800,23.8
172860,23.6
172920,23.0
172980,25.2
173040,24.4
173100,25.4
173160,24.4
173220,24.6
173280,22.6
173340,25.4
173400,24.8
173460,25.0
173520,25.0
173580,23.8
173640,26.4
173700,25.4
173760,23.6
173820,25.2
173880,24.6
173940,24.8
174000,25.8
174060,25.2
174120,25.0
174180,24.6
174240,24.4
174300,25.6
174360,24.8
174420,24.6
174480,24.0
174540,23.4
174600,23.4
174660,25.0
174720,23.6
174780,24.8
174840,25.6
174900,23.8
174960,26.2
175020,25.8
175080,22.8
175140,24.8
175200,24.4
175260,24.8
175320,25.0
175380,25.2
175440,24.2
175500,26.0
175560,24.6
175620,25.2
175680,25.4
175740,25.0
175800,24.8
175860,24.6
175920,25.0
175980,24.2
176040,25.6
176100,25.2
176160,25.8
176220,25.4
176280,25.6
176340,25.2
176400,24.6
176460,25.4
176520,24.8
176580,24.2
176640,23.8
176700,25.8
176760,24.6
176820,24.0
176880,24.6
176940,25.0
177000,26.0
177060,26.0
177120,24.0
177180,26.4
177240,25.6
177300,25.6
177360,23.6
177420,25.4
177480,27.0
177540,24.4
177600,24.0
177660,24.8
177720,24.6
177780,25.8
177840,26.4
177900,23.2
177960,23.8
178020,24.2
178080,26.2
178140,24.2
178200,26.0
178260,24.8
178320,26.0
178380,24.2
178440,25.0
178500,23.8
178560,26.2
178620,26.0
178680,23.0
178740,24.6
178800,25.4
178860,24.4
178920,24.8
178980,24.8
179040,25.4
179100,25.2
179160,23.4
179220,26.2
179280,24.2
179340,23.4
179400,24.8
179460,24.8
179520,26.4
179580,25.8
179640,25.4
179700,23.6
179760,25.6
179820,26.0
179880,23.6
179940,25.2
180000,23.8
