#Steps,score
60,0.6
120,1.4
180,1.0
240,0.6
300,1.8
360,1.0
420,0.6
480,0.8
540,1.4
600,1.4
660,1.6
720,0.2
780,1.2
840,1.6
900,0.6
960,1.0
1020,2.6
1080,1.0
1140,1.8
1200,0.8
1260,1.0
1320,1.2
1380,0.8
1440,0.8
1500,1.4
1560,1.0
1620,0.8
1680,1.0
1740,1.2
1800,2.4
1860,1.0
1920,1.4
1980,1.0
2040,1.4
2100,0.4
2160,1.4
2220,0.6
2280,1.0
2340,0.6
2400,1.6
2460,0.8
2520,1.0
2580,1.8
2640,2.0
2700,0.8
2760,1.0
2820,1.0
2880,0.6
2940,1.4
3000,1.2
3060,0.6
3120,0.8
3180,1.2
3240,2.2
3300,1.8
3360,1.2
3420,1.4
3480,1.6
3540,1.0
3600,1.0
3660,1.2
3720,1.2
3780,1.4
3840,0.4
3900,1.4
3960,0.8
4020,1.2
4080,1.0
4140,1.8
4200,1.2
4260,0.8
4320,0.8
4380,0.6
4440,1.0
4500,1.6
4560,0.4
4620,1.2
4680,0.4
4740,1.4
4800,0.4
4860,1.8
4920,0.6
4980,1.4
5040,0.8
5100,0.4
5160,0.8
5220,1.0
5280,1.8
5340,0.8
5400,1.6
5460,1.4
5520,1.4
5580,0.6
5640,0.2
5700,1.2
5760,0.4
5820,2.0
5880,0.4
5940,1.6
6000,1.0
6060,1.0
6120,0.2
6180,1.8
6240,1.6
6300,1.8
6360,0.8
6420,0.8
6480,1.2
6540,1.6
6600,0.8
6660,0.6
6720,1.0
6780,1.6
6840,1.4
6900,0.8
6960,1.0
7020,0.8
7080,1.8
7140,2.6
7200,0.8
7260,0.6
7320,1.0
7380,1.2
7440,0.6
7500,0.8
7560,1.6
7620,1.0
7680,0.6
7740,1.4
7800,1.6
7860,1.2
7920,1.2
7980,0.6
8040,0.6
8100,0.4
8160,1.2
8220,0.8
8280,1.0
8340,0.8
8400,1.4
8460,0.6
8520,1.0
8580,1.2
8640,0.6
8700,0.4
8760,0.6
8820,0.6
8880,1.2
8940,1.6
9000,1.0
9060,1.0
9120,1.4
9180,0.6
9240,2.0
9300,1.4
9360,1.2
9420,1.2
9480,1.2
9540,1.6
9600,2.4
9660,2.0
9720,1.4
9780,0.4
9840,1.2
9900,1.6
9960,0.4
10020,1.0
10080,1.8
10140,2.2
10200,1.0
10260,1.6
10320,1.6
10380,1.0
10440,0.8
10500,0.6
10560,1.4
10620,1.0
10680,1.0
10740,1.2
10800,1.2
10860,1.6
10920,1.2
10980,1.2
11040,0.8
11100,0.4
11160,0.8
11220,1.4
11280,1.6
11340,1.8
11400,0.4
11460,1.2
11520,0.8
11580,2.4
11640,0.8
11700,0.8
11760,0.4
11820,1.6
11880,1.8
11940,1.4
12000,0.8
12060,0.8
12120,1.0
12180,0.4
12240,1.0
12300,1.8
12360,1.2
12420,0.6
12480,1.2
12540,0.6
12600,1.2
12660,1.0
12720,1.4
12780,1.4
12840,1.4
12900,1.0
12960,1.2
13020,1.0
13080,1.0
13140,2.0
13200,0.6
13260,2.0
13320,1.0
13380,1.2
13440,1.6
13500,0.4
13560,1.6
13620,0.8
13680,1.6
13740,1.4
13800,0.8
13860,0.8
13920,1.4
13980,0.6
14040,1.0
14100,2.0
14160,0.6
14220,1.4
14280,1.4
14340,0.8
14400,0.8
14460,1.8
14520,2.4
14580,0.4
14640,1.8
14700,1.0
14760,1.0
14820,1.6
14880,0.8
14940,0.8
15000,1.2
15060,1.2
15120,0.8
15180,1.4
15240,2.2
15300,0.8
15360,1.6
15420,0.8
15480,1.4
15540,2.2
15600,1.2
15660,1.2
15720,2.2
15780,1.8
15840,0.6
15900,0.6
15960,1.0
16020,1.0
16080,0.8
16140,0.6
16200,0.8
16260,0.8
16320,1.4
16380,1.0
16440,1.2
16500,0.6
16560,1.0
16620,0.0
16680,1.0
16740,1.6
16800,0.8
16860,1.8
16920,1.6
16980,1.2
17040,1.6
17100,1.4
17160,1.2
17220,1.0
17280,0.8
17340,0.6
17400,0.6
17460,0.8
17520,1.8
17580,2.2
17640,1.6
17700,1.6
17760,1.0
17820,1.6
17880,1.0
17940,1.0
18000,1.2
18060,1.6
18120,1.4
18180,1.2
18240,1.2
18300,1.0
18360,0.8
18420,1.8
18480,1.8
18540,1.8
18600,1.6
18660,1.8
18720,1.2
18780,0.6
18840,1.4
18900,1.4
18960,1.8
19020,1.0
19080,1.0
19140,1.0
19200,1.2
19260,0.4
19320,1.2
19380,0.8
19440,1.4
19500,1.2
19560,0.2
19620,0.6
19680,2.2
19740,0.6
19800,1.8
19860,1.2
19920,1.0
19980,1.0
20040,1.2
20100,0.4
20160,0.4
20220,0.8
20280,1.4
20340,0.6
20400,1.4
20460,1.2
20520,1.2
20580,3.0
20640,1.0
20700,1.4
20760,1.2
20820,0.8
20880,1.6
20940,1.2
21000,1.0
21060,1.8
21120,0.6
21180,1.4
21240,1.0
21300,0.4
21360,0.6
21420,0.8
21480,2.4
21540,1.0
21600,1.6
21660,2.6
21720,0.8
21780,1.2
21840,1.6
21900,2.0
21960,1.6
22020,2.4
22080,1.4
22140,1.4
22200,1.4
22260,1.0
22320,1.4
22380,0.4
22440,0.8
22500,0.8
22560,1.4
22620,0.8
22680,2.4
22740,1.8
22800,0.8
22860,0.4
22920,0.4
22980,1.0
23040,1.2
23100,1.0
23160,0.4
23220,1.8
23280,1.2
23340,2.2
23400,2.0
23460,1.4
23520,1.2
23580,0.8
23640,1.0
23700,0.8
23760,0.6
23820,0.6
23880,1.2
23940,0.8
24000,1.0
24060,1.2
24120,1.4
24180,0.8
24240,1.2
24300,1.0
24360,0.0
24420,1.4
24480,1.4
24540,2.0
24600,1.6
24660,1.8
24720,0.6
24780,1.6
24840,0.6
24900,1.8
24960,1.6
25020,0.8
25080,1.0
25140,1.2
25200,1.2
25260,1.6
25320,1.4
25380,1.0
25440,1.4
25500,1.4
25560,1.0
25620,1.0
25680,1.8
25740,1.6
25800,1.0
25860,1.6
25920,2.0
25980,1.6
26040,0.6
26100,1.2
26160,1.6
26220,1.6
26280,1.4
26340,0.2
26400,0.8
26460,1.6
26520,1.4
26580,0.6
26640,1.0
26700,0.6
26760,1.2
26820,2.6
26880,1.2
26940,2.0
27000,1.0
27060,1.2
27120,1.2
27180,1.4
27240,1.8
27300,1.2
27360,2.4
27420,0.8
27480,2.4
27540,1.2
27600,0.8
27660,2.0
27720,0.6
27780,1.4
27840,1.2
27900,0.4
27960,1.6
28020,0.8
28080,1.4
28140,1.6
28200,1.6
28260,1.0
28320,2.2
28380,2.0
28440,1.4
28500,0.6
28560,1.2
28620,1.2
28680,2.2
28740,1.6
28800,0.8
28860,1.4
28920,1.4
28980,1.2
29040,1.4
29100,1.4
29160,1.0
29220,1.6
29280,2.2
29340,0.8
29400,0.8
29460,2.0
29520,2.6
29580,0.4
29640,1.2
29700,0.8
29760,1.2
29820,2.0
29880,0.8
29940,0.4
30000,1.6
30060,0.6
30120,2.0
30180,1.6
30240,1.8
30300,0.6
30360,2.0
30420,1.0
30480,1.2
30540,2.2
30600,0.6
30660,1.0
30720,1.4
30780,0.6
30840,1.8
30900,1.2
30960,1.2
31020,1.4
31080,1.6
31140,1.0
31200,1.6
31260,0.8
31320,1.2
31380,1.4
31440,2.6
31500,1.0
31560,1.4
31620,1.4
31680,2.2
31740,1.2
31800,1.0
31860,2.2
31920,1.8
31980,2.6
32040,0.8
32100,1.0
32160,2.2
32220,0.8
32280,1.2
32340,1.6
32400,2.0
32460,1.8
32520,1.2
32580,1.0
32640,0.6
32700,1.4
32760,0.6
32820,0.2
32880,1.8
32940,1.6
33000,1.8
33060,0.4
33120,1.4
33180,1.6
33240,1.4
33300,1.8
33360,1.0
33420,1.0
33480,0.4
33540,1.8
33600,1.0
33660,1.8
33720,1.4
33780,1.6
33840,1.8
33900,1.2
33960,1.4
34020,1.4
34080,1.2
34140,1.2
34200,2.0
34260,1.8
34320,1.4
34380,1.2
34440,1.8
34500,2.0
34560,1.4
34620,0.6
34680,1.2
34740,1.4
34800,0.8
34860,0.8
34920,1.2
34980,1.0
35040,1.4
35100,1.0
35160,1.0
35220,1.4
35280,1.2
35340,1.4
35400,1.8
35460,1.6
35520,1.0
35580,1.2
35640,1.6
35700,0.4
35760,1.2
35820,1.4
35880,2.8
35940,2.8
36000,1.8
36060,1.0
36120,1.2
36180,1.0
36240,1.2
36300,1.2
36360,1.0
36420,2.2
36480,0.8
36540,1.6
36600,2.4
36660,1.4
36720,2.0
36780,0.8
36840,0.2
36900,0.8
36960,2.0
37020,1.8
37080,1.0
37140,2.4
37200,1.6
37260,0.6
37320,0.8
37380,0.6
37440,2.0
37500,1.2
37560,1.6
37620,1.4
37680,2.8
37740,1.6
37800,1.0
37860,2.0
37920,1.0
37980,1.6
38040,2.2
38100,1.4
38160,1.0
38220,0.6
38280,0.6
38340,0.8
38400,1.2
38460,1.6
38520,0.6
38580,0.8
38640,2.2
38700,1.0
38760,1.4
38820,1.0
38880,1.2
38940,1.2
39000,2.8
39060,2.4
39120,1.8
39180,1.2
39240,1.4
39300,1.6
39360,0.8
39420,1.6
39480,1.2
39540,1.0
39600,1.0
39660,1.4
39720,1.4
39780,1.8
39840,2.4
39900,2.0
39960,2.8
40020,1.2
40080,1.8
40140,2.4
40200,2.4
40260,1.8
40320,2.4
40380,2.8
40440,1.8
40500,1.8
40560,2.4
40620,1.6
40680,1.6
40740,0.8
40800,1.6
40860,1.4
40920,0.4
40980,1.6
41040,2.4
41100,1.4
41160,1.8
41220,1.6
41280,2.2
41340,1.4
41400,1.0
41460,1.0
41520,1.6
41580,1.4
41640,1.2
41700,0.2
41760,1.2
41820,0.8
41880,1.8
41940,1.0
42000,1.2
42060,1.6
42120,0.4
42180,1.0
42240,1.4
42300,0.6
42360,1.6
42420,1.6
42480,1.0
42540,1.6
42600,0.6
42660,0.8
42720,0.8
42780,1.2
42840,2.2
42900,0.8
42960,0.4
43020,2.6
43080,1.0
43140,1.2
43200,1.2
43260,1.2
43320,0.8
43380,1.4
43440,1.4
43500,1.4
43560,1.2
43620,1.4
43680,1.6
43740,1.0
43800,1.0
43860,2.0
43920,0.6
43980,1.4
44040,1.4
44100,0.6
44160,2.2
44220,2.2
44280,1.6
44340,1.6
44400,2.0
44460,1.0
44520,1.8
44580,1.6
44640,2.2
44700,1.8
44760,1.0
44820,1.4
44880,1.0
44940,0.8
45000,1.4
45060,2.2
45120,1.4
45180,0.6
45240,1.4
45300,1.6
45360,1.4
45420,0.8
45480,1.2
45540,0.6
45600,2.0
45660,1.0
45720,1.6
45780,0.6
45840,1.6
45900,1.8
45960,1.4
46020,1.4
46080,0.6
46140,1.6
46200,1.8
46260,1.8
46320,1.2
46380,1.6
46440,1.2
46500,1.0
46560,1.6
46620,1.6
46680,1.8
46740,1.0
46800,2.2
46860,2.0
46920,1.6
46980,1.8
47040,1.6
47100,1.4
47160,0.6
47220,1.4
47280,1.4
47340,1.2
47400,1.4
47460,1.0
47520,1.0
47580,1.4
47640,1.2
47700,1.2
47760,1.2
47820,1.6
47880,1.0
47940,1.8
48000,1.8
48060,1.6
48120,1.2
48180,2.2
48240,1.8
48300,0.8
48360,1.8
48420,0.8
48480,1.2
48540,0.8
48600,1.8
48660,1.2
48720,1.2
48780,1.4
48840,0.6
48900,0.6
48960,1.4
49020,2.2
49080,1.6
49140,1.0
49200,1.0
49260,1.2
49320,1.2
49380,0.6
49440,1.4
49500,1.6
49560,1.2
49620,1.6
49680,1.0
49740,1.0
49800,1.8
49860,1.8
49920,0.8
49980,0.8
50040,2.6
50100,1.8
50160,1.0
50220,1.4
50280,1.0
50340,2.2
50400,1.6
50460,1.2
50520,1.2
50580,0.6
50640,1.4
50700,1.0
50760,1.0
50820,2.4
50880,1.2
50940,1.8
51000,0.6
51060,1.4
51120,1.6
51180,1.8
51240,1.6
51300,1.6
51360,0.8
51420,0.8
51480,1.8
51540,1.0
51600,1.8
51660,1.6
51720,1.8
51780,1.2
51840,0.4
51900,1.6
51960,1.4
52020,1.0
52080,1.2
52140,0.6
52200,1.0
52260,1.4
52320,2.2
52380,1.2
52440,2.0
52500,1.8
52560,0.8
52620,1.6
52680,2.2
52740,0.4
52800,1.4
52860,1.6
52920,1.4
52980,2.4
53040,1.4
53100,1.4
53160,1.4
53220,1.4
53280,2.6
53340,0.8
53400,1.4
53460,1.2
53520,2.0
53580,1.2
53640,1.4
53700,1.2
53760,1.2
53820,1.0
53880,1.6
53940,1.8
54000,2.2
54060,1.8
54120,1.4
54180,0.8
54240,1.8
54300,1.2
54360,1.4
54420,0.6
54480,1.8
54540,1.0
54600,1.2
54660,0.8
54720,1.8
54780,1.0
54840,1.2
54900,2.8
54960,1.2
55020,1.0
55080,1.4
55140,1.0
55200,2.0
55260,1.4
55320,1.6
55380,1.2
55440,1.2
55500,1.6
55560,2.0
55620,1.2
55680,2.0
55740,1.2
55800,1.6
55860,1.0
55920,1.0
55980,0.8
56040,0.8
56100,1.0
56160,1.6
56220,1.6
56280,2.0
56340,1.8
56400,1.8
56460,1.0
56520,1.8
56580,1.4
56640,1.2
56700,0.6
56760,0.6
56820,1.2
56880,1.6
56940,1.2
57000,1.6
57060,1.0
57120,1.4
57180,0.4
57240,2.0
57300,1.4
57360,1.6
57420,2.4
57480,1.8
57540,1.0
57600,1.4
57660,1.0
57720,1.8
57780,2.6
57840,2.4
57900,1.8
57960,2.4
58020,1.0
58080,1.4
58140,1.0
58200,1.6
58260,1.6
58320,0.8
58380,1.4
58440,1.6
58500,1.8
58560,1.6
58620,1.4
58680,2.4
58740,1.0
58800,1.2
58860,1.8
58920,3.0
58980,1.8
59040,1.0
59100,0.2
59160,0.8
59220,1.6
59280,1.6
59340,1.2
59400,2.6
59460,1.2
59520,1.0
59580,1.4
59640,2.6
59700,1.2
59760,1.4
59820,1.6
59880,0.8
59940,1.4
60000,1.2
60060,1.4
60120,1.2
60180,1.6
60240,1.0
60300,1.6
60360,1.8
60420,2.4
60480,1.8
60540,0.4
60600,1.2
60660,2.4
60720,2.6
60780,1.4
60840,1.0
60900,1.8
60960,1.2
61020,2.0
61080,1.4
61140,1.6
61200,1.6
61260,2.0
61320,1.8
61380,2.6
61440,3.2
61500,2.2
61560,1.2
61620,1.4
61680,1.4
61740,1.4
61800,1.0
61860,1.8
61920,2.0
61980,2.0
62040,1.0
62100,0.8
62160,1.0
62220,1.6
62280,1.0
62340,2.4
62400,1.4
62460,1.0
62520,1.2
62580,1.0
62640,2.4
62700,1.8
62760,1.6
62820,1.0
62880,1.6
62940,1.6
63000,2.0
63060,1.4
63120,2.2
63180,2.6
63240,1.8
63300,1.2
63360,2.0
63420,2.0
63480,1.6
63540,1.4
63600,0.8
63660,1.6
63720,2.0
63780,1.2
63840,1.6
63900,2.0
63960,1.4
64020,1.6
64080,1.2
64140,2.2
64200,1.2
64260,1.8
64320,1.6
64380,2.4
64440,2.0
64500,0.2
64560,2.0
64620,1.4
64680,1.2
64740,1.8
64800,0.8
64860,1.4
64920,1.2
64980,1.8
65040,2.4
65100,2.0
65160,3.2
65220,1.0
65280,1.4
65340,2.2
65400,1.6
65460,0.8
65520,1.8
65580,1.6
65640,1.4
65700,2.0
65760,2.0
65820,1.6
65880,2.0
65940,1.8
66000,1.0
66060,0.6
66120,1.8
66180,1.4
66240,2.0
66300,2.4
66360,1.6
66420,2.8
66480,0.8
66540,1.6
66600,1.4
66660,1.6
66720,1.0
66780,2.0
66840,1.4
66900,2.2
66960,1.0
67020,3.0
67080,1.8
67140,1.6
67200,3.2
67260,2.2
67320,1.6
67380,2.4
67440,1.2
67500,1.6
67560,2.8
67620,1.6
67680,3.0
67740,1.2
67800,1.2
67860,2.0
67920,1.2
67980,2.0
68040,1.4
68100,2.0
68160,1.8
68220,1.0
68280,1.6
68340,2.6
68400,2.2
68460,2.0
68520,2.8
68580,2.0
68640,3.0
68700,3.4
68760,2.4
68820,2.4
68880,1.6
68940,1.2
69000,2.2
69060,1.4
69120,2.4
69180,1.8
69240,2.8
69300,2.0
69360,2.6
69420,1.8
69480,2.8
69540,2.8
69600,4.6
69660,4.8
69720,3.8
69780,3.6
69840,4.0
69900,6.2
69960,5.6
70020,7.6
70080,6.2
70140,7.8
70200,7.6
70260,8.8
70320,9.8
70380,10.4
70440,10.8
70500,9.8
70560,11.6
70620,10.8
70680,10.4
70740,11.0
70800,11.6
70860,11.6
70920,10.8
70980,9.2
71040,10.0
71100,9.2
71160,9.6
71220,9.0
71280,7.0
71340,10.0
71400,9.6
71460,9.4
71520,10.4
71580,10.0
71640,14.0
71700,15.0
71760,16.4
71820,17.8
71880,20.0
71940,21.4
72000,23.8
72060,24.0
72120,22.8
72180,21.8
72240,19.0
72300,16.2
72360,12.6
72420,14.0
72480,14.8
72540,12.6
72600,10.6
72660,9.2
72720,7.2
72780,7.2
72840,4.2
72900,5.2
72960,3.6
73020,4.0
73080,4.2
73140,4.0
73200,4.4
73260,2.0
73320,3.0
73380,3.2
73440,3.2
73500,3.0
73560,2.2
73620,3.0
73680,2.6
73740,2.0
73800,2.4
73860,2.0
73920,2.0
73980,4.0
74040,3.0
74100,3.4
74160,3.2
74220,2.8
74280,3.6
74340,2.2
74400,2.6
74460,2.4
74520,2.4
74580,1.8
74640,2.8
74700,2.0
74760,2.2
74820,2.6
74880,1.8
74940,2.4
75000,1.4
75060,3.2
75120,1.8
75180,3.4
75240,2.4
75300,4.0
75360,1.4
75420,3.0
75480,3.4
75540,3.0
75600,2.6
75660,3.8
75720,2.8
75780,2.2
75840,3.0
75900,3.4
75960,3.2
76020,3.2
76080,2.6
76140,2.8
76200,3.2
76260,4.4
76320,2.6
76380,3.0
76440,4.4
76500,3.0
76560,4.2
76620,3.0
76680,3.0
76740,3.6
76800,3.0
76860,3.8
76920,2.8
76980,3.2
77040,3.8
77100,2.0
77160,6.2
77220,4.4
77280,4.0
77340,3.4
77400,1.8
77460,3.8
77520,4.0
77580,4.6
77640,4.4
77700,6.2
77760,5.0
77820,4.0
77880,5.6
77940,4.2
78000,4.6
78060,4.8
78120,3.0
78180,5.0
78240,5.4
78300,5.0
78360,6.4
78420,5.6
78480,5.8
78540,8.2
78600,5.8
78660,6.8
78720,6.2
78780,6.8
78840,5.8
78900,7.6
78960,8.6
79020,6.6
79080,7.6
79140,8.4
79200,9.6
79260,10.4
79320,10.0
79380,11.6
79440,9.4
79500,11.4
79560,12.8
79620,11.4
79680,12.4
79740,13.2
79800,13.4
79860,15.0
79920,14.8
79980,14.2
80040,14.6
80100,15.4
80160,16.0
80220,17.2
80280,15.4
80340,17.2
80400,17.2
80460,18.2
80520,17.8
80580,20.4
80640,22.0
80700,21.2
80760,22.4
80820,22.6
80880,21.4
80940,21.2
81000,21.2
81060,22.0
81120,22.0
81180,21.2
81240,21.4
81300,23.0
81360,24.2
81420,22.2
81480,22.4
81540,23.4
81600,24.0
81660,24.6
81720,22.8
81780,23.8
81840,23.4
81900,22.4
81960,24.4
82020,22.8
82080,23.2
82140,25.8
82200,24.2
82260,24.4
82320,24.2
82380,23.6
82440,24.8
82500,24.8
82560,26.4
82620,26.0
82680,24.4
82740,25.2
82800,24.0
82860,24.4
82920,26.2
82980,25.8
83040,23.2
83100,25.0
83160,24.2
83220,25.4
83280,24.0
83340,25.2
83400,24.8
83460,24.2
83520,24.2
83580,24.8
83640,23.6
83700,25.6
83760,24.2
83820,23.8
83880,25.2
83940,24.6
84000,25.2
84060,24.6
84120,27.0
84180,23.4
84240,25.4
84300,25.6
84360,24.8
84420,24.4
84480,25.8
84540,24.2
84600,25.0
84660,24.6
84720,24.4
84780,24.0
84840,25.2
84900,26.2
84960,24.0
85020,25.0
85080,24.4
85140,24.2
85200,25.6
85260,25.4
85320,25.2
85380,25.4
85440,25.6
85500,24.4
85560,24.2
85620,25.0
85680,25.2
85740,25.6
85800,25.0
85860,25.4
85920,25.8
85980,24.4
86040,24.4
86100,25.2
86160,25.4
86220,25.4
86280,24.8
86340,24.8
86400,24.4
86460,26.4
86520,24.6
86580,24.6
86640,25.6
86700,24.4
86760,26.0
86820,26.2
86880,24.6
86940,24.2
87000,25.6
87060,26.4
87120,24.2
87180,25.2
87240,26.0
87300,26.0
87360,24.2
87420,25.6
87480,25.0
87540,25.8
87600,25.4
87660,23.8
87720,25.0
87780,25.0
87840,25.4
87900,25.6
87960,25.2
88020,24.4
88080,25.0
88140,25.0
88200,25.2
88260,25.4
88320,25.8
88380,25.6
88440,24.6
88500,25.8
88560,24.8
88620,26.4
88680,23.4
88740,24.2
88800,24.8
88860,24.8
88920,25.4
88980,25.0
89040,25.2
89100,24.8
89160,23.8
89220,23.6
89280,23.6
89340,24.2
89400,25.0
89460,24.8
89520,25.8
89580,24.2
89640,25.0
89700,25.2
89760,27.8
89820,25.8
89880,23.8
89940,25.0
90000,24.6
90060,23.8
90120,23.4
90180,24.2
90240,23.0
90300,25.8
90360,24.2
90420,24.2
90480,25.4
90540,24.6
90600,23.2
90660,24.6
90720,25.8
90780,24.4
90840,25.2
90900,24.2
90960,23.2
91020,23.2
91080,23.0
91140,25.6
91200,25.6
91260,22.8
91320,25.2
91380,24.4
91440,25.4
91500,25.4
91560,25.8
91620,24.8
91680,26.0
91740,24.6
91800,24.6
91860,24.4
91920,25.2
91980,25.0
92040,23.8
92100,24.4
92160,25.2
92220,24.4
92280,25.2
92340,25.2
92400,23.4
92460,25.6
92520,24.0
92580,25.6
92640,25.2
92700,24.4
92760,23.8
92820,24.6
92880,25.6
92940,25.8
93000,23.2
93060,23.6
93120,25.0
93180,25.0
93240,25.8
93300,24.4
93360,24.2
93420,23.0
93480,24.4
93540,24.4
93600,23.6
93660,22.8
93720,24.6
93780,22.0
93840,23.2
93900,22.6
93960,23.0
94020,22.6
94080,24.0
94140,21.2
94200,22.2
94260,23.0
94320,23.2
94380,21.6
94440,22.4
94500,22.0
94560,22.4
94620,23.2
94680,22.8
94740,23.0
94800,23.6
94860,24.8
94920,23.6
94980,24.0
95040,24.4
95100,24.8
95160,25.0
95220,22.4
95280,24.0
95340,23.4
95400,25.2
95460,24.8
95520,25.0
95580,24.0
95640,23.8
95700,24.4
95760,24.8
95820,22.8
95880,25.4
95940,22.8
96000,23.6
96060,25.2
96120,25.0
96180,24.8
96240,25.0
96300,24.2
96360,24.8
96420,25.2
96480,24.6
96540,23.4
96600,24.2
96660,23.4
96720,24.4
96780,26.0
96840,24.6
96900,24.4
96960,24.6
97020,24.2
97080,23.8
97140,23.8
97200,22.8
97260,25.6
97320,24.6
97380,23.2
97440,23.4
97500,24.2
97560,23.8
97620,23.8
97680,25.0
97740,27.4
97800,24.2
97860,22.4
97920,24.0
97980,24.2
98040,24.2
98100,24.8
98160,23.0
98220,24.8
98280,24.0
98340,25.4
98400,25.2
98460,23.4
98520,24.8
98580,24.0
98640,25.0
98700,24.4
98760,24.2
98820,23.4
98880,25.0
98940,25.0
99000,24.0
99060,24.2
99120,24.8
99180,24.4
99240,24.6
99300,24.6
99360,24.2
99420,26.0
99480,24.6
99540,24.8
99600,24.6
99660,24.2
99720,24.4
99780,24.2
99840,25.6
99900,22.2
99960,24.4
100020,24.2
100080,25.2
100140,24.6
100200,24.0
100260,25.0
100320,24.4
100380,25.4
100440,24.2
100500,24.8
100560,25.2
100620,25.6
100680,24.6
100740,24.0
100800,25.0
100860,23.2
100920,24.6
100980,24.0
101040,24.2
101100,24.6
101160,23.6
101220,24.4
101280,26.4
101340,24.4
101400,25.8
101460,24.2
101520,24.2
101580,24.2
101640,24.6
101700,24.8
101760,26.0
101820,23.4
101880,25.2
101940,25.8
102000,24.8
102060,24.0
102120,24.4
102180,24.4
102240,24.8
102300,27.0
102360,24.8
102420,24.4
102480,24.4
102540,24.8
102600,24.4
102660,24.2
102720,26.0
102780,25.6
102840,25.8
102900,25.8
102960,24.6
103020,25.4
103080,25.6
103140,24.6
103200,24.6
103260,25.0
103320,24.2
103380,26.2
103440,25.8
103500,23.8
103560,26.0
103620,24.6
103680,25.6
103740,27.2
103800,23.2
103860,24.6
103920,24.2
103980,24.6
104040,26.0
104100,25.0
104160,24.6
104220,25.6
104280,23.0
104340,25.2
104400,24.6
104460,25.4
104520,24.4
104580,25.4
104640,26.4
104700,23.4
104760,25.6
104820,25.8
104880,23.6
104940,23.8
105000,24.8
105060,24.6
105120,24.2
105180,25.8
105240,25.2
105300,25.2
105360,25.2
105420,24.4
105480,25.2
105540,24.6
105600,24.8
105660,25.2
105720,23.8
105780,26.2
105840,25.0
105900,26.2
105960,26.8
106020,25.8
106080,25.2
106140,26.2
106200,24.4
106260,26.0
106320,24.6
106380,24.0
106440,26.8
106500,25.2
106560,25.4
106620,23.0
106680,24.6
106740,24.0
106800,24.0
106860,25.8
106920,25.2
106980,25.0
107040,24.2
107100,27.6
107160,25.4
107220,25.0
107280,24.0
107340,25.0
107400,26.4
107460,24.8
107520,27.0
107580,26.6
107640,23.2
107700,26.8
107760,24.8
107820,24.6
107880,25.2
107940,25.6
108000,24.6
108060,26.2
108120,24.8
108180,26.0
108240,25.6
108300,24.6
108360,26.4
108420,26.0
108480,25.2
108540,27.2
108600,24.2
108660,23.2
108720,25.6
108780,25.6
108840,24.8
108900,25.6
108960,25.8
109020,25.2
109080,23.8
109140,24.6
109200,25.4
109260,26.2
109320,25.2
109380,25.8
109440,25.6
109500,23.2
109560,26.4
109620,25.4
109680,26.0
109740,26.0
109800,24.8
109860,26.6
109920,25.6
109980,27.0
110040,26.4
110100,25.0
110160,24.2
110220,24.8
110280,24.2
110340,25.6
110400,25.2
110460,26.8
110520,25.8
110580,26.0
110640,24.8
110700,25.6
110760,26.6
110820,25.0
110880,25.2
110940,25.8
111000,25.4
111060,24.8
111120,23.8
111180,26.4
111240,26.2
111300,25.4
111360,26.0
111420,25.6
111480,26.0
111540,25.0
111600,24.8
111660,24.8
111720,23.6
111780,24.4
111840,24.4
111900,26.8
111960,25.0
112020,24.8
112080,25.8
112140,25.8
112200,24.4
112260,24.0
112320,24.8
112380,24.4
112440,25.2
112500,26.8
112560,26.4
112620,25.0
112680,25.4
112740,25.2
112800,27.4
112860,25.0
112920,24.6
112980,24.6
113040,26.2
113100,26.6
113160,26.8
113220,25.2
113280,26.0
113340,24.8
113400,25.0
113460,24.2
113520,26.2
113580,25.2
113640,25.0
113700,25.6
113760,25.0
113820,25.6
113880,25.4
113940,26.2
114000,25.4
114060,25.0
114120,25.0
114180,26.2
114240,25.0
114300,25.0
114360,25.0
114420,25.2
114480,25.6
114540,24.8
114600,25.4
114660,24.8
114720,26.2
114780,25.8
114840,24.2
114900,26.2
114960,25.6
115020,25.8
115080,27.2
115140,26.2
115200,25.6
115260,24.2
115320,24.4
115380,26.4
115440,25.4
115500,25.4
115560,25.2
115620,25.4
115680,26.6
115740,24.4
115800,25.0
115860,26.6
115920,24.2
115980,23.6
116040,25.2
116100,25.0
116160,24.4
116220,24.4
116280,24.6
116340,25.2
116400,25.2
116460,24.0
116520,24.4
116580,25.6
116640,24.2
116700,25.2
116760,24.6
116820,26.2
116880,25.0
116940,24.8
117000,24.8
117060,26.0
117120,24.4
117180,25.0
117240,26.6
117300,26.8
117360,25.4
117420,25.8
117480,25.8
117540,25.0
117600,25.6
117660,25.2
117720,25.0
117780,25.4
117840,24.4
117900,24.8
117960,26.2
118020,26.4
118080,25.4
118140,24.8
118200,25.8
118260,26.0
118320,25.8
118380,24.6
118440,25.8
118500,27.0
118560,26.0
118620,26.0
118680,26.2
118740,24.6
118800,24.0
118860,25.6
118920,25.4
118980,25.6
119040,25.8
119100,24.4
119160,23.8
119220,25.0
119280,26.6
119340,25.8
119400,24.8
119460,25.4
119520,25.0
119580,24.8
119640,24.4
119700,26.8
119760,25.6
119820,25.6
119880,24.2
119940,26.0
120000,25.8
120060,25.6
120120,24.6
120180,25.4
120240,24.2
120300,25.0
120360,23.8
120420,25.4
120480,25.4
120540,25.8
120600,23.8
120660,25.4
120720,25.2
120780,25.6
120840,24.4
120900,25.2
120960,24.2
121020,23.6
121080,24.8
121140,24.2
121200,24.4
121260,25.0
121320,24.2
121380,23.8
121440,25.2
121500,25.2
121560,25.6
121620,24.2
121680,23.2
121740,23.8
121800,24.0
121860,25.0
121920,26.0
121980,25.4
122040,23.6
122100,24.2
122160,24.6
122220,24.8
122280,25.0
122340,23.6
122400,25.2
122460,24.6
122520,25.2
122580,24.8
122640,24.8
122700,24.6
122760,25.2
122820,26.2
122880,24.8
122940,27.0
123000,24.8
123060,25.8
123120,25.4
123180,26.6
123240,26.0
123300,25.2
123360,25.6
123420,25.4
123480,25.2
123540,26.0
123600,25.2
123660,24.0
123720,24.0
123780,24.6
123840,24.6
123900,24.0
123960,26.0
124020,23.8
124080,25.0
124140,24.4
124200,24.4
124260,24.4
124320,24.6
124380,23.8
124440,26.8
124500,25.0
124560,24.8
124620,25.0
124680,25.4
124740,26.2
124800,26.2
124860,24.0
124920,24.0
124980,26.2
125040,25.2
125100,26.4
125160,25.6
125220,25.2
125280,25.2
125340,24.6
125400,24.2
125460,24.2
125520,24.4
125580,24.0
125640,24.4
125700,26.6
125760,25.6
125820,24.0
125880,26.0
125940,25.0
126000,26.2
126060,26.2
126120,25.8
126180,25.6
126240,24.2
126300,24.0
126360,26.0
126420,26.0
126480,26.2
126540,25.0
126600,26.0
126660,26.2
126720,25.0
126780,25.4
126840,24.6
126900,27.2
126960,26.4
127020,24.2
127080,26.6
127140,25.4
127200,25.6
127260,25.0
127320,25.4
127380,23.6
127440,25.4
127500,25.0
127560,24.4
127620,25.8
127680,24.4
127740,25.2
127800,23.4
127860,24.6
127920,25.4
127980,23.8
128040,24.4
128100,24.8
128160,25.8
128220,24.8
128280,26.4
128340,26.8
128400,25.2
128460,25.6
128520,26.0
128580,25.4
128640,25.0
128700,26.2
128760,25.6
128820,25.6
128880,25.2
128940,25.6
129000,25.8
129060,24.8
129120,25.2
129180,26.0
129240,25.8
129300,25.6
129360,26.8
129420,25.6
129480,26.0
129540,26.6
129600,24.8
129660,25.2
129720,25.0
129780,25.8
129840,25.4
129900,25.2
129960,24.6
130020,24.8
130080,24.2
130140,26.4
130200,23.6
130260,27.4
130320,25.0
130380,23.8
130440,26.0
130500,26.6
130560,25.8
130620,27.6
130680,24.6
130740,25.8
130800,24.4
130860,25.8
130920,26.4
130980,25.0
131040,24.4
131100,25.8
131160,26.4
131220,25.8
131280,24.0
131340,24.0
131400,24.2
131460,26.4
131520,25.4
131580,24.0
131640,24.6
131700,25.0
131760,24.2
131820,24.6
131880,24.2
131940,26.2
132000,25.2
132060,26.0
132120,26.0
132180,27.4
132240,25.0
132300,24.8
132360,25.8
132420,24.8
132480,26.4
132540,25.8
132600,26.0
132660,25.8
132720,24.8
132780,25.4
132840,24.0
132900,25.6
132960,25.2
133020,25.8
133080,25.4
133140,24.4
133200,25.4
133260,24.8
133320,24.8
133380,25.6
133440,26.0
133500,24.2
133560,25.4
133620,25.6
133680,23.8
133740,24.6
133800,23.4
133860,24.8
133920,26.8
133980,23.8
134040,25.6
134100,24.8
134160,23.8
134220,25.0
134280,25.0
134340,25.8
134400,23.4
134460,25.2
134520,23.2
134580,25.6
134640,23.6
134700,26.0
134760,23.4
134820,23.6
134880,25.0
134940,24.6
135000,24.0
135060,24.6
135120,25.0
135180,24.8
135240,22.8
135300,24.4
135360,25.0
135420,24.0
135480,25.0
135540,23.4
135600,24.6
135660,24.4
135720,25.0
135780,24.8
135840,23.6
135900,24.0
135960,23.4
136020,24.2
136080,23.8
136140,24.4
136200,24.6
136260,24.4
136320,24.2
136380,25.6
136440,23.4
136500,24.0
136560,23.2
136620,23.6
136680,24.4
136740,24.0
136800,23.6
136860,26.4
136920,24.6
136980,24.0
137040,24.0
137100,23.8
137160,24.6
137220,24.8
137280,23.2
137340,24.4
137400,24.6
137460,24.2
137520,26.4
137580,24.0
137640,24.6
137700,24.8
137760,25.8
137820,24.0
137880,24.2
137940,26.0
138000,25.2
138060,25.6
138120,25.6
138180,27.0
138240,25.2
138300,24.8
138360,25.8
138420,25.2
138480,24.0
138540,25.2
138600,25.8
138660,25.8
138720,26.2
138780,25.4
138840,24.2
138900,24.4
138960,24.2
139020,24.4
139080,24.4
139140,25.0
139200,25.6
139260,26.2
139320,25.2
139380,24.6
139440,26.0
139500,24.4
139560,24.6
139620,25.4
139680,22.8
139740,24.0
139800,23.0
139860,25.2
139920,26.0
139980,24.6
140040,24.2
140100,25.2
140160,24.6
140220,23.4
140280,23.4
140340,25.8
140400,23.0
140460,24.2
140520,24.6
140580,25.2
140640,23.0
140700,22.8
140760,23.4
140820,24.4
140880,25.0
140940,24.0
141000,25.6
141060,24.6
141120,24.6
141180,23.0
141240,25.0
141300,24.6
141360,25.6
141420,24.6
141480,25.0
141540,24.6
141600,22.6
141660,23.8
141720,25.2
141780,24.2
141840,25.8
141900,25.2
141960,24.2
142020,24.4
142080,23.6
142140,26.6
142200,24.6
142260,25.2
142320,25.0
142380,23.0
142440,23.8
142500,23.4
142560,25.0
142620,25.0
142680,25.0
142740,24.6
142800,24.4
142860,25.2
142920,26.6
142980,25.4
143040,24.8
143100,26.0
143160,25.8
143220,25.6
143280,23.4
143340,24.4
143400,25.0
143460,26.0
143520,24.6
143580,25.2
143640,25.4
143700,24.8
143760,26.4
143820,24.6
143880,25.2
143940,26.0
144000,26.0
144060,26.2
144120,26.6
144180,25.6
144240,25.6
144300,25.2
144360,24.4
144420,26.2
144480,26.0
144540,24.4
144600,25.2
144660,25.2
144720,25.6
144780,24.0
144840,26.2
144900,25.8
144960,24.8
145020,25.4
145080,24.2
145140,23.8
145200,23.8
145260,24.4
145320,26.8
145380,26.0
145440,25.0
145500,24.6
145560,24.8
145620,25.6
145680,26.0
145740,25.8
145800,28.2
145860,25.6
145920,26.4
145980,25.0
146040,25.4
146100,23.8
146160,27.2
146220,26.4
146280,25.8
146340,24.2
146400,25.0
146460,26.4
146520,26.4
146580,25.2
146640,23.8
146700,24.4
146760,25.8
146820,24.0
146880,24.8
146940,26.0
147000,24.4
147060,25.6
147120,25.6
147180,24.6
147240,25.0
147300,24.2
147360,26.8
147420,25.6
147480,25.8
147540,26.0
147600,24.6
147660,26.0
147720,25.0
147780,26.4
147840,25.2
147900,24.8
147960,25.6
148020,25.0
148080,24.4
148140,24.8
148200,23.6
148260,24.4
148320,24.2
148380,26.0
148440,26.6
148500,24.6
148560,24.8
148620,25.2
148680,24.0
148740,24.6
148800,23.4
148860,23.6
148920,24.6
148980,27.0
149040,23.8
149100,25.8
149160,23.8
149220,26.0
149280,26.0
149340,25.4
149400,25.0
149460,23.0
149520,26.2
149580,24.2
149640,25.8
149700,26.6
149760,26.8
149820,25.6
149880,24.6
149940,23.8
150000,24.2
150060,24.8
150120,24.4
150180,24.6
150240,25.2
150300,25.0
150360,25.2
150420,25.2
150480,24.6
150540,24.2
150600,24.4
150660,24.6
150720,25.0
150780,26.0
150840,25.4
150900,25.0
150960,25.4
151020,24.4
151080,24.2
151140,24.6
151200,26.0
151260,25.4
151320,23.4
151380,26.2
151440,25.4
151500,25.2
151560,25.2
151620,26.0
151680,23.8
151740,25.2
151800,24.4
151860,24.6
151920,24.8
151980,24.2
152040,25.4
152100,25.2
152160,25.4
152220,26.0
152280,24.8
152340,25.8
152400,25.0
152460,27.4
152520,25.0
152580,25.0
152640,24.8
152700,26.0
152760,25.0
152820,25.6
152880,25.8
152940,25.2
153000,26.0
153060,26.6
153120,24.2
153180,25.8
153240,25.2
153300,26.0
153360,26.2
153420,26.2
153480,24.2
153540,24.6
153600,24.6
153660,23.6
153720,26.8
153780,26.2
153840,25.6
153900,24.6
153960,24.4
154020,25.6
154080,25.8
154140,24.0
154200,26.4
154260,24.8
154320,25.0
154380,25.8
154440,24.6
154500,25.4
154560,25.6
154620,26.0
154680,27.0
154740,25.4
154800,25.8
154860,24.0
154920,26.6
154980,26.2
155040,25.2
155100,22.8
155160,24.6
155220,26.2
155280,24.8
155340,24.8
155400,24.6
155460,24.6
155520,26.6
155580,23.6
155640,25.6
155700,25.0
155760,24.6
155820,24.6
155880,22.8
155940,25.2
156000,25.4
156060,24.6
156120,25.2
156180,25.4
156240,24.8
156300,24.2
156360,25.4
156420,24.8
156480,25.6
156540,24.6
156600,26.4
156660,24.4
156720,26.0
156780,25.6
156840,25.6
156900,23.8
156960,23.8
157020,24.6
157080,23.8
157140,23.4
157200,25.0
157260,25.4
157320,24.2
157380,25.4
157440,25.8
157500,25.2
157560,25.6
157620,25.8
157680,24.2
157740,26.0
157800,25.4
157860,24.0
157920,26.4
157980,23.6
158040,23.2
158100,25.0
158160,24.8
158220,25.6
158280,26.2
158340,25.4
158400,23.6
158460,24.8
158520,23.8
158580,24.4
158640,25.8
158700,25.4
158760,24.4
158820,25.6
158880,24.0
158940,24.4
159000,24.2
159060,23.6
159120,24.4
159180,25.0
159240,24.2
159300,22.8
159360,24.4
159420,25.4
159480,25.6
159540,25.4
159600,24.6
159660,24.6
159720,25.6
159780,25.0
159840,25.0
159900,25.0
159960,25.6
160020,24.0
160080,24.0
160140,22.8
160200,25.2
160260,26.6
160320,25.6
160380,25.4
160440,25.4
160500,25.6
160560,24.4
160620,25.2
160680,24.4
160740,22.8
160800,23.4
160860,25.2
160920,23.4
160980,26.2
161040,25.6
161100,25.4
161160,25.0
161220,23.6
161280,24.0
161340,25.4
161400,24.6
161460,24.0
161520,22.4
161580,23.8
161640,23.2
161700,25.0
161760,23.8
161820,23.2
161880,24.2
161940,22.4
162000,22.6
162060,23.6
162120,22.4
162180,23.8
162240,23.6
162300,22.6
162360,23.6
162420,21.6
162480,24.0
162540,23.4
162600,22.0
162660,22.6
162720,22.2
162780,21.6
162840,22.8
162900,20.6
162960,23.2
163020,21.2
163080,21.8
163140,21.2
163200,21.6
163260,21.6
163320,23.4
163380,23.2
163440,22.6
163500,22.4
163560,23.2
163620,23.4
163680,21.6
163740,23.2
163800,24.0
163860,21.8
163920,22.8
163980,23.2
164040,24.4
164100,23.4
164160,21.8
164220,23.4
164280,22.6
164340,23.0
164400,24.0
164460,24.0
164520,24.2
164580,24.4
164640,24.2
164700,25.4
164760,25.0
164820,24.8
164880,24.0
164940,25.4
165000,25.0
165060,24.0
165120,24.2
165180,24.8
165240,24.8
165300,26.2
165360,25.6
165420,23.2
165480,25.6
165540,24.8
165600,25.6
165660,25.6
165720,26.0
165780,25.2
165840,26.4
165900,24.8
165960,24.8
166020,26.0
166080,24.8
166140,24.4
166200,25.0
166260,24.6
166320,26.4
166380,25.4
166440,25.6
166500,25.0
166560,24.0
166620,24.2
166680,24.8
166740,24.4
166800,25.8
166860,24.4
166920,26.2
166980,24.6
167040,25.4
167100,23.8
167160,25.4
167220,25.0
167280,26.0
167340,25.6
167400,25.0
167460,25.4
167520,23.6
167580,26.4
167640,25.4
167700,26.4
167760,24.8
167820,24.0
167880,25.0
167940,24.2
168000,25.0
168060,27.0
168120,25.4
168180,25.2
168240,25.6
168300,25.2
168360,25.6
168420,24.8
168480,25.0
168540,25.8
168600,24.0
168660,25.4
168720,25.4
168780,23.8
168840,25.2
168900,23.8
168960,25.2
169020,24.8
169080,24.2
169140,25.2
169200,25.2
169260,25.6
169320,24.6
169380,25.0
169440,24.2
169500,23.6
169560,24.2
169620,25.0
169680,25.2
169740,24.0
169800,24.4
169860,26.0
169920,24.4
169980,24.8
170040,25.6
170100,26.2
170160,25.4
170220,24.2
170280,25.4
170340,24.0
170400,24.8
170460,24.4
170520,25.6
170580,25.6
170640,25.2
170700,25.4
170760,26.8
170820,26.8
170880,25.0
170940,22.8
171000,25.6
171060,24.0
171120,24.2
171180,24.6
171240,25.8
171300,24.6
171360,25.2
171420,24.6
171480,25.8
171540,25.4
171600,25.4
171660,25.2
171720,25.2
171780,25.2
171840,24.2
171900,25.6
171960,24.0
172020,23.4
172080,24.2
172140,26.4
172200,26.2
172260,25.0
172320,26.2
172380,25.0
172440,25.0
172500,22.6
172560,24.8
172620,25.4
172680,25.0
172740,26.0
172800,25.2
172860,24.6
172920,23.8
172980,24.8
173040,25.6
173100,22.6
173160,25.2
173220,24.8
173280,24.6
173340,24.2
173400,25.8
173460,25.4
173520,24.2
173580,26.2
173640,25.4
173700,26.6
173760,25.2
173820,24.6
173880,27.0
173940,26.0
174000,25.6
174060,24.8
174120,25.4
174180,25.0
174240,25.4
174300,25.6
174360,24.2
174420,25.6
174480,24.8
174540,27.0
174600,24.6
174660,25.2
174720,24.2
174780,24.8
174840,24.6
174900,25.0
174960,25.4
175020,25.2
175080,24.6
175140,25.8
175200,25.2
175260,25.0
175320,25.2
175380,25.4
175440,26.4
175500,25.2
175560,24.6
175620,25.2
175680,25.0
175740,26.2
175800,25.2
175860,25.4
175920,24.8
175980,25.2
176040,24.4
176100,25.6
176160,24.8
176220,25.0
176280,27.6
176340,25.4
176400,26.8
176460,24.2
176520,26.2
176580,26.0
176640,26.0
176700,25.6
176760,24.0
176820,25.2
176880,27.2
176940,26.4
177000,25.8
177060,24.6
177120,25.2
177180,24.2
177240,25.6
177300,26.6
177360,27.4
177420,25.8
177480,25.6
177540,26.4
177600,25.6
177660,24.6
177720,26.2
177780,26.0
177840,25.4
177900,25.6
177960,26.2
178020,26.4
178080,23.8
178140,27.2
178200,24.0
178260,24.0
178320,25.4
178380,25.0
178440,25.2
178500,26.2
178560,25.4
178620,26.4
178680,26.2
178740,27.2
178800,26.2
178860,26.0
178920,26.0
178980,24.0
179040,25.2
179100,26.4
179160,24.4
179220,24.8
179280,26.4
179340,25.6
179400,25.8
179460,25.0
179520,25.4
179580,23.6
179640,25.8
179700,25.0
179760,25.2
179820,26.0
179880,24.8
179940,24.8
180000,25.4
180060,26.4
180120,25.4
180180,23.6
180240,25.4
180300,25.8
180360,24.6
180420,25.4
180480,25.6
180540,25.2
180600,25.8
180660,25.4
180720,26.4
180780,24.6
180840,24.8
180900,24.8
180960,25.0
181020,27.2
181080,24.8
181140,24.6
181200,25.8
181260,24.4
181320,24.6
181380,26.2
181440,24.2
181500,25.2
181560,23.6
181620,25.8
181680,26.0
181740,25.4
181800,25.8
181860,25.8
181920,25.8
181980,25.8
182040,25.0
182100,23.2
182160,25.4
182220,25.6
182280,25.2
182340,25.4
182400,25.6
182460,25.6
182520,26.6
182580,25.0
182640,25.0
182700,25.6
182760,25.4
182820,26.6
182880,26.2
182940,24.4
183000,26.2
183060,25.8
183120,25.8
183180,25.0
183240,26.0
183300,26.4
183360,25.4
183420,25.8
183480,26.2
183540,26.2
183600,24.2
183660,25.4
183720,24.6
183780,25.4
183840,26.0
183900,26.4
183960,27.2
184020,26.8
184080,23.6
184140,26.6
184200,25.6
184260,25.0
184320,25.6
184380,25.0
184440,25.8
184500,25.6
184560,26.6
184620,27.2
184680,25.8
184740,26.8
184800,25.2
184860,25.0
184920,26.0
184980,25.4
185040,26.4
185100,25.2
185160,26.8
185220,25.6
185280,24.8
185340,25.4
185400,27.0
185460,26.2
185520,25.6
185580,23.8
185640,25.4
185700,24.8
185760,25.0
185820,25.4
185880,24.4
185940,24.0
186000,26.0
186060,25.2
186120,25.2
186180,26.4
186240,25.4
186300,25.4
186360,24.6
186420,25.6
186480,25.4
186540,26.0
186600,25.6
186660,25.2
186720,26.0
186780,26.4
186840,25.2
186900,25.4
186960,25.4
187020,25.2
187080,25.2
187140,27.4
187200,26.4
187260,26.4
187320,24.8
187380,25.4
187440,26.8
187500,24.6
187560,25.2
187620,24.8
187680,23.8
187740,26.0
187800,26.2
187860,25.4
187920,24.0
187980,25.4
188040,23.6
188100,25.4
188160,24.8
188220,26.2
188280,26.2
188340,24.8
188400,24.4
188460,25.2
188520,25.8
188580,25.4
188640,23.8
188700,24.8
188760,26.0
188820,24.6
188880,26.4
188940,26.0
189000,24.2
189060,24.6
189120,26.6
189180,24.8
189240,24.8
189300,26.0
189360,25.2
189420,25.8
189480,26.8
189540,27.0
189600,26.6
189660,25.2
189720,24.4
189780,24.6
189840,25.2
189900,25.4
189960,25.2
190020,24.8
190080,24.2
190140,26.2
190200,26.2
190260,25.0
190320,24.8
190380,25.6
190440,25.2
190500,24.0
190560,27.2
190620,25.8
190680,24.0
190740,26.6
190800,25.0
190860,26.2
190920,25.6
190980,26.8
191040,26.8
191100,26.6
191160,24.0
191220,25.2
191280,25.0
191340,25.6
191400,24.6
191460,25.2
191520,26.2
191580,27.4
191640,25.6
191700,26.4
191760,26.2
191820,25.6
191880,25.4
191940,25.4
192000,25.0
192060,25.4
192120,26.0
192180,23.8
192240,24.6
192300,26.4
192360,26.4
192420,28.2
192480,26.0
192540,25.8
192600,25.6
192660,26.2
192720,27.0
192780,24.8
192840,24.8
192900,25.6
192960,23.8
193020,25.6
193080,26.0
193140,24.6
193200,25.2
193260,26.0
193320,25.6
193380,25.8
193440,25.0
193500,24.2
193560,25.6
193620,25.8
193680,26.6
193740,25.2
193800,25.0
193860,25.4
193920,26.2
193980,26.0
194040,25.8
194100,25.6
194160,25.2
194220,25.6
194280,26.0
194340,25.0
194400,24.8
194460,26.4
194520,25.8
194580,26.6
194640,24.6
194700,25.2
194760,25.4
194820,24.8
194880,24.4
194940,27.0
195000,26.8
195060,25.2
195120,25.2
195180,26.2
195240,25.2
195300,26.4
195360,25.8
195420,26.0
195480,24.8
195540,26.2
195600,25.4
195660,26.2
195720,25.6
195780,24.2
195840,26.2
195900,25.4
195960,25.8
196020,26.0
196080,25.0
196140,24.4
196200,26.0
196260,25.8
196320,26.6
196380,25.4
196440,26.6
196500,25.8
196560,25.2
196620,24.6
196680,26.2
196740,24.8
196800,25.8
196860,25.8
196920,25.6
196980,25.6
197040,25.2
197100,26.4
197160,26.0
197220,24.0
197280,27.2
197340,26.6
197400,25.0
197460,26.8
197520,24.4
197580,26.2
197640,26.8
197700,24.6
197760,25.0
197820,25.6
197880,24.8
197940,25.0
198000,26.6
198060,26.0
198120,25.0
198180,27.2
198240,24.6
198300,24.4
198360,24.8
198420,25.2
198480,24.2
198540,26.8
198600,25.4
198660,25.6
198720,24.4
198780,25.2
198840,25.6
198900,24.6
198960,24.6
199020,25.4
199080,25.2
199140,25.2
199200,25.0
199260,25.4
199320,26.4
199380,25.2
199440,27.0
199500,25.2
199560,25.2
199620,26.2
199680,25.2
199740,23.4
199800,25.8
199860,25.4
199920,25.4
199980,25.0
200040,25.8
200100,25.0
200160,24.4
200220,25.8
200280,24.2
200340,26.2
200400,25.2
200460,25.0
200520,25.6
200580,26.6
200640,25.2
200700,26.4
200760,27.0
200820,26.4
200880,24.8
200940,26.4
201000,26.4
201060,25.2
201120,25.6
201180,26.8
201240,25.8
201300,25.6
201360,24.2
201420,26.0
201480,28.2
201540,24.8
201600,24.2
201660,25.0
201720,26.6
201780,25.6
201840,24.6
201900,24.8
201960,25.6
202020,25.0
202080,25.4
202140,25.8
202200,24.6
202260,25.8
202320,26.8
202380,26.6
202440,25.8
202500,25.6
202560,24.8
202620,24.8
202680,25.4
202740,24.6
202800,24.4
202860,25.0
202920,24.6
202980,25.2
203040,23.8
203100,26.2
203160,24.8
203220,24.6
203280,26.6
203340,27.2
203400,23.4
203460,25.4
203520,25.8
203580,25.0
203640,26.2
203700,25.2
203760,24.0
203820,25.8
203880,25.6
203940,25.4
204000,25.0
204060,26.8
204120,24.8
204180,25.6
204240,23.0
204300,24.6
204360,25.6
204420,24.8
204480,25.2
204540,24.8
204600,25.4
204660,26.0
204720,25.4
204780,24.4
204840,24.6
204900,25.2
204960,25.0
205020,25.2
205080,26.2
205140,24.4
205200,25.6
205260,24.4
205320,25.0
205380,25.8
205440,24.2
205500,26.0
205560,26.2
205620,25.2
205680,25.2
205740,25.6
205800,25.2
205860,25.0
205920,24.6
205980,25.0
206040,25.0
206100,26.0
206160,25.2
206220,24.6
206280,25.6
206340,25.4
206400,25.8
206460,24.8
206520,25.4
206580,25.2
206640,24.6
206700,24.2
206760,26.8
206820,25.6
206880,25.0
206940,25.2
207000,25.4
207060,24.8
207120,26.0
207180,25.4
207240,25.2
207300,26.2
207360,25.6
207420,25.2
207480,25.2
207540,25.6
207600,26.2
207660,25.2
207720,23.6
207780,25.4
207840,24.2
207900,25.0
207960,26.2
208020,23.8
208080,23.4
208140,23.8
208200,24.0
208260,25.2
208320,25.2
208380,23.6
208440,25.4
208500,25.2
208560,25.0
208620,25.4
208680,27.0
208740,24.4
208800,23.4
208860,25.8
208920,24.4
208980,24.4
209040,23.4
209100,25.8
209160,24.8
209220,25.0
209280,24.2
209340,25.0
209400,24.2
209460,24.6
209520,25.4
209580,23.8
209640,24.6
209700,23.4
209760,24.6
209820,25.2
209880,24.2
209940,23.8
210000,25.8
210060,24.0
210120,23.6
210180,23.8
210240,24.8
210300,24.4
210360,22.2
210420,24.8
210480,23.8
210540,23.6
210600,24.2
210660,24.4
210720,24.2
210780,22.2
210840,23.6
210900,24.4
210960,25.2
211020,24.2
211080,24.0
211140,25.0
211200,24.0
211260,25.0
211320,23.8
211380,23.8
211440,23.8
211500,23.8
211560,25.4
211620,25.0
211680,24.0
211740,25.2
211800,25.2
211860,25.6
211920,25.2
211980,26.4
212040,26.4
212100,24.6
212160,24.8
212220,25.2
212280,26.4
212340,25.0
212400,25.8
212460,24.2
212520,24.2
212580,24.2
212640,25.4
212700,24.2
212760,24.8
212820,24.2
212880,26.2
212940,24.4
213000,25.4
213060,26.6
213120,25.8
213180,24.6
213240,24.8
213300,24.2
213360,25.0
213420,26.0
213480,23.8
213540,26.6
213600,24.4
213660,25.2
213720,25.8
213780,25.4
213840,25.0
213900,25.6
213960,24.8
214020,24.0
214080,24.8
214140,25.6
214200,25.2
214260,24.0
214320,25.6
214380,25.2
214440,25.4
214500,22.8
214560,26.2
214620,25.2
214680,24.4
214740,24.0
214800,26.6
214860,24.2
214920,25.8
214980,24.6
215040,25.8
215100,26.8
215160,25.2
215220,25.0
215280,23.4
215340,25.4
215400,24.2
215460,26.6
215520,25.4
215580,24.4
215640,23.8
215700,24.4
215760,25.6
215820,25.2
215880,25.2
215940,25.4
216000,24.0
216060,25.6
216120,26.0
216180,25.6
216240,24.2
216300,23.8
216360,26.4
216420,25.8
216480,26.4
216540,25.4
216600,25.0
216660,25.6
216720,25.0
216780,25.0
216840,27.4
216900,24.6
216960,25.0
217020,24.4
217080,26.0
217140,23.4
217200,24.6
217260,24.6
217320,24.8
217380,25.6
217440,23.2
217500,24.0
217560,24.0
217620,26.0
217680,25.6
217740,26.4
217800,24.4
217860,24.6
217920,23.8
217980,25.2
218040,24.0
218100,25.4
218160,24.2
218220,25.0
218280,25.4
218340,24.6
218400,25.6
218460,25.0
218520,23.0
218580,26.4
218640,24.8
218700,25.2
218760,25.2
218820,24.6
218880,24.6
218940,24.0
219000,26.4
219060,25.2
219120,25.4
219180,25.4
219240,24.6
219300,25.2
219360,26.2
219420,24.6
219480,25.2
219540,25.8
219600,24.8
219660,24.8
219720,25.2
219780,23.6
219840,25.6
219900,24.6
219960,26.8
220020,25.8
220080,24.8
220140,25.8
220200,25.2
220260,25.8
220320,26.0
220380,24.6
220440,25.6
220500,23.6
220560,25.4
220620,24.8
220680,24.8
220740,26.0
220800,25.6
220860,25.2
220920,26.6
220980,26.2
221040,25.2
221100,25.0
221160,25.2
221220,25.6
221280,24.6
221340,25.0
221400,24.2
221460,24.8
221520,22.2
221580,25.8
221640,26.6
221700,25.0
221760,24.4
221820,24.8
221880,25.8
221940,24.4
222000,24.8
222060,24.2
222120,27.6
222180,26.8
222240,26.8
222300,25.8
222360,24.8
222420,25.4
222480,25.4
222540,25.2
222600,24.6
222660,23.8
222720,24.2
222780,26.4
222840,24.4
222900,25.8
222960,24.4
223020,26.6
223080,25.6
223140,25.2
223200,25.8
223260,24.6
223320,25.0
223380,26.6
223440,25.6
223500,26.6
223560,25.4
223620,26.2
223680,26.2
223740,26.0
223800,25.0
223860,26.0
223920,25.8
223980,25.4
224040,25.6
224100,25.2
224160,27.4
224220,25.0
224280,26.2
224340,25.2
224400,27.2
224460,26.8
224520,25.2
224580,24.2
224640,24.8
224700,28.6
224760,25.6
224820,24.0
224880,25.2
224940,27.2
225000,26.6
225060,26.4
225120,26.8
225180,27.4
225240,25.2
225300,25.0
225360,25.2
225420,25.4
225480,24.0
225540,25.8
225600,25.2
225660,25.2
225720,26.0
225780,27.0
225840,25.8
225900,26.4
225960,24.4
226020,25.0
226080,25.2
226140,23.6
226200,26.0
226260,25.4
226320,25.4
226380,26.2
226440,25.2
226500,26.6
226560,26.0
226620,24.6
226680,26.0
226740,25.4
226800,25.4
226860,24.8
226920,24.4
226980,25.0
227040,24.2
227100,25.2
227160,25.2
227220,24.8
227280,23.8
227340,25.2
227400,23.6
227460,23.2
227520,25.2
227580,23.4
227640,23.8
227700,23.2
227760,22.8
227820,24.6
227880,22.6
227940,22.6
228000,24.2
228060,23.2
228120,22.2
228180,24.0
228240,23.2
228300,22.6
228360,24.0
228420,23.0
228480,23.4
228540,25.0
228600,22.2
228660,25.0
228720,24.0
228780,23.2
228840,23.0
228900,23.4
228960,24.6
229020,25.4
229080,22.6
229140,23.6
229200,25.0
229260,23.4
229320,24.4
229380,24.0
229440,25.8
229500,25.2
229560,24.0
229620,24.8
229680,24.6
229740,27.2
229800,25.2
229860,26.4
229920,24.8
229980,25.4
230040,23.0
230100,25.2
230160,24.0
230220,24.8
230280,24.2
230340,25.2
230400,24.6
230460,24.2
230520,24.4
230580,24.2
230640,25.0
230700,26.4
230760,24.4
230820,24.2
230880,25.0
230940,25.6
231000,24.6
231060,24.0
231120,24.2
231180,24.8
231240,25.8
231300,26.8
231360,25.2
231420,25.2
231480,24.2
231540,24.0
231600,25.0
231660,23.0
231720,25.8
231780,24.2
231840,23.0
231900,24.2
231960,25.6
232020,24.6
232080,24.4
232140,25.4
232200,24.4
232260,22.8
232320,24.4
232380,26.6
232440,25.2
232500,25.6
232560,24.2
232620,23.8
232680,24.8
232740,24.6
232800,24.2
232860,26.0
232920,24.2
232980,25.8
233040,25.2
233100,24.8
233160,25.4
233220,24.0
233280,25.0
233340,25.8
233400,24.8
233460,25.4
233520,23.6
233580,26.0
233640,25.6
233700,25.0
233760,25.6
233820,24.2
233880,25.2
233940,23.8
234000,26.2
234060,25.2
234120,24.0
234180,25.4
234240,25.0
234300,25.6
234360,24.0
234420,24.8
234480,25.2
234540,25.4
234600,26.0
234660,26.4
234720,24.4
234780,24.8
234840,25.6
234900,24.6
234960,25.8
235020,25.8
235080,25.0
235140,25.8
235200,23.4
235260,23.8
235320,24.2
235380,23.6
235440,24.8
235500,25.2
235560,24.6
235620,25.0
235680,26.4
235740,25.4
235800,25.8
235860,24.4
235920,24.4
235980,24.4
236040,25.4
236100,24.8
236160,25.2
236220,25.0
236280,25.4
236340,24.4
236400,26.6
236460,24.6
236520,23.8
236580,25.4
236640,24.2
236700,27.4
236760,25.0
236820,24.4
236880,24.0
236940,24.4
237000,24.2
237060,24.4
237120,25.0
237180,25.0
237240,25.0
237300,26.0
237360,24.0
237420,25.4
237480,24.4
237540,24.6
237600,25.4
237660,24.8
237720,23.8
237780,27.0
237840,23.8
237900,25.8
237960,24.4
238020,24.8
238080,24.8
238140,25.6
238200,25.0
238260,25.8
238320,26.6
238380,26.4
238440,24.0
238500,24.6
238560,24.0
238620,25.2
238680,26.2
238740,26.2
238800,23.8
238860,25.2
238920,25.0
238980,26.2
239040,24.8
239100,26.6
239160,25.0
239220,24.6
239280,26.0
239340,24.0
239400,26.0
239460,24.8
239520,25.8
239580,24.4
239640,24.4
239700,25.0
239760,25.6
239820,24.8
239880,26.4
239940,24.2
240000,26.4
240060,25.6
240120,25.4
240180,24.2
240240,24.4
240300,24.4
240360,25.4
240420,25.4
240480,25.4
240540,23.4
240600,25.8
240660,25.4
240720,26.0
240780,24.8
240840,25.0
240900,26.0
240960,24.8
241020,26.4
241080,25.8
241140,26.0
241200,27.0
241260,25.6
241320,25.6
241380,24.0
241440,24.6
241500,25.6
241560,25.0
241620,26.0
241680,25.2
241740,26.0
241800,24.8
241860,25.4
241920,26.2
241980,25.6
242040,24.8
242100,24.2
242160,24.8
242220,26.0
242280,26.2
242340,25.6
242400,24.8
242460,25.2
242520,25.0
242580,26.4
242640,24.6
242700,25.8
242760,24.6
242820,25.2
242880,24.4
242940,26.0
243000,25.2
243060,26.0
243120,26.8
243180,26.4
243240,24.6
243300,23.6
243360,24.4
243420,26.2
243480,25.8
243540,26.4
243600,25.0
243660,24.2
243720,26.0
243780,26.4
243840,23.6
243900,26.2
243960,25.0
244020,25.6
244080,25.0
244140,25.6
244200,24.8
244260,24.2
244320,26.2
244380,25.4
244440,24.0
244500,25.8
244560,24.6
244620,25.8
244680,23.6
244740,24.8
244800,24.0
244860,25.6
244920,25.8
244980,24.2
245040,24.0
245100,25.2
245160,26.6
245220,24.2
245280,22.8
245340,24.6
245400,24.4
245460,23.8
245520,25.0
245580,25.2
245640,24.2
245700,24.4
245760,26.0
245820,24.6
245880,23.6
245940,24.6
246000,24.6
246060,24.2
246120,25.0
246180,24.6
246240,23.0
246300,26.0
246360,24.4
246420,23.6
246480,23.6
246540,25.6
246600,24.8
246660,23.4
246720,24.8
246780,24.8
246840,24.0
246900,23.6
246960,24.4
247020,23.2
247080,25.8
247140,23.8
247200,23.8
247260,25.6
247320,22.4
247380,25.2
247440,23.8
247500,25.6
247560,24.4
247620,23.4
247680,24.8
247740,23.6
247800,23.6
247860,24.6
247920,25.4
247980,25.8
248040,24.4
248100,26.0
248160,25.0
248220,23.4
248280,23.8
248340,23.6
248400,23.2
248460,24.8
248520,24.0
248580,23.6
248640,24.6
248700,24.2
248760,22.4
248820,25.0
248880,25.2
248940,24.8
249000,25.4
249060,23.8
249120,25.0
249180,24.6
249240,26.4
249300,24.4
249360,23.4
249420,24.4
249480,23.2
249540,26.0
249600,24.0
249660,24.0
249720,24.4
249780,25.8
249840,22.8
249900,24.6
249960,24.8
250020,24.8
250080,23.4
250140,24.6
250200,24.2
250260,23.6
250320,24.0
250380,23.4
250440,26.0
250500,24.2
250560,24.4
250620,24.8
250680,25.4
250740,24.4
250800,23.6
250860,24.6
250920,24.0
250980,24.6
251040,24.4
251100,24.2
251160,25.2
251220,24.0
251280,23.6
251340,24.8
251400,25.6
251460,24.0
251520,24.8
251580,24.8
251640,25.2
251700,24.6
251760,25.2
251820,25.2
251880,25.0
251940,22.6
252000,23.6
252060,24.2
252120,24.4
252180,25.6
252240,23.8
252300,23.6
252360,24.2
252420,24.6
252480,25.6
252540,26.2
252600,24.2
252660,23.8
252720,24.4
252780,24.4
252840,25.0
252900,23.0
252960,24.4
253020,24.8
253080,24.6
253140,24.0
253200,25.0
253260,23.6
253320,25.2
253380,24.6
253440,25.4
253500,22.8
253560,24.6
253620,24.6
253680,24.6
253740,24.6
253800,25.8
253860,22.8
253920,25.0
253980,24.4
254040,23.8
254100,24.2
254160,25.6
254220,25.8
254280,24.6
254340,24.8
254400,25.2
254460,25.0
254520,24.4
254580,23.4
254640,26.6
254700,24.4
254760,25.4
254820,24.4
254880,24.2
254940,23.6
255000,24.2
255060,24.2
255120,25.0
255180,24.4
255240,24.6
255300,22.8
255360,25.4
255420,24.8
255480,23.6
255540,24.4
255600,24.6
255660,24.4
255720,24.8
255780,25.4
255840,24.4
255900,23.4
255960,25.6
256020,24.0
256080,24.6
256140,24.0
256200,25.0
256260,23.8
256320,24.8
256380,25.6
256440,24.0
256500,23.6
256560,24.4
256620,26.4
256680,24.2
256740,25.4
256800,24.4
256860,24.8
256920,24.0
256980,25.2
257040,23.4
257100,26.8
257160,23.6
257220,24.6
257280,24.2
257340,24.4
257400,25.8
257460,22.8
257520,25.2
257580,24.8
257640,24.8
257700,25.2
257760,23.6
257820,25.0
257880,25.2
257940,25.0
258000,24.4
258060,24.2
258120,25.4
258180,23.0
258240,23.0
258300,24.0
258360,24.0
258420,25.8
258480,24.4
258540,23.4
258600,23.4
258660,24.8
258720,26.2
258780,23.8
258840,23.2
258900,24.6
258960,26.0
259020,23.4
259080,23.0
259140,24.2
259200,24.8
259260,24.4
259320,24.2
259380,25.2
259440,25.2
259500,25.0
259560,24.8
259620,23.4
259680,25.2
259740,26.2
259800,25.8
259860,25.0
259920,26.0
259980,24.6
260040,25.2
260100,25.8
260160,25.4
260220,24.8
260280,25.0
260340,26.8
260400,24.2
260460,24.4
260520,26.2
260580,24.6
260640,24.0
260700,24.2
260760,24.6
260820,25.4
260880,23.2
260940,24.2
261000,24.0
261060,21.6
261120,25.0
261180,23.6
261240,22.8
261300,24.4
261360,25.2
261420,24.8
261480,24.0
261540,24.4
261600,23.6
261660,25.0
261720,22.0
261780,26.0
261840,24.0
261900,24.6
261960,24.6
262020,24.0
262080,25.0
262140,25.0
262200,24.0
262260,24.0
262320,22.6
262380,23.8
262440,25.6
262500,24.8
262560,23.6
262620,23.8
262680,24.0
262740,24.6
262800,23.8
262860,24.4
262920,25.4
262980,24.8
263040,24.0
263100,24.2
263160,25.8
263220,24.8
263280,24.4
263340,25.2
263400,24.0
263460,25.6
263520,24.4
263580,26.0
263640,25.4
263700,24.4
263760,23.4
263820,23.2
263880,23.8
263940,24.2
264000,23.4
264060,24.6
264120,24.0
264180,24.4
264240,25.0
264300,23.2
264360,24.2
264420,25.4
264480,22.8
264540,23.8
264600,23.2
264660,23.6
264720,25.2
264780,24.6
264840,25.4
264900,25.2
264960,24.4
265020,23.4
265080,23.6
265140,22.8
265200,25.6
265260,24.8
265320,26.4
265380,25.4
265440,25.6
265500,24.2
265560,25.6
265620,24.0
265680,24.8
265740,24.2
265800,24.8
265860,25.2
265920,23.6
265980,24.0
266040,25.4
266100,23.2
266160,24.6
266220,24.0
266280,24.0
266340,24.4
266400,22.2
266460,23.8
266520,24.2
266580,26.0
266640,23.8
266700,24.4
266760,23.8
266820,24.8
266880,23.6
266940,23.0
267000,24.4
267060,25.0
267120,23.8
267180,23.8
267240,24.4
267300,23.8
267360,24.2
267420,23.8
267480,25.4
267540,23.0
267600,24.0
267660,24.0
267720,24.0
267780,23.4
267840,24.2
267900,23.0
267960,24.0
268020,23.0
268080,24.2
268140,25.4
268200,24.6
268260,24.0
268320,23.2
268380,23.6
268440,24.2
268500,25.6
268560,23.4
268620,25.0
268680,25.2
268740,24.2
268800,24.4
268860,25.6
268920,24.6
268980,23.8
269040,24.2
269100,24.4
269160,24.6
269220,23.6
269280,26.0
269340,24.2
269400,25.0
269460,25.0
269520,26.2
269580,26.4
269640,24.0
269700,24.4
269760,25.2
269820,24.0
269880,24.6
269940,24.8
270000,25.6
270060,23.6
270120,26.4
270180,25.0
270240,23.6
270300,25.2
270360,22.4
270420,25.6
270480,24.6
270540,24.2
270600,26.0
270660,26.2
270720,24.8
270780,25.0
270840,24.2
270900,24.4
270960,25.2
271020,24.8
271080,26.0
271140,25.6
271200,24.6
271260,24.2
271320,24.8
271380,24.6
271440,24.6
271500,26.6
271560,25.6
271620,25.6
271680,26.0
271740,25.2
271800,26.4
271860,25.8
271920,25.8
271980,25.4
272040,24.8
272100,24.6
272160,24.0
272220,25.6
272280,25.0
272340,25.4
272400,24.6
272460,24.2
272520,24.8
272580,25.4
272640,24.2
272700,24.8
272760,24.8
272820,24.8
272880,25.0
272940,25.0
273000,26.2
273060,25.2
273120,25.0
273180,25.0
273240,24.8
273300,24.0
273360,24.6
273420,24.8
273480,26.0
273540,26.0
273600,24.6
273660,23.6
273720,25.2
273780,25.4
273840,25.8
273900,24.6
273960,24.8
274020,25.2
274080,24.8
274140,25.2
274200,24.8
274260,23.0
274320,25.0
274380,24.4
274440,25.0
274500,24.8
274560,24.8
274620,24.6
274680,24.0
274740,24.8
274800,23.6
274860,25.0
274920,26.8
274980,25.0
275040,24.8
275100,25.6
275160,25.2
275220,26.4
275280,25.0
275340,25.4
275400,26.2
275460,24.4
275520,25.2
275580,25.4
275640,26.0
275700,24.2
275760,25.2
275820,25.2
275880,26.0
275940,26.2
276000,24.2
276060,25.0
276120,25.0
276180,24.0
276240,24.8
276300,25.2
276360,25.0
276420,25.8
276480,25.4
276540,24.2
276600,25.6
276660,26.2
276720,26.0
276780,26.4
276840,26.6
276900,24.0
276960,24.6
277020,26.2
277080,24.8
277140,24.4
277200,26.8
277260,25.6
277320,25.2
277380,24.4
277440,26.6
277500,25.2
277560,25.6
277620,25.0
277680,24.6
277740,25.0
277800,25.0
277860,25.4
277920,25.4
277980,25.8
278040,25.8
278100,25.4
278160,25.4
278220,25.4
278280,25.4
278340,25.0
278400,25.0
278460,24.8
278520,26.4
278580,25.4
278640,24.4
278700,25.0
278760,25.2
278820,24.6
278880,24.6
278940,24.8
279000,23.8
279060,26.6
279120,24.4
279180,24.8
279240,24.0
279300,24.8
279360,25.4
279420,25.0
279480,24.4
279540,25.8
279600,24.6
279660,24.4
279720,24.6
279780,25.6
279840,26.2
279900,24.2
279960,26.8
280020,25.2
280080,23.6
280140,23.0
280200,24.2
280260,23.8
280320,24.0
280380,25.6
280440,25.6
280500,25.4
280560,26.4
280620,24.6
280680,25.6
280740,24.8
280800,24.4
280860,24.8
280920,25.8
280980,24.4
281040,24.6
281100,25.6
281160,24.0
281220,24.8
281280,25.4
281340,25.6
281400,24.8
281460,25.0
281520,24.2
281580,26.0
281640,26.0
281700,25.4
281760,25.8
281820,25.6
281880,25.4
281940,25.2
282000,25.6
282060,25.4
282120,24.8
282180,25.4
282240,26.6
282300,26.0
282360,25.0
282420,26.2
282480,25.4
282540,24.6
282600,26.8
282660,24.4
282720,24.2
282780,25.8
282840,25.6
282900,25.4
282960,26.0
283020,24.4
283080,24.2
283140,25.4
283200,25.2
283260,26.6
283320,25.4
283380,23.4
283440,26.4
283500,26.4
283560,25.4
283620,26.4
283680,25.0
283740,26.4
283800,25.4
283860,25.2
283920,25.8
283980,26.2
284040,23.8
284100,24.0
284160,24.6
284220,24.6
284280,25.0
284340,25.0
284400,24.0
284460,25.4
284520,26.4
284580,24.8
284640,25.8
284700,24.2
284760,23.0
284820,24.6
284880,24.2
284940,25.8
285000,25.0
285060,25.6
285120,25.6
285180,24.6
285240,25.2
285300,25.6
285360,25.4
285420,24.6
285480,25.4
285540,24.8
285600,26.2
285660,25.2
285720,24.2
285780,25.4
285840,24.8
285900,25.8
285960,26.4
286020,26.2
286080,24.6
286140,25.8
286200,23.6
286260,24.8
286320,27.0
286380,24.6
286440,25.4
286500,24.2
286560,25.4
286620,24.8
286680,25.2
286740,25.2
286800,26.4
286860,25.4
286920,26.0
286980,25.4
287040,24.0
287100,26.0
287160,25.0
287220,26.2
287280,23.6
287340,24.2
287400,25.2
287460,25.8
287520,25.0
287580,25.0
287640,25.6
287700,25.4
287760,24.8
287820,25.6
287880,24.8
287940,25.6
288000,25.4
288060,24.6
288120,26.0
288180,24.6
288240,25.6
288300,24.6
288360,25.8
288420,25.2
288480,25.0
288540,23.8
288600,26.4
288660,27.8
288720,25.6
288780,25.4
288840,24.6
288900,25.2
288960,24.6
289020,24.2
289080,25.0
289140,26.2
289200,26.4
289260,24.2
289320,25.6
289380,25.4
289440,24.4
289500,25.6
289560,24.0
289620,25.2
289680,24.4
289740,25.0
289800,25.6
289860,24.8
289920,25.4
289980,24.8
290040,25.6
290100,26.8
290160,25.2
290220,25.8
290280,25.2
290340,27.4
290400,25.4
290460,25.4
290520,25.0
290580,25.2
290640,24.2
290700,26.4
290760,24.4
290820,27.2
290880,24.2
290940,24.6
291000,25.2
291060,27.0
291120,26.2
291180,25.0
291240,26.0
291300,24.0
291360,25.2
291420,25.2
291480,25.6
291540,26.4
291600,25.8
291660,26.0
291720,25.0
291780,25.0
291840,23.6
291900,24.8
291960,24.4
292020,24.0
292080,25.6
292140,25.2
292200,25.8
292260,24.4
292320,24.4
292380,25.2
292440,25.2
292500,24.4
292560,25.4
292620,24.6
292680,26.0
292740,24.6
292800,25.6
292860,24.4
292920,24.4
292980,26.0
293040,26.6
293100,25.0
293160,24.4
293220,27.0
293280,26.4
293340,27.0
293400,26.8
293460,25.2
293520,25.2
293580,24.8
293640,24.8
293700,23.8
293760,24.8
293820,26.0
293880,25.0
293940,25.6
294000,24.4
294060,24.6
294120,24.2
294180,24.8
294240,23.4
294300,25.8
294360,24.4
294420,23.0
294480,25.6
294540,25.0
294600,25.4
294660,24.4
294720,25.8
294780,25.2
294840,26.2
294900,25.0
294960,24.8
295020,25.0
295080,25.2
295140,25.8
295200,25.2
295260,25.0
295320,23.8
295380,24.6
295440,27.0
295500,24.4
295560,25.2
295620,24.4
295680,25.4
295740,24.4
295800,27.2
295860,25.4
295920,26.0
295980,26.4
296040,25.2
296100,27.2
296160,26.4
296220,25.0
296280,25.4
296340,26.4
296400,24.8
296460,25.8
296520,24.8
296580,26.0
296640,26.6
296700,25.0
296760,23.6
296820,26.0
296880,25.2
296940,23.8
297000,25.2
297060,26.6
297120,24.6
297180,26.0
297240,25.2
297300,25.8
297360,24.4
297420,26.4
297480,26.0
297540,25.2
297600,25.8
297660,26.0
297720,25.6
297780,24.8
297840,27.2
297900,24.8
297960,24.4
298020,25.8
298080,25.0
298140,25.6
298200,26.0
298260,25.2
298320,26.6
298380,23.8
298440,24.8
298500,25.2
298560,26.0
298620,24.8
298680,25.8
298740,24.8
298800,23.8
298860,25.0
298920,26.2
298980,24.8
299040,26.2
299100,25.6
299160,26.4
299220,25.2
299280,24.2
299340,25.0
299400,25.0
299460,25.8
299520,25.2
299580,26.4
299640,26.6
299700,26.0
299760,25.4
299820,26.0
299880,25.0
299940,25.6
300000,26.4
300060,24.6
300120,24.0
300180,25.8
300240,26.4
300300,26.2
300360,25.2
300420,26.6
300480,26.4
300540,26.0
300600,24.8
300660,24.6
300720,25.2
300780,25.6
300840,25.2
300900,24.8
300960,26.0
301020,24.8
301080,27.6
301140,25.6
301200,26.6
301260,26.0
301320,24.6
301380,24.6
301440,25.4
301500,25.6
301560,25.0
301620,25.0
301680,25.6
301740,25.2
301800,25.4
301860,24.8
301920,24.2
301980,24.6
302040,24.4
302100,25.6
302160,26.8
302220,26.0
302280,25.8
302340,25.8
302400,24.8
302460,25.4
302520,25.6
302580,26.8
302640,26.6
302700,26.4
302760,25.0
302820,27.0
302880,24.6
302940,25.8
303000,24.0
303060,27.0
303120,25.8
303180,26.8
303240,26.2
303300,26.4
303360,25.6
303420,25.8
303480,26.4
303540,24.4
303600,25.8
303660,24.8
303720,25.6
303780,25.4
303840,25.2
303900,23.4
303960,26.4
304020,26.2
304080,26.0
304140,25.2
304200,25.2
304260,24.8
304320,24.6
304380,24.6
304440,26.0
304500,24.4
304560,23.6
304620,24.8
304680,24.2
304740,25.4
304800,26.2
304860,24.4
304920,24.4
304980,24.4
305040,25.6
305100,26.8
305160,24.8
305220,26.4
305280,25.0
305340,24.2
305400,25.6
305460,26.4
305520,26.6
305580,24.2
305640,23.2
305700,25.2
305760,27.2
305820,25.2
305880,25.4
305940,25.0
306000,24.6
306060,24.8
306120,25.8
306180,25.0
306240,25.0
306300,23.6
306360,24.4
306420,26.2
306480,26.4
306540,26.8
306600,26.6
306660,24.2
306720,26.4
306780,24.4
306840,27.4
306900,24.0
306960,25.0
307020,26.2
307080,25.4
307140,24.2
307200,24.6
307260,26.0
307320,26.0
307380,24.8
307440,25.4
307500,27.8
307560,26.6
307620,25.2
307680,24.6
307740,26.4
307800,26.2
307860,24.6
307920,24.8
307980,26.8
308040,26.2
308100,25.0
308160,24.2
308220,24.0
308280,25.2
308340,26.0
308400,25.8
308460,24.4
308520,24.6
308580,25.6
308640,25.6
308700,26.2
308760,24.4
308820,25.4
308880,25.8
308940,24.8
309000,25.0
309060,25.2
309120,26.6
309180,24.4
309240,23.8
309300,26.2
309360,25.0
309420,25.4
309480,24.6
309540,26.0
309600,25.2
309660,25.4
309720,23.8
309780,24.2
309840,24.8
309900,25.8
309960,24.6
310020,25.4
310080,24.2
310140,25.6
310200,24.2
310260,27.6
310320,26.0
310380,25.2
310440,24.6
310500,25.6
310560,25.4
310620,25.6
310680,24.0
310740,24.2
310800,24.6
310860,25.6
310920,25.6
310980,24.4
311040,24.4
311100,25.2
311160,25.2
311220,26.0
311280,25.2
311340,24.4
311400,24.4
311460,24.4
311520,24.0
311580,24.6
311640,24.6
311700,25.8
311760,24.8
311820,24.2
311880,25.4
311940,24.8
312000,23.8
312060,25.6
312120,25.0
312180,25.0
312240,26.0
312300,23.2
312360,24.0
312420,25.6
312480,25.8
312540,24.4
312600,24.8
312660,26.2
312720,24.4
312780,23.8
312840,25.2
312900,25.0
312960,26.2
313020,24.4
313080,24.4
313140,25.0
313200,25.4
313260,25.2
313320,26.0
313380,23.0
313440,25.4
313500,25.0
313560,24.8
313620,24.4
313680,26.2
313740,26.8
313800,25.0
313860,25.6
313920,24.8
313980,25.8
314040,25.4
314100,25.6
314160,26.8
314220,25.4
314280,24.6
314340,25.6
314400,25.2
314460,25.0
314520,25.4
314580,26.2
314640,26.0
314700,24.4
314760,25.4
314820,23.6
314880,25.8
314940,23.8
315000,24.8
315060,22.0
315120,25.8
315180,23.2
315240,22.8
315300,24.8
315360,24.0
315420,22.4
315480,22.2
315540,24.0
315600,24.0
315660,24.8
315720,24.2
315780,24.4
315840,24.2
315900,25.2
315960,23.8
316020,25.8
316080,23.6
316140,23.6
316200,25.2
316260,24.0
316320,23.0
316380,25.8
316440,24.6
316500,25.4
316560,24.0
316620,24.2
316680,23.6
316740,25.4
316800,22.4
316860,23.6
316920,24.2
316980,25.4
317040,25.4
317100,24.2
317160,24.8
317220,23.8
317280,23.8
317340,24.4
317400,24.8
317460,23.8
317520,24.8
317580,25.6
317640,24.0
317700,22.8
317760,25.2
317820,25.2
317880,26.2
317940,24.0
318000,24.8
318060,25.8
318120,24.2
318180,25.4
318240,24.6
318300,24.4
318360,24.4
318420,26.0
318480,25.2
318540,24.0
318600,25.0
318660,24.6
318720,24.6
318780,25.2
318840,25.0
318900,25.6
318960,24.8
319020,23.8
319080,25.2
319140,24.2
319200,23.8
319260,26.4
319320,24.4
319380,24.2
319440,24.0
319500,24.8
319560,23.2
319620,24.6
319680,24.0
319740,24.6
319800,25.0
319860,26.8
319920,24.2
319980,25.4
320040,27.0
320100,24.6
320160,24.6
320220,24.0
320280,25.4
320340,24.2
320400,26.4
320460,26.2
320520,24.6
320580,24.8
320640,22.8
320700,25.0
320760,24.8
320820,24.4
320880,25.6
320940,24.4
321000,25.8
321060,25.2
321120,26.6
321180,27.0
321240,25.4
321300,25.8
321360,26.6
321420,24.4
321480,25.0
321540,26.6
321600,23.8
321660,25.0
321720,25.0
321780,25.0
321840,25.8
321900,23.6
321960,24.6
322020,26.6
322080,26.0
322140,26.8
322200,23.8
322260,26.6
322320,24.4
322380,25.4
322440,25.6
322500,25.2
322560,25.6
322620,25.0
322680,25.2
322740,26.8
322800,24.8
322860,25.2
322920,27.0
322980,24.2
323040,25.2
323100,25.4
323160,25.2
323220,25.8
323280,24.8
323340,24.6
323400,24.8
323460,24.0
323520,24.2
323580,24.8
323640,26.0
323700,25.2
323760,26.2
323820,24.4
323880,25.6
323940,26.6
324000,26.0
324060,25.2
324120,24.4
324180,25.4
324240,25.0
324300,25.4
324360,26.4
324420,26.4
324480,24.6
324540,25.0
324600,25.6
324660,25.2
324720,25.2
324780,25.0
324840,25.6
324900,24.0
324960,25.0
325020,26.6
325080,25.4
325140,25.6
325200,25.2
325260,25.6
325320,25.8
325380,26.2
325440,24.6
325500,25.4
325560,25.6
325620,23.4
325680,25.0
325740,26.0
325800,24.8
325860,25.4
325920,24.0
325980,25.0
326040,26.8
326100,25.0
326160,25.4
326220,25.0
326280,24.8
326340,26.0
326400,25.6
326460,24.8
326520,27.2
326580,23.8
326640,24.8
326700,26.6
326760,25.8
326820,24.4
326880,26.4
326940,25.8
327000,25.4
327060,25.2
327120,24.6
327180,26.0
327240,25.6
327300,26.2
327360,25.2
327420,25.4
327480,25.4
327540,25.6
327600,23.8
327660,25.8
327720,24.8
327780,25.0
327840,25.6
327900,24.8
327960,24.8
328020,24.8
328080,24.6
328140,25.4
328200,26.0
328260,24.6
328320,27.2
328380,26.4
328440,25.4
328500,25.8
328560,25.4
328620,24.8
328680,24.8
328740,25.0
328800,25.8
328860,25.0
328920,26.2
328980,26.8
329040,25.4
329100,25.6
329160,25.8
329220,25.2
329280,23.8
329340,23.6
329400,24.6
329460,26.2
329520,25.2
329580,26.8
329640,23.6
329700,24.4
329760,26.2
329820,24.8
329880,26.4
329940,26.2
330000,25.8
330060,24.6
330120,24.0
330180,25.0
330240,25.8
330300,25.4
330360,25.6
330420,26.0
330480,25.2
330540,25.2
330600,25.4
330660,26.6
330720,24.8
330780,24.2
330840,24.0
330900,24.8
330960,25.8
331020,26.4
331080,25.0
331140,25.2
331200,25.0
331260,25.2
331320,24.2
331380,24.2
331440,27.0
331500,25.0
331560,25.6
331620,25.6
331680,26.2
331740,24.8
331800,25.4
331860,25.4
331920,24.0
331980,24.6
332040,26.6
332100,23.0
332160,24.0
332220,25.0
332280,24.4
332340,23.8
332400,24.6
332460,25.6
332520,23.8
332580,24.4
332640,26.6
332700,25.4
332760,25.0
332820,26.4
332880,23.4
332940,25.0
333000,24.6
333060,25.6
333120,24.8
333180,24.2
333240,25.6
333300,25.0
333360,25.0
333420,22.8
333480,23.0
333540,25.8
333600,24.4
333660,24.6
333720,25.2
333780,23.8
333840,24.6
333900,25.2
333960,24.2
334020,25.4
334080,24.4
334140,26.0
334200,25.8
334260,23.8
334320,25.4
334380,24.4
334440,26.6
334500,26.2
334560,25.4
334620,23.4
334680,24.4
334740,24.6
334800,25.2
334860,26.6
334920,23.8
334980,25.4
335040,23.6
335100,23.8
335160,24.4
335220,26.2
335280,24.0
335340,24.0
335400,24.8
335460,25.0
335520,23.8
335580,24.4
335640,25.4
335700,25.8
335760,24.2
335820,25.0
335880,23.8
335940,25.2
336000,25.6
336060,25.2
336120,25.4
336180,23.4
336240,23.8
336300,23.4
336360,25.4
336420,25.2
336480,24.8
336540,27.0
336600,25.2
336660,26.0
336720,25.6
336780,24.8
336840,25.2
336900,25.6
336960,24.4
337020,24.2
337080,25.4
337140,24.0
337200,27.2
337260,27.0
337320,23.2
337380,25.2
337440,26.4
337500,25.2
337560,26.2
337620,26.4
337680,25.4
337740,25.0
337800,24.6
337860,25.4
337920,24.2
337980,24.6
338040,24.2
338100,26.4
338160,24.0
338220,26.2
338280,27.4
338340,26.4
338400,24.6
338460,25.0
338520,25.8
338580,24.8
338640,23.4
338700,24.8
338760,25.4
338820,25.6
338880,24.0
338940,26.4
339000,26.0
339060,25.2
339120,25.2
339180,25.4
339240,25.4
339300,25.6
339360,27.6
339420,24.6
339480,25.6
339540,25.0
339600,25.6
339660,26.4
339720,24.8
339780,25.6
339840,25.8
339900,25.6
339960,25.0
340020,23.8
340080,25.4
340140,24.8
340200,23.4
340260,24.4
340320,25.6
340380,25.4
340440,25.4
340500,26.4
340560,24.8
340620,26.2
340680,26.4
340740,25.6
340800,25.0
340860,27.8
340920,26.0
340980,24.6
341040,25.8
341100,27.8
341160,26.6
341220,26.2
341280,24.6
341340,24.8
341400,24.6
341460,26.4
341520,25.6
341580,24.8
341640,26.4
341700,25.2
341760,25.0
341820,26.0
341880,25.0
341940,24.4
342000,25.2
342060,24.6
342120,27.0
342180,25.6
342240,26.4
342300,25.6
342360,26.0
342420,24.6
342480,26.0
342540,25.8
342600,23.2
342660,24.2
342720,25.4
342780,25.8
342840,24.2
342900,25.2
342960,26.2
343020,25.6
343080,26.4
343140,26.4
343200,26.4
343260,24.6
343320,26.0
343380,24.6
343440,23.8
343500,24.6
343560,25.2
343620,25.8
343680,26.2
343740,24.6
343800,23.8
343860,24.0
343920,24.8
343980,24.8
344040,24.6
344100,24.2
344160,24.8
344220,25.6
344280,23.8
344340,25.8
344400,25.2
344460,24.6
344520,25.2
344580,24.8
344640,25.2
344700,25.0
344760,25.8
344820,23.8
344880,24.4
344940,24.8
345000,25.0
345060,24.2
345120,27.0
345180,24.6
345240,25.4
345300,25.2
345360,24.2
345420,24.0
345480,24.8
345540,24.6
345600,24.2
345660,25.2
345720,27.0
345780,25.0
345840,26.8
345900,25.2
345960,24.8
346020,24.6
346080,25.0
346140,24.0
346200,25.8
346260,27.0
346320,25.6
346380,25.4
346440,25.6
346500,24.0
346560,25.2
346620,25.4
346680,26.2
346740,25.2
346800,24.6
346860,27.0
346920,25.2
346980,26.0
347040,25.8
347100,25.6
347160,24.4
347220,25.2
347280,24.8
347340,24.2
347400,26.2
347460,24.0
347520,25.8
347580,24.4
347640,24.6
347700,26.2
347760,25.0
347820,25.6
347880,24.6
347940,26.4
348000,25.0
348060,25.6
348120,25.2
348180,25.8
348240,24.8
348300,25.2
348360,25.8
348420,25.0
348480,25.8
348540,25.4
348600,24.8
348660,24.8
348720,25.6
348780,25.8
348840,25.0
348900,26.2
348960,27.0
349020,25.4
349080,24.4
349140,24.8
349200,23.8
349260,24.8
349320,25.0
349380,25.4
349440,25.2
349500,25.2
349560,27.2
349620,26.2
349680,26.0
349740,25.4
349800,24.0
349860,24.4
349920,25.8
349980,25.8
350040,25.6
350100,24.8
350160,25.2
350220,24.8
350280,25.6
350340,26.0
350400,26.0
350460,23.6
350520,26.4
350580,25.2
350640,25.6
350700,26.4
350760,27.0
350820,26.2
350880,26.8
350940,25.6
351000,25.4
351060,24.8
351120,24.8
351180,26.4
351240,24.2
351300,25.4
351360,28.2
351420,23.6
351480,25.2
351540,25.8
351600,24.6
351660,24.0
351720,26.8
351780,23.6
351840,25.4
351900,26.0
351960,23.6
352020,24.2
352080,26.6
352140,25.2
352200,25.6
352260,27.6
352320,24.8
352380,25.2
352440,25.2
352500,24.8
352560,23.8
352620,24.8
352680,26.6
352740,24.2
352800,25.4
352860,27.4
352920,26.2
352980,26.0
353040,24.8
353100,23.0
353160,25.8
353220,25.4
353280,25.6
353340,26.2
353400,23.2
353460,25.0
353520,24.0
353580,25.0
353640,24.8
353700,26.0
353760,24.2
353820,25.8
353880,25.0
353940,24.8
354000,25.8
354060,25.8
354120,24.4
354180,24.8
354240,25.8
354300,23.4
354360,25.2
354420,26.6
354480,24.8
354540,24.8
354600,24.2
354660,24.8
354720,25.6
354780,24.2
354840,24.4
354900,25.4
354960,25.6
355020,25.0
355080,24.4
355140,25.6
355200,26.8
355260,24.8
355320,25.4
355380,25.4
355440,26.2
355500,25.4
355560,25.8
355620,24.8
355680,26.2
355740,24.6
355800,25.6
355860,25.4
355920,25.2
355980,24.2
356040,24.6
356100,24.6
356160,24.0
356220,26.0
356280,24.2
356340,25.6
356400,24.4
356460,24.6
356520,25.8
356580,26.4
356640,22.6
356700,24.4
356760,25.6
356820,26.2
356880,25.4
356940,25.8
357000,24.2
357060,24.6
357120,24.6
357180,26.8
357240,25.6
357300,26.0
357360,25.0
357420,25.4
357480,25.6
357540,24.8
357600,25.2
357660,24.8
357720,26.0
357780,26.4
357840,25.4
357900,25.4
357960,26.4
358020,25.8
358080,26.2
358140,25.0
358200,25.0
358260,25.4
358320,25.2
358380,25.6
358440,27.0
358500,24.2
358560,24.6
358620,26.4
358680,25.6
358740,25.6
358800,25.6
358860,25.0
358920,24.6
358980,24.2
359040,24.0
359100,24.4
359160,25.6
359220,25.0
359280,26.0
359340,24.4
359400,23.6
359460,25.0
359520,25.4
359580,25.0
359640,24.6
359700,25.4
359760,23.8
359820,25.6
359880,24.4
359940,25.0
360000,25.8
360060,23.6
360120,25.0
360180,24.0
360240,25.4
360300,25.0
360360,25.2
360420,23.8
360480,25.8
360540,25.4
360600,23.6
360660,25.4
360720,25.2
360780,23.8
360840,24.8
360900,25.4
360960,25.4
361020,24.6
361080,25.0
361140,25.0
361200,26.4
361260,23.6
361320,24.8
361380,25.0
361440,24.6
361500,24.6
361560,25.0
361620,25.4
361680,25.2
361740,25.0
361800,25.2
361860,25.4
361920,24.6
361980,24.6
362040,25.4
362100,25.0
362160,25.2
362220,25.2
362280,25.4
362340,24.4
362400,23.8
362460,25.0
362520,24.2
362580,25.0
362640,26.0
362700,26.2
362760,26.0
362820,25.4
362880,25.8
362940,24.2
363000,24.8
363060,24.6
363120,25.2
363180,24.6
363240,25.0
363300,25.4
363360,25.4
363420,26.4
363480,25.0
363540,25.6
363600,26.0
363660,25.0
363720,24.0
363780,25.8
363840,25.6
363900,24.6
363960,25.4
364020,23.6
364080,26.2
364140,25.2
364200,24.6
364260,24.8
364320,25.0
364380,25.2
364440,25.0
364500,24.4
364560,24.8
364620,25.4
364680,26.0
364740,24.6
364800,25.2
364860,25.0
364920,23.4
364980,24.4
365040,23.6
365100,24.2
365160,24.4
365220,24.6
365280,24.2
365340,24.2
365400,24.2
365460,25.8
365520,24.0
365580,25.4
365640,26.2
365700,24.0
365760,24.8
365820,25.4
365880,24.8
365940,24.6
366000,25.2
366060,23.8
366120,23.2
366180,26.0
366240,23.6
366300,25.8
366360,24.4
366420,25.2
366480,24.2
366540,23.6
366600,24.0
366660,23.8
366720,23.6
366780,24.8
366840,23.4
366900,25.0
366960,24.6
367020,25.0
367080,26.2
367140,24.0
367200,25.0
367260,23.6
367320,24.4
367380,23.8
367440,22.8
367500,22.4
367560,25.8
367620,24.2
367680,26.4
367740,23.2
367800,24.2
367860,25.6
367920,24.6
367980,26.4
368040,25.6
368100,24.2
368160,23.8
368220,25.2
368280,25.0
368340,26.0
368400,22.4
368460,24.0
368520,24.0
368580,25.4
368640,23.8
368700,25.6
368760,25.2
368820,23.6
368880,24.2
368940,23.6
369000,24.8
369060,25.0
369120,24.8
369180,23.8
369240,24.4
369300,24.6
369360,24.6
369420,23.8
369480,24.2
369540,23.8
369600,25.6
369660,25.0
369720,23.8
369780,23.6
369840,25.6
369900,24.0
369960,25.2
370020,25.0
370080,25.2
370140,25.4
370200,24.8
370260,25.0
370320,25.0
370380,24.2
370440,24.0
370500,23.6
370560,25.0
370620,23.8
370680,27.0
370740,26.0
370800,25.2
370860,23.6
370920,25.4
370980,25.0
371040,25.0
371100,25.0
371160,26.0
371220,25.8
371280,25.6
371340,25.6
371400,24.2
371460,25.4
371520,26.2
371580,24.0
371640,23.2
371700,26.4
371760,27.4
371820,26.2
371880,24.6
371940,25.6
372000,25.6
372060,24.4
372120,24.8
372180,24.4
372240,26.0
372300,25.6
372360,25.4
372420,26.8
372480,26.2
372540,25.4
372600,25.6
372660,25.2
372720,24.6
372780,24.2
372840,24.8
372900,25.2
372960,25.4
373020,25.8
373080,24.8
373140,25.2
373200,25.6
373260,27.4
373320,24.6
373380,24.6
373440,24.6
373500,23.8
373560,24.6
373620,24.0
373680,26.2
373740,25.0
373800,24.2
373860,25.4
373920,25.0
373980,25.2
374040,26.0
374100,24.6
374160,24.2
374220,26.6
374280,26.0
374340,25.0
374400,25.8
374460,24.6
374520,24.6
374580,25.0
374640,26.6
374700,25.0
374760,25.6
374820,25.8
374880,25.6
374940,25.2
375000,25.8
375060,25.2
375120,25.0
375180,24.2
375240,25.6
375300,25.2
375360,25.2
375420,24.4
375480,25.0
375540,26.2
375600,26.2
375660,24.2
375720,24.8
375780,24.6
375840,25.0
375900,26.0
375960,25.0
376020,26.0
376080,25.4
376140,26.0
376200,25.2
376260,25.8
376320,25.2
376380,25.2
376440,26.2
376500,24.8
376560,26.6
376620,24.6
376680,25.4
376740,25.6
376800,25.0
376860,24.8
376920,24.8
376980,25.4
377040,26.8
377100,24.4
377160,24.8
377220,25.6
377280,24.6
377340,24.6
377400,26.4
377460,25.6
377520,24.0
377580,25.4
377640,26.6
377700,24.6
377760,24.4
377820,25.2
377880,24.6
377940,25.8
378000,25.0
378060,25.2
378120,26.4
378180,25.2
378240,25.2
378300,26.0
378360,24.8
378420,25.6
378480,25.0
378540,25.8
378600,25.4
378660,24.6
378720,24.0
378780,24.4
378840,24.6
378900,25.4
378960,25.0
379020,26.0
379080,25.0
379140,24.0
379200,25.4
379260,25.0
379320,26.4
379380,26.2
379440,25.8
379500,24.4
379560,26.0
379620,25.4
379680,23.8
379740,25.2
379800,26.2
379860,26.4
379920,25.6
379980,24.4
380040,24.8
380100,25.2
380160,26.2
380220,25.4
380280,27.2
380340,26.2
380400,25.8
380460,24.2
380520,23.4
380580,25.4
380640,26.2
380700,26.2
380760,25.4
380820,24.8
380880,25.8
380940,25.2
381000,25.2
381060,25.4
381120,26.6
381180,24.4
381240,26.0
381300,25.8
381360,26.6
381420,26.6
381480,24.4
381540,25.0
381600,25.6
381660,25.6
381720,25.2
381780,25.4
381840,26.6
381900,25.2
381960,24.8
382020,24.4
382080,24.4
382140,25.0
382200,24.4
382260,26.2
382320,25.6
382380,26.0
382440,28.0
382500,26.0
382560,24.8
382620,25.8
382680,24.8
382740,24.0
382800,26.4
382860,25.0
382920,25.8
382980,25.2
383040,25.8
383100,24.2
383160,24.8
383220,27.2
383280,25.0
383340,26.4
383400,26.0
383460,24.4
383520,24.2
383580,25.2
383640,25.8
383700,24.2
383760,25.8
383820,24.6
383880,26.0
383940,26.2
384000,26.8
384060,24.8
384120,26.4
384180,25.8
384240,24.8
384300,27.2
384360,28.4
384420,25.8
384480,27.0
384540,25.2
384600,25.6
384660,25.0
384720,23.6
384780,26.0
384840,25.4
384900,24.8
384960,26.8
385020,26.2
385080,26.2
385140,26.0
385200,25.4
385260,25.8
385320,24.8
385380,26.0
385440,26.4
385500,25.4
385560,25.0
385620,26.2
385680,24.8
385740,25.2
385800,24.6
385860,25.6
385920,25.4
385980,24.8
386040,24.4
386100,24.8
386160,26.0
386220,26.2
386280,24.4
386340,25.0
386400,25.0
386460,25.4
386520,26.4
386580,25.4
386640,24.6
386700,23.4
386760,24.2
386820,25.0
386880,24.2
386940,25.6
387000,24.6
387060,25.8
387120,25.0
387180,24.4
387240,24.6
387300,25.0
387360,25.6
387420,25.2
387480,24.0
387540,26.0
387600,24.8
387660,23.6
387720,25.0
387780,26.0
387840,25.0
387900,24.0
387960,23.8
388020,24.4
388080,23.8
388140,24.8
388200,25.0
388260,24.8
388320,24.8
388380,24.4
388440,25.2
388500,25.2
388560,26.0
388620,24.0
388680,25.2
388740,25.8
388800,23.6
388860,25.8
388920,24.8
388980,25.4
389040,26.4
389100,26.0
389160,26.8
389220,24.8
389280,24.8
389340,24.4
389400,24.2
389460,24.8
389520,23.2
389580,24.4
389640,25.6
389700,25.2
389760,25.0
389820,25.4
389880,24.2
389940,23.0
390000,24.8
390060,23.6
390120,25.4
390180,25.0
390240,24.2
390300,25.4
390360,25.2
390420,23.4
390480,24.4
390540,23.2
390600,26.0
390660,26.8
390720,25.4
390780,25.2
390840,27.0
390900,23.6
390960,25.2
391020,25.2
391080,24.4
391140,26.4
391200,24.2
391260,26.0
391320,24.0
391380,26.4
391440,24.2
391500,25.8
391560,25.2
391620,23.8
391680,24.6
391740,23.8
391800,24.4
391860,25.4
391920,24.0
391980,24.4
392040,23.8
392100,24.6
392160,26.2
392220,25.8
392280,25.0
392340,25.2
392400,26.0
392460,25.4
392520,25.6
392580,26.2
392640,25.8
392700,24.0
392760,25.2
392820,24.4
392880,25.2
392940,25.2
393000,25.4
393060,25.0
393120,24.6
393180,23.8
393240,26.2
393300,24.2
393360,25.2
393420,24.6
393480,25.8
393540,25.4
393600,25.8
393660,24.2
393720,24.6
393780,23.8
393840,27.4
393900,26.2
393960,26.6
394020,26.4
394080,26.8
394140,26.2
394200,26.2
394260,24.2
394320,25.0
394380,27.4
394440,25.6
394500,24.8
394560,23.6
394620,26.8
394680,26.4
394740,27.8
394800,26.8
394860,25.6
394920,25.6
394980,25.6
395040,25.2
395100,25.2
395160,25.6
395220,26.0
395280,26.0
395340,25.2
395400,25.6
395460,25.4
395520,25.2
395580,26.0
395640,24.4
395700,24.8
395760,24.8
395820,25.2
395880,24.4
395940,24.6
396000,25.8
396060,24.6
396120,24.2
396180,24.6
396240,25.6
396300,26.2
396360,25.8
396420,25.0
396480,24.4
396540,24.0
396600,24.2
396660,24.8
396720,25.6
396780,25.8
396840,24.8
396900,24.4
396960,24.8
397020,25.0
397080,24.0
397140,25.4
397200,25.2
397260,24.6
397320,25.2
397380,25.8
397440,24.6
397500,26.2
397560,24.8
397620,25.6
397680,25.6
397740,24.4
397800,26.0
397860,25.0
397920,24.2
397980,25.0
398040,26.0
398100,25.6
398160,25.6
398220,24.2
398280,25.4
398340,24.4
398400,25.0
398460,25.8
398520,24.8
398580,24.8
398640,25.0
398700,24.0
398760,26.4
398820,24.8
398880,23.6
398940,26.6
399000,25.8
399060,23.6
399120,24.8
399180,24.6
399240,26.4
399300,24.2
399360,26.0
399420,25.6
399480,26.4
399540,24.6
399600,26.0
399660,26.0
399720,24.2
399780,26.4
399840,25.0
399900,25.6
399960,25.4
400020,24.8
400080,24.2
400140,26.0
400200,24.8
400260,25.2
400320,25.0
400380,25.2
400440,24.2
400500,25.6
400560,23.6
400620,24.6
400680,24.8
400740,25.0
400800,25.4
400860,25.0
400920,24.0
400980,24.6
401040,24.8
401100,25.2
401160,26.4
401220,23.8
401280,25.2
401340,23.8
401400,24.4
401460,25.8
401520,25.4
401580,26.0
401640,25.2
401700,24.6
401760,25.0
401820,25.4
401880,24.2
401940,26.6
402000,24.4
402060,25.4
402120,26.0
402180,24.6
402240,24.2
402300,25.0
402360,24.8
402420,26.2
402480,24.6
402540,24.8
402600,23.4
402660,24.4
402720,25.0
402780,25.8
402840,25.2
402900,24.6
402960,26.0
403020,24.6
403080,24.4
403140,26.2
403200,24.6
403260,26.4
403320,24.2
403380,25.2
403440,26.4
403500,24.8
403560,24.4
403620,25.0
403680,23.8
403740,23.8
403800,24.0
403860,22.0
403920,23.2
403980,24.6
404040,23.8
404100,25.6
404160,24.8
404220,25.4
404280,23.0
404340,25.4
404400,24.6
404460,24.2
404520,24.2
404580,23.8
404640,26.8
404700,25.4
404760,24.4
404820,27.2
404880,24.2
404940,24.0
405000,24.8
405060,25.4
405120,24.6
405180,25.2
405240,25.0
405300,24.2
405360,24.8
405420,24.6
405480,24.8
405540,25.6
405600,25.2
405660,24.4
405720,24.0
405780,24.0
405840,24.8
405900,25.8
405960,24.8
406020,22.6
406080,26.2
406140,24.8
406200,25.2
406260,25.6
406320,26.6
406380,25.6
406440,24.2
406500,24.2
406560,24.4
406620,24.2
406680,23.8
406740,25.2
406800,25.6
406860,24.8
406920,23.8
406980,23.8
407040,25.0
407100,26.0
407160,25.4
407220,24.6
407280,24.6
407340,26.0
407400,23.4
407460,25.0
407520,22.6
407580,25.8
407640,24.2
407700,24.6
407760,25.0
407820,25.4
407880,25.0
407940,25.0
408000,26.2
408060,26.2
408120,24.8
408180,24.4
408240,26.0
408300,25.6
408360,24.0
408420,25.0
408480,24.0
408540,24.8
408600,24.4
408660,24.8
408720,24.8
408780,24.6
408840,25.6
408900,23.2
408960,24.2
409020,26.2
409080,25.2
409140,23.8
409200,26.2
409260,24.8
409320,24.6
409380,24.2
409440,23.2
409500,24.4
409560,23.8
409620,24.8
409680,26.0
409740,24.0
409800,25.8
409860,25.4
409920,24.2
409980,23.0
410040,22.8
410100,24.2
410160,23.0
410220,25.6
410280,23.8
410340,25.0
410400,24.4
410460,23.4
410520,25.0
410580,25.6
410640,23.6
410700,25.8
410760,26.2
410820,24.4
410880,25.8
410940,24.0
411000,24.2
411060,23.2
411120,25.0
411180,25.6
411240,23.4
411300,24.6
411360,25.0
411420,23.8
411480,25.0
411540,26.0
411600,25.2
411660,24.6
411720,24.8
411780,26.0
411840,26.2
411900,25.6
411960,25.8
412020,24.6
412080,25.0
412140,26.2
412200,26.4
412260,25.2
412320,25.6
412380,24.8
412440,25.2
412500,25.0
412560,27.0
412620,24.6
412680,25.2
412740,24.6
412800,26.6
412860,25.4
412920,25.4
412980,25.4
413040,25.8
413100,25.4
413160,23.2
413220,25.2
413280,25.2
413340,26.0
413400,24.0
413460,24.8
413520,24.6
413580,25.0
413640,25.6
413700,26.8
413760,23.6
413820,25.4
413880,24.2
413940,26.4
414000,24.6
414060,25.6
414120,25.6
414180,26.2
414240,24.0
414300,24.8
414360,24.6
414420,25.2
414480,26.0
414540,24.6
414600,24.2
414660,24.0
414720,26.4
414780,26.0
414840,24.6
414900,24.2
414960,24.0
415020,24.0
415080,24.6
415140,24.8
415200,24.6
415260,23.8
415320,25.6
415380,24.4
415440,25.0
415500,25.6
415560,24.2
415620,26.2
415680,24.4
415740,25.2
415800,25.8
415860,25.2
415920,25.0
415980,25.4
416040,24.6
416100,24.8
416160,24.4
416220,25.4
416280,24.6
416340,24.0
416400,24.4
416460,26.2
416520,25.6
416580,25.8
416640,25.2
416700,24.0
416760,25.6
416820,26.0
416880,23.8
416940,23.6
417000,25.4
417060,24.6
417120,25.6
417180,25.0
417240,25.2
417300,24.8
417360,24.8
417420,23.6
417480,25.0
417540,24.0
417600,24.6
417660,25.4
417720,25.6
417780,25.0
417840,22.4
417900,25.2
417960,24.2
418020,25.4
418080,24.8
418140,26.0
418200,23.8
418260,24.2
418320,25.6
418380,25.6
418440,25.4
418500,23.2
418560,23.6
418620,24.4
418680,25.4
418740,25.8
418800,24.0
418860,23.8
418920,26.2
418980,23.8
419040,24.0
419100,24.6
419160,23.8
419220,25.8
419280,24.4
419340,24.0
419400,24.0
419460,24.8
419520,25.8
419580,24.0
419640,27.0
419700,24.6
419760,25.4
419820,25.2
419880,25.0
419940,24.6
420000,24.8
420060,25.2
420120,25.8
420180,24.8
420240,25.8
420300,28.0
420360,23.8
420420,25.6
420480,25.4
420540,26.6
420600,26.6
420660,26.4
420720,24.8
420780,24.8
420840,24.8
420900,24.8
420960,26.2
421020,26.0
421080,25.2
421140,25.2
421200,25.8
421260,26.4
421320,24.4
421380,24.6
421440,25.6
421500,27.0
421560,25.2
421620,24.6
421680,25.2
421740,26.2
421800,26.0
421860,25.8
421920,25.6
421980,25.4
422040,24.4
422100,26.0
422160,27.2
422220,25.4
422280,24.8
422340,26.4
422400,25.4
422460,25.8
422520,25.4
422580,22.6
422640,24.6
422700,24.8
422760,25.2
422820,25.4
422880,25.6
422940,25.8
423000,25.2
423060,26.4
423120,24.0
423180,25.8
423240,23.8
423300,24.8
423360,25.2
423420,25.6
423480,25.8
423540,26.0
423600,23.8
423660,26.0
423720,26.8
423780,26.0
423840,26.0
423900,23.4
423960,24.4
424020,25.8
424080,25.6
424140,26.0
424200,26.4
424260,26.2
424320,25.4
424380,25.6
424440,25.4
424500,25.8
424560,26.2
424620,25.0
424680,24.8
424740,24.8
424800,25.4
424860,24.6
424920,25.4
424980,23.4
425040,24.8
425100,25.6
425160,24.4
425220,25.0
425280,25.4
425340,26.2
425400,26.6
425460,25.6
425520,24.6
425580,26.4
425640,26.0
425700,23.8
425760,26.6
425820,24.6
425880,25.8
425940,25.2
426000,25.8
426060,25.0
426120,25.8
426180,25.8
426240,26.2
426300,26.6
426360,25.4
426420,25.0
426480,25.2
426540,26.2
426600,26.0
426660,26.4
426720,26.4
426780,25.0
426840,24.8
426900,24.6
426960,25.6
427020,25.4
427080,26.6
427140,24.4
427200,25.6
427260,25.2
427320,24.6
427380,26.6
427440,24.8
427500,25.2
427560,24.8
427620,26.0
427680,25.0
427740,24.6
427800,25.2
427860,25.6
427920,25.8
427980,25.4
428040,24.4
428100,26.4
428160,25.4
428220,25.2
428280,25.8
428340,27.0
428400,25.2
428460,23.8
428520,25.4
428580,25.2
428640,25.6
428700,25.6
428760,24.6
428820,25.0
428880,25.2
428940,25.4
429000,25.4
429060,24.8
429120,24.6
429180,24.6
429240,25.0
429300,24.6
429360,24.4
429420,24.4
429480,25.6
429540,26.0
429600,25.0
429660,24.4
429720,25.4
429780,25.0
429840,25.8
429900,23.8
429960,26.4
430020,25.8
430080,24.0
430140,26.2
430200,25.8
430260,24.4
430320,24.8
430380,25.8
430440,26.4
430500,24.6
430560,24.2
430620,25.6
430680,25.6
430740,23.8
430800,25.2
430860,25.8
430920,22.4
430980,24.0
431040,24.4
431100,25.6
431160,25.0
431220,25.8
431280,24.6
431340,24.8
431400,23.8
431460,24.6
431520,24.2
431580,25.0
431640,24.4
431700,24.4
431760,25.4
431820,24.8
431880,25.4
431940,23.4
432000,24.2
432060,25.2
432120,23.8
432180,25.2
432240,25.6
432300,23.6
432360,26.4
432420,25.6
432480,26.0
432540,24.4
432600,24.0
432660,24.2
432720,25.0
432780,24.2
432840,25.0
432900,24.4
432960,25.0
433020,25.2
433080,25.4
433140,24.4
433200,27.0
433260,25.8
433320,26.4
433380,23.4
433440,24.0
433500,23.2
433560,24.0
433620,25.0
433680,23.8
433740,25.6
433800,24.4
433860,25.4
433920,24.2
433980,24.2
434040,25.0
434100,23.4
434160,24.2
434220,24.2
434280,24.6
434340,22.8
434400,25.2
434460,26.6
434520,24.2
434580,24.8
434640,25.0
434700,25.8
434760,25.4
434820,24.8
434880,25.2
434940,24.6
435000,24.4
435060,26.0
435120,25.6
435180,24.4
435240,24.0
435300,24.6
435360,23.8
435420,24.2
435480,27.2
435540,25.0
435600,23.4
435660,24.6
435720,24.6
435780,24.2
435840,26.2
435900,25.4
435960,25.4
436020,25.6
436080,25.2
436140,25.4
436200,25.6
436260,24.8
436320,25.0
436380,26.0
436440,25.4
436500,25.0
436560,25.2
436620,25.8
436680,27.0
436740,24.8
436800,26.2
436860,24.2
436920,24.6
436980,23.6
437040,26.8
437100,25.8
437160,24.4
437220,23.4
437280,24.8
437340,26.2
437400,25.4
437460,25.2
437520,25.8
437580,26.4
437640,26.6
437700,24.4
437760,23.0
437820,26.0
437880,25.6
437940,25.2
438000,25.0
438060,24.2
438120,26.6
438180,26.0
438240,26.4
438300,25.4
438360,25.2
438420,23.6
438480,25.2
438540,24.6
438600,24.2
438660,24.0
438720,25.8
438780,24.2
438840,25.4
438900,24.4
438960,23.4
439020,24.4
439080,23.2
439140,24.2
439200,24.8
439260,25.6
439320,24.2
439380,24.4
439440,22.8
439500,23.2
439560,24.4
439620,24.6
439680,26.4
439740,23.8
439800,23.8
439860,24.0
439920,25.4
439980,25.4
440040,24.4
440100,23.6
440160,24.4
440220,25.0
440280,24.0
440340,25.0
440400,24.6
440460,24.2
440520,25.2
440580,22.6
440640,24.6
440700,24.0
440760,24.0
440820,24.6
440880,24.0
440940,24.6
441000,24.2
441060,25.0
441120,25.0
441180,24.6
441240,24.6
441300,25.0
441360,24.2
441420,24.6
441480,24.6
441540,25.8
441600,24.8
441660,23.6
441720,24.4
441780,25.4
441840,25.0
441900,24.6
441960,24.8
442020,26.2
442080,24.8
442140,24.0
442200,26.2
442260,24.6
442320,25.4
442380,24.6
442440,25.0
442500,25.2
442560,25.2
442620,25.0
442680,26.8
442740,25.4
442800,25.6
442860,25.2
442920,26.6
442980,24.0
443040,24.6
443100,22.8
443160,23.8
443220,24.0
443280,26.0
443340,24.4
443400,23.8
443460,26.2
443520,26.4
443580,25.0
443640,24.8
443700,24.2
443760,23.4
443820,24.2
443880,25.6
443940,25.8
444000,25.2
444060,24.8
444120,24.4
444180,24.8
444240,24.4
444300,24.8
444360,26.8
444420,25.2
444480,25.2
444540,25.6
444600,26.4
444660,25.8
444720,23.2
444780,25.4
444840,26.2
444900,24.4
444960,25.6
445020,27.2
445080,23.8
445140,24.2
445200,24.8
445260,26.2
445320,25.2
445380,25.4
445440,26.0
445500,23.6
445560,23.4
445620,26.0
445680,25.0
445740,24.8
445800,25.2
445860,25.6
445920,24.2
445980,24.2
446040,24.2
446100,24.2
446160,26.4
446220,25.4
446280,24.8
446340,26.6
446400,25.4
446460,25.2
446520,25.4
446580,25.6
446640,26.4
446700,26.2
446760,24.6
446820,23.4
446880,25.8
446940,23.8
447000,25.6
447060,25.0
447120,24.0
447180,24.8
447240,26.2
447300,25.8
447360,25.4
447420,23.0
447480,24.6
447540,25.6
447600,26.6
447660,25.0
447720,25.2
447780,26.8
447840,24.8
447900,25.2
447960,23.4
448020,25.0
448080,24.8
448140,25.4
448200,24.2
448260,23.2
448320,24.4
448380,25.6
448440,24.4
448500,24.0
448560,25.6
448620,24.2
448680,24.6
448740,23.0
448800,23.4
448860,23.4
448920,25.8
448980,25.0
449040,25.2
449100,25.8
449160,25.2
449220,25.2
449280,24.0
449340,22.8
449400,24.6
449460,24.6
449520,25.8
449580,25.4
449640,24.4
449700,23.6
449760,24.2
449820,25.4
449880,23.4
449940,24.0
450000,23.8
450060,23.8
450120,25.8
450180,23.8
450240,24.6
450300,25.4
450360,24.2
450420,24.0
450480,24.4
450540,24.2
450600,24.0
450660,25.0
450720,24.4
450780,24.0
450840,25.0
450900,25.6
450960,23.4
451020,24.2
451080,26.2
451140,24.8
451200,24.4
451260,25.2
451320,24.2
451380,25.6
451440,23.8
451500,25.0
451560,24.6
451620,23.8
451680,24.8
451740,23.8
451800,23.4
451860,24.6
451920,25.2
451980,24.8
452040,24.6
452100,24.8
452160,23.6
452220,25.0
452280,25.0
452340,24.6
452400,26.4
452460,26.0
452520,23.4
452580,25.2
452640,26.2
452700,23.2
452760,23.2
452820,23.4
452880,25.8
452940,24.0
453000,23.8
453060,23.8
453120,23.2
453180,24.2
453240,25.2
453300,26.4
453360,24.6
453420,24.8
453480,25.6
453540,23.4
453600,22.2
453660,23.6
453720,23.6
453780,24.2
453840,24.4
453900,23.6
453960,25.0
454020,25.4
454080,24.0
454140,24.8
454200,23.6
454260,24.4
454320,24.2
454380,23.2
454440,23.2
454500,24.8
454560,22.6
454620,23.4
454680,24.8
454740,22.2
454800,24.6
454860,24.4
454920,23.0
454980,24.6
455040,25.6
455100,23.8
455160,23.2
455220,23.6
455280,23.4
455340,23.4
455400,23.6
455460,23.4
455520,23.6
455580,23.8
455640,24.0
455700,24.4
455760,23.8
455820,24.4
455880,24.6
455940,25.0
456000,23.0
456060,23.0
456120,23.2
456180,24.6
456240,24.4
456300,23.2
456360,24.6
456420,25.6
456480,25.8
456540,24.0
456600,25.0
456660,25.0
456720,24.2
456780,24.2
456840,24.6
456900,23.8
456960,24.0
457020,24.2
457080,24.2
457140,25.8
457200,25.4
457260,24.0
457320,24.8
457380,24.8
457440,24.6
457500,25.2
457560,24.6
457620,23.8
457680,24.4
457740,23.6
457800,24.4
457860,24.0
457920,24.0
457980,23.2
458040,25.4
458100,24.6
458160,23.8
458220,25.8
458280,24.6
458340,24.4
458400,23.6
458460,24.0
458520,24.8
458580,24.8
458640,24.6
458700,25.4
458760,24.8
458820,24.8
458880,23.8
458940,25.2
459000,25.4
459060,24.8
459120,24.2
459180,23.8
459240,25.6
459300,24.4
459360,26.2
459420,25.8
459480,26.4
459540,25.0
459600,22.6
459660,24.2
459720,24.6
459780,25.2
459840,24.4
459900,23.4
459960,25.8
460020,26.0
460080,24.0
460140,23.8
460200,23.6
460260,25.6
460320,25.8
460380,24.8
460440,25.2
460500,24.6
460560,23.8
460620,23.8
460680,23.6
460740,24.8
460800,25.4
460860,24.0
460920,25.6
460980,25.6
461040,25.4
461100,25.4
461160,25.2
461220,24.6
461280,24.4
461340,23.4
461400,24.8
461460,25.4
461520,24.8
461580,24.0
461640,24.8
461700,25.2
461760,24.2
461820,25.4
461880,25.2
461940,25.2
462000,25.4
462060,25.4
462120,25.8
462180,25.8
462240,25.0
462300,25.2
462360,24.2
462420,24.4
462480,25.0
462540,24.6
462600,26.0
462660,26.0
462720,24.8
462780,25.0
462840,24.0
462900,25.4
462960,25.4
463020,25.4
463080,24.2
463140,25.2
463200,26.4
463260,24.4
463320,24.2
463380,23.6
463440,24.0
463500,24.8
463560,24.8
463620,25.8
463680,25.4
463740,25.4
463800,24.8
463860,26.4
463920,25.2
463980,25.4
464040,25.4
464100,24.4
464160,23.8
464220,25.6
464280,24.4
464340,25.2
464400,22.6
464460,23.6
464520,25.6
464580,23.2
464640,24.2
464700,24.6
464760,26.0
464820,25.6
464880,25.4
464940,23.8
465000,23.6
465060,25.0
465120,24.0
465180,25.4
465240,25.0
465300,26.6
465360,25.2
465420,25.0
465480,26.0
465540,24.2
465600,24.0
465660,25.4
465720,24.8
465780,24.6
465840,24.0
465900,25.8
465960,24.4
466020,24.8
466080,24.8
466140,24.8
466200,25.0
466260,24.0
466320,25.8
466380,25.8
466440,24.6
466500,26.0
466560,24.4
466620,24.4
466680,25.6
466740,24.2
466800,24.6
466860,24.6
466920,25.6
466980,24.6
467040,23.8
467100,24.2
467160,24.4
467220,25.2
467280,24.2
467340,25.6
467400,25.0
467460,26.2
467520,25.4
467580,25.2
467640,23.6
467700,24.8
467760,25.2
467820,25.4
467880,24.6
467940,26.4
468000,26.6
468060,24.6
468120,24.4
468180,23.4
468240,25.4
468300,25.2
468360,24.0
468420,25.6
468480,24.6
468540,26.4
468600,26.0
468660,24.2
468720,26.6
468780,24.2
468840,26.0
468900,24.4
468960,24.4
469020,25.0
469080,25.2
469140,25.6
469200,25.0
469260,24.4
469320,25.6
469380,24.4
469440,25.6
469500,23.8
469560,24.6
469620,24.4
469680,24.2
469740,24.4
469800,23.0
469860,24.4
469920,26.8
469980,24.8
470040,24.2
470100,25.0
470160,25.4
470220,25.4
470280,25.2
470340,23.8
470400,23.4
470460,23.0
470520,25.2
470580,24.8
470640,24.6
470700,25.8
470760,26.2
470820,24.8
470880,24.2
470940,25.0
471000,25.0
471060,26.4
471120,25.2
471180,23.2
471240,24.6
471300,24.4
471360,25.4
471420,24.8
471480,25.0
471540,24.8
471600,24.4
471660,25.6
471720,24.8
471780,25.4
471840,25.8
471900,24.8
471960,22.8
472020,25.0
472080,26.6
472140,23.4
472200,26.0
472260,27.6
472320,24.6
472380,26.0
472440,26.6
472500,26.6
472560,25.0
472620,23.6
472680,25.2
472740,24.6
472800,24.6
472860,26.4
472920,24.8
472980,24.6
473040,25.0
473100,26.2
473160,25.6
473220,26.8
473280,25.8
473340,26.0
473400,25.4
473460,26.6
473520,24.2
473580,26.2
473640,27.0
473700,24.6
473760,25.4
473820,26.2
473880,24.0
473940,25.4
474000,25.8
474060,25.6
474120,26.0
474180,25.8
474240,24.2
474300,23.8
474360,27.2
474420,24.6
474480,24.6
474540,24.2
474600,23.6
474660,23.8
474720,25.4
474780,26.0
474840,24.4
474900,24.2
474960,23.8
475020,25.2
475080,25.8
475140,26.6
475200,24.6
475260,25.4
475320,25.8
475380,25.8
475440,25.6
475500,25.6
475560,26.2
475620,24.8
475680,25.0
475740,24.0
475800,24.2
475860,26.8
475920,25.4
475980,26.8
476040,25.6
476100,24.0
476160,24.0
476220,25.0
476280,25.6
476340,25.0
476400,23.6
476460,24.4
476520,25.6
476580,25.2
476640,24.6
476700,26.4
476760,24.8
476820,25.6
476880,25.4
476940,25.6
477000,25.4
477060,25.0
477120,26.4
477180,24.8
477240,26.2
477300,26.8
477360,25.6
477420,25.2
477480,25.2
477540,25.0
477600,24.8
477660,25.4
477720,25.2
477780,24.0
477840,26.2
477900,25.4
477960,28.2
478020,24.6
478080,25.4
478140,24.8
478200,24.6
478260,26.4
478320,23.4
478380,25.2
478440,24.8
478500,24.2
478560,25.4
478620,26.2
478680,24.8
478740,24.6
478800,26.2
478860,25.4
478920,25.2
478980,25.4
479040,25.4
479100,24.2
479160,24.6
479220,24.4
479280,25.6
479340,23.4
479400,25.4
479460,25.4
479520,24.8
479580,24.4
479640,25.8
479700,25.4
479760,25.0
479820,24.8
479880,24.8
479940,23.6
480000,26.0
480060,26.2
480120,24.0
480180,25.8
480240,24.6
480300,24.4
480360,25.4
480420,24.6
480480,26.0
480540,26.0
480600,24.8
480660,23.6
480720,25.6
480780,26.4
480840,24.4
480900,25.4
480960,25.0
481020,25.2
481080,24.6
481140,25.0
481200,24.2
481260,26.0
481320,25.0
481380,25.2
481440,23.6
481500,25.6
481560,24.8
481620,25.0
481680,24.6
481740,24.0
481800,25.4
481860,26.4
481920,25.0
481980,23.8
482040,23.4
482100,24.6
482160,24.6
482220,26.6
482280,25.2
482340,24.2
482400,25.6
482460,25.2
482520,26.0
482580,25.2
482640,25.4
482700,27.4
482760,25.8
482820,25.8
482880,24.6
482940,22.8
483000,25.0
483060,24.0
483120,25.8
483180,26.8
483240,23.8
483300,25.2
483360,25.0
483420,25.0
483480,25.8
483540,24.8
483600,25.0
483660,23.4
483720,25.8
483780,24.2
483840,24.8
483900,24.8
483960,25.2
484020,25.4
484080,25.4
484140,25.0
484200,24.0
484260,24.2
484320,23.8
484380,24.6
484440,24.6
484500,24.6
484560,25.4
484620,24.6
484680,24.8
484740,25.8
484800,24.4
484860,26.2
484920,25.4
484980,24.0
485040,24.4
485100,25.4
485160,25.6
485220,25.8
485280,25.4
485340,23.8
485400,25.6
485460,24.4
485520,25.6
485580,25.2
485640,25.0
485700,24.8
485760,24.4
485820,24.8
485880,22.0
485940,25.8
486000,25.4
486060,25.0
486120,26.4
486180,24.8
486240,24.6
486300,24.0
486360,24.4
486420,25.0
486480,24.4
486540,25.6
486600,24.2
486660,24.2
486720,25.8
486780,27.2
486840,25.0
486900,24.4
486960,25.4
487020,25.8
487080,25.0
487140,26.2
487200,25.2
487260,25.8
487320,24.4
487380,24.8
487440,25.2
487500,23.6
487560,25.8
487620,24.4
487680,25.4
487740,24.6
487800,25.4
487860,25.6
487920,25.2
487980,25.8
488040,26.6
488100,24.8
488160,25.8
488220,25.6
488280,26.6
488340,24.6
488400,26.2
488460,25.2
488520,25.8
488580,25.8
488640,26.0
488700,25.4
488760,24.2
488820,25.6
488880,25.0
488940,25.0
489000,25.4
489060,24.0
489120,24.8
489180,25.6
489240,25.2
489300,26.8
489360,26.0
489420,24.6
489480,25.4
489540,25.2
489600,23.4
489660,25.6
489720,25.0
489780,26.2
489840,26.8
489900,26.0
489960,25.2
490020,24.4
490080,25.0
490140,25.4
490200,25.6
490260,24.4
490320,26.0
490380,24.0
490440,23.4
490500,26.0
490560,24.4
490620,25.6
490680,26.8
490740,23.4
490800,24.4
490860,25.2
490920,26.0
490980,26.0
491040,24.2
491100,25.8
491160,24.8
491220,23.4
491280,23.6
491340,25.0
491400,25.0
491460,24.8
491520,25.8
491580,25.6
491640,25.2
491700,25.0
491760,25.2
491820,26.2
491880,24.8
491940,25.0
492000,25.6
492060,24.0
492120,25.4
492180,26.8
492240,25.2
492300,25.8
492360,25.0
492420,26.6
492480,26.0
492540,25.0
492600,25.2
492660,25.0
492720,25.8
492780,26.4
492840,25.0
492900,25.6
492960,25.4
493020,24.2
493080,24.8
493140,24.2
493200,26.6
493260,23.8
493320,23.6
493380,24.8
493440,25.6
493500,23.2
493560,24.4
493620,24.8
493680,24.4
493740,25.4
493800,26.0
493860,24.6
493920,24.0
493980,25.0
494040,24.2
494100,25.0
494160,25.4
494220,24.6
494280,25.6
494340,26.4
494400,24.2
494460,25.4
494520,24.8
494580,25.4
494640,25.0
494700,26.2
494760,24.2
494820,23.6
494880,24.2
494940,23.0
495000,24.2
495060,24.8
495120,24.0
495180,25.4
495240,25.4
495300,25.2
495360,25.4
495420,25.2
495480,24.4
495540,24.0
495600,24.0
495660,23.0
495720,25.8
495780,23.4
495840,24.6
495900,24.2
495960,24.4
496020,23.4
496080,26.4
496140,24.2
496200,24.2
496260,24.4
496320,26.8
496380,24.4
496440,25.6
496500,25.6
496560,25.4
496620,24.4
496680,22.8
496740,27.0
496800,25.6
496860,25.4
496920,24.6
496980,22.8
497040,26.0
497100,23.8
497160,26.2
497220,26.4
497280,25.8
497340,25.0
497400,24.8
497460,24.4
497520,23.6
497580,26.0
497640,26.0
497700,25.0
497760,24.2
497820,25.4
497880,25.0
497940,23.8
498000,25.0
498060,23.8
498120,25.2
498180,25.8
498240,25.0
498300,24.4
498360,24.4
498420,25.4
498480,25.2
498540,25.2
498600,24.4
498660,23.8
498720,25.0
498780,25.6
498840,24.6
498900,25.0
498960,24.6
499020,26.0
499080,24.2
499140,24.2
499200,24.8
499260,25.4
499320,25.8
499380,24.6
499440,25.8
499500,26.2
499560,26.6
499620,24.2
499680,25.6
499740,25.6
499800,25.2
499860,27.2
499920,23.6
499980,27.2
500040,26.6
500100,25.2
500160,26.4
500220,26.6
500280,25.2
