#Steps,score
60,1.0
120,1.2
180,1.6
240,1.0
300,0.2
360,0.8
420,1.0
480,0.6
540,1.2
600,1.2
660,0.8
720,1.6
780,1.2
840,1.2
900,0.4
960,1.4
1020,1.4
1080,1.4
1140,0.6
1200,1.2
1260,0.6
1320,1.0
1380,0.6
1440,0.4
1500,1.4
1560,0.4
1620,1.0
1680,2.2
1740,1.0
1800,0.8
1860,1.2
1920,0.4
1980,1.0
2040,1.6
2100,0.6
2160,1.2
2220,1.2
2280,0.8
2340,1.8
2400,1.2
2460,0.8
2520,1.2
2580,1.4
2640,0.8
2700,1.0
2760,1.8
2820,2.0
2880,0.8
2940,1.6
3000,2.2
3060,1.8
3120,1.4
3180,0.8
3240,1.6
3300,0.8
3360,1.2
3420,0.4
3480,0.8
3540,1.6
3600,1.6
3660,0.8
3720,1.0
3780,1.6
3840,2.6
3900,0.8
3960,1.2
4020,0.6
4080,2.6
4140,1.2
4200,1.2
4260,2.0
4320,1.2
4380,1.0
4440,0.4
4500,1.2
4560,0.6
4620,1.2
4680,1.6
4740,0.4
4800,1.0
4860,1.0
4920,1.2
4980,1.4
5040,0.8
5100,1.4
5160,2.2
5220,1.2
5280,1.8
5340,1.8
5400,1.2
5460,1.8
5520,1.0
5580,1.2
5640,1.2
5700,1.2
5760,0.8
5820,1.4
5880,1.0
5940,1.0
6000,0.6
6060,1.4
6120,0.8
6180,0.6
6240,1.4
6300,0.8
6360,1.4
6420,1.6
6480,1.2
6540,0.4
6600,0.8
6660,1.8
6720,1.2
6780,0.8
6840,1.6
6900,1.4
6960,0.8
7020,2.0
7080,1.8
7140,1.2
7200,1.2
7260,0.8
7320,0.8
7380,1.8
7440,1.6
7500,1.4
7560,0.4
7620,1.0
7680,0.8
7740,1.4
7800,0.8
7860,1.4
7920,1.0
7980,1.8
8040,1.0
8100,1.2
8160,0.8
8220,0.8
8280,1.4
8340,0.8
8400,1.2
8460,1.8
8520,1.2
8580,1.2
8640,1.8
8700,1.6
8760,1.6
8820,1.2
8880,1.8
8940,0.4
9000,1.0
9060,1.6
9120,1.6
9180,1.0
9240,1.2
9300,1.2
9360,1.8
9420,1.2
9480,1.6
9540,1.2
9600,1.8
9660,1.2
9720,0.8
9780,1.2
9840,2.2
9900,1.8
9960,1.6
10020,1.4
10080,1.0
10140,1.2
10200,0.8
10260,1.0
10320,1.8
10380,0.8
10440,1.8
10500,1.0
10560,2.0
10620,0.4
10680,1.2
10740,2.0
10800,0.8
10860,1.6
10920,1.8
10980,1.6
11040,1.6
11100,1.8
11160,1.0
11220,1.6
11280,1.0
11340,1.4
11400,1.2
11460,0.6
11520,1.0
11580,0.4
11640,1.0
11700,1.4
11760,1.6
11820,1.0
11880,0.8
11940,1.0
12000,0.6
12060,1.8
12120,1.2
12180,1.2
12240,1.4
12300,1.8
12360,1.6
12420,1.8
12480,2.0
12540,0.6
12600,2.2
12660,1.2
12720,0.8
12780,0.8
12840,1.2
12900,1.2
12960,1.4
13020,1.2
13080,2.4
13140,1.2
13200,1.4
13260,2.0
13320,1.4
13380,1.6
13440,2.0
13500,1.4
13560,2.2
13620,1.2
13680,1.6
13740,1.6
13800,0.8
13860,2.4
13920,0.8
13980,1.6
14040,1.8
14100,2.0
14160,2.4
14220,0.8
14280,2.6
14340,1.6
14400,2.2
14460,0.6
14520,1.4
14580,1.2
14640,1.4
14700,1.6
14760,2.4
14820,0.6
14880,1.6
14940,1.8
15000,1.4
15060,2.0
15120,1.8
15180,1.2
15240,1.8
15300,1.8
15360,1.0
15420,1.4
15480,1.4
15540,1.4
15600,1.4
15660,0.6
15720,1.2
15780,0.4
15840,0.6
15900,2.2
15960,1.6
16020,1.2
16080,1.6
16140,1.2
16200,1.6
16260,2.2
16320,1.6
16380,0.8
16440,2.0
16500,0.8
16560,0.6
16620,1.6
16680,1.6
16740,0.8
16800,1.0
16860,2.2
16920,1.8
16980,1.0
17040,2.2
17100,1.4
17160,0.6
17220,1.4
17280,0.4
17340,1.4
17400,1.4
17460,1.0
17520,1.2
17580,1.6
17640,1.2
17700,2.6
17760,2.0
17820,2.6
17880,1.0
17940,1.6
18000,1.4
18060,2.4
18120,0.2
18180,1.6
18240,1.2
18300,2.4
18360,1.0
18420,0.8
18480,1.0
18540,1.0
18600,1.8
18660,1.2
18720,1.4
18780,1.6
18840,0.6
18900,1.8
18960,1.4
19020,1.6
19080,1.2
19140,2.0
19200,2.2
19260,1.2
19320,1.6
19380,2.2
19440,1.6
19500,1.8
19560,1.8
19620,1.2
19680,0.6
19740,0.8
19800,0.4
19860,1.8
19920,1.8
19980,1.2
20040,2.2
20100,0.8
20160,1.8
20220,1.2
20280,1.2
20340,0.8
20400,1.4
20460,2.2
20520,1.2
20580,2.0
20640,2.0
20700,1.4
20760,0.6
20820,1.4
20880,1.0
20940,1.8
21000,1.4
21060,1.2
21120,1.2
21180,0.4
21240,2.8
21300,1.8
21360,2.2
21420,1.6
21480,1.6
21540,1.6
21600,1.8
21660,1.6
21720,0.8
21780,3.0
21840,1.0
21900,1.2
21960,0.8
22020,2.8
22080,1.2
22140,1.6
22200,1.0
22260,2.0
22320,1.8
22380,1.6
22440,2.0
22500,1.2
22560,2.0
22620,1.4
22680,1.2
22740,2.0
22800,1.4
22860,0.8
22920,2.6
22980,0.4
23040,1.8
23100,2.0
23160,1.2
23220,1.4
23280,1.4
23340,1.6
23400,2.2
23460,0.8
23520,1.8
23580,2.4
23640,1.4
23700,0.8
23760,0.6
23820,1.0
23880,1.2
23940,1.4
24000,1.8
24060,2.0
24120,1.0
24180,0.8
24240,1.4
24300,0.8
24360,2.0
24420,2.4
24480,1.6
24540,1.4
24600,1.6
24660,0.8
24720,2.6
24780,2.0
24840,1.4
24900,2.6
24960,0.8
25020,3.0
25080,0.8
25140,1.6
25200,1.2
25260,1.0
25320,1.0
25380,1.0
25440,1.4
25500,2.4
25560,1.4
25620,1.4
25680,2.0
25740,1.8
25800,1.4
25860,2.2
25920,1.0
25980,1.6
26040,1.6
26100,0.8
26160,2.2
26220,0.8
26280,1.0
26340,0.8
26400,2.2
26460,2.2
26520,1.8
26580,2.2
26640,1.8
26700,1.6
26760,1.2
26820,1.0
26880,0.8
26940,1.2
27000,1.6
27060,2.0
27120,2.0
27180,1.2
27240,1.2
27300,1.2
27360,2.4
27420,0.8
27480,1.0
27540,1.6
27600,1.8
27660,1.0
27720,1.8
27780,1.8
27840,1.2
27900,1.4
27960,1.8
28020,3.4
28080,1.4
28140,2.0
28200,1.4
28260,1.4
28320,2.6
28380,0.4
28440,2.2
28500,1.6
28560,0.8
28620,1.0
28680,1.0
28740,1.4
28800,2.2
28860,0.6
28920,2.4
28980,2.4
29040,1.2
29100,1.2
29160,0.8
29220,1.6
29280,1.4
29340,1.6
29400,1.6
29460,1.2
29520,1.0
29580,2.0
29640,1.2
29700,1.0
29760,0.8
29820,2.0
29880,1.6
29940,1.4
30000,0.6
30060,1.0
30120,1.4
30180,2.0
30240,1.0
30300,1.8
30360,1.4
30420,1.0
30480,0.8
30540,0.8
30600,1.8
30660,0.8
30720,1.6
30780,2.2
30840,1.8
30900,2.4
30960,1.0
31020,1.8
31080,1.6
31140,2.6
31200,1.6
31260,2.6
31320,1.6
31380,2.0
31440,1.0
31500,2.2
31560,1.2
31620,1.8
31680,0.8
31740,1.6
31800,2.0
31860,0.6
31920,1.8
31980,1.8
32040,1.0
32100,1.8
32160,0.6
32220,1.8
32280,1.0
32340,0.8
32400,2.0
32460,1.8
32520,0.8
32580,1.6
32640,1.4
32700,1.2
32760,1.4
32820,1.0
32880,2.0
32940,0.4
33000,0.8
33060,2.0
33120,2.4
33180,1.6
33240,2.2
33300,2.0
33360,1.2
33420,1.2
33480,1.6
33540,1.2
33600,1.6
33660,2.0
33720,0.6
33780,1.8
33840,1.0
33900,1.6
33960,2.4
34020,2.2
34080,1.6
34140,1.0
34200,1.4
34260,1.4
34320,1.2
34380,2.0
34440,1.2
34500,2.4
34560,1.2
34620,1.8
34680,1.8
34740,1.8
34800,0.8
34860,1.4
34920,1.2
34980,1.0
35040,1.6
35100,1.6
35160,1.6
35220,1.0
35280,1.2
35340,2.2
35400,1.6
35460,1.0
35520,2.6
35580,1.8
35640,2.0
35700,1.6
35760,2.0
35820,1.4
35880,1.4
35940,1.6
36000,1.4
36060,2.0
36120,1.2
36180,2.4
36240,1.4
36300,2.0
36360,1.8
36420,1.4
36480,0.6
36540,1.0
36600,1.4
36660,0.8
36720,2.0
36780,1.8
36840,1.4
36900,1.8
36960,1.8
37020,1.6
37080,0.8
37140,2.0
37200,2.0
37260,2.8
37320,2.6
37380,1.2
37440,1.8
37500,1.6
37560,1.8
37620,1.2
37680,2.0
37740,1.2
37800,1.2
37860,1.6
37920,1.0
37980,1.2
38040,1.2
38100,1.2
38160,2.0
38220,2.2
38280,0.8
38340,2.0
38400,1.8
38460,1.8
38520,1.4
38580,2.2
38640,2.2
38700,2.0
38760,0.8
38820,0.6
38880,1.8
38940,1.4
39000,1.6
39060,2.2
39120,2.0
39180,2.2
39240,2.4
39300,2.2
39360,1.8
39420,1.6
39480,1.6
39540,2.2
39600,2.6
39660,2.8
39720,2.8
39780,2.0
39840,3.0
39900,0.8
39960,1.2
40020,1.6
40080,2.0
40140,2.0
40200,2.4
40260,1.8
40320,2.4
40380,1.8
40440,1.8
40500,2.2
40560,1.6
40620,2.2
40680,1.8
40740,2.4
40800,2.0
40860,3.2
40920,2.6
40980,2.2
41040,3.2
41100,2.6
41160,2.4
41220,3.6
41280,3.4
41340,2.0
41400,2.6
41460,2.4
41520,2.6
41580,2.8
41640,2.6
41700,3.0
41760,3.4
41820,3.6
41880,3.2
41940,3.4
42000,4.6
42060,3.8
42120,4.2
42180,5.0
42240,4.2
42300,5.4
42360,5.6
42420,6.2
42480,7.2
42540,8.8
42600,9.0
42660,9.2
42720,10.2
42780,10.2
42840,9.4
42900,9.2
42960,9.6
43020,7.8
43080,10.2
43140,9.0
43200,7.2
43260,6.2
43320,7.6
43380,8.0
43440,7.0
43500,8.2
43560,7.8
43620,8.6
43680,9.2
43740,12.8
43800,13.6
43860,13.0
43920,14.2
43980,14.2
44040,14.0
44100,15.0
44160,16.2
44220,14.6
44280,16.6
44340,16.6
44400,17.4
44460,17.6
44520,17.4
44580,18.8
44640,19.6
44700,16.8
44760,14.4
44820,18.4
44880,19.6
44940,19.0
45000,18.4
45060,17.8
45120,19.2
45180,15.8
45240,14.0
45300,16.8
45360,18.0
45420,14.2
45480,16.8
45540,15.2
45600,17.8
45660,16.6
45720,14.4
45780,13.8
45840,14.2
45900,16.4
45960,11.8
46020,16.0
46080,11.0
46140,13.2
46200,12.8
46260,14.2
46320,14.8
46380,15.2
46440,14.6
46500,15.0
46560,17.4
46620,17.8
46680,16.8
46740,19.6
46800,19.4
46860,16.4
46920,18.4
46980,22.0
47040,18.6
47100,19.0
47160,21.0
47220,19.2
47280,21.4
47340,21.0
47400,18.4
47460,20.2
47520,22.2
47580,20.4
47640,19.2
47700,21.4
47760,20.8
47820,23.2
47880,21.4
47940,22.8
48000,22.2
48060,21.8
48120,21.8
48180,22.6
48240,23.0
48300,22.0
48360,23.8
48420,22.8
48480,22.6
48540,25.0
48600,22.2
48660,23.0
48720,23.6
48780,23.2
48840,23.4
48900,22.6
48960,23.6
49020,23.6
49080,24.6
49140,23.8
49200,23.0
49260,24.8
49320,23.4
49380,23.4
49440,23.8
49500,22.4
49560,22.0
49620,23.6
49680,22.8
49740,22.8
49800,22.2
49860,23.8
49920,23.8
49980,22.8
50040,22.4
50100,23.6
50160,23.4
50220,24.6
50280,22.8
50340,23.2
50400,23.2
50460,23.0
50520,25.2
50580,22.0
50640,23.6
50700,22.8
50760,24.0
50820,22.8
50880,23.6
50940,24.2
51000,23.2
51060,22.2
51120,24.0
51180,23.2
51240,23.6
51300,23.4
51360,23.8
51420,23.6
51480,24.0
51540,23.4
51600,24.2
51660,24.2
51720,23.0
51780,22.2
51840,22.8
51900,24.0
51960,24.0
52020,22.8
52080,24.6
52140,24.4
52200,23.2
52260,23.6
52320,23.8
52380,25.4
52440,22.2
52500,24.8
52560,23.6
52620,23.2
52680,24.0
52740,23.2
52800,24.8
52860,24.4
52920,24.4
52980,23.8
53040,23.8
53100,24.0
53160,24.8
53220,23.4
53280,23.4
53340,24.2
53400,22.4
53460,24.2
53520,25.2
53580,25.0
53640,24.6
53700,24.2
53760,24.2
53820,22.6
53880,23.6
53940,24.4
54000,24.4
54060,24.0
54120,23.4
54180,23.8
54240,24.6
54300,23.2
54360,24.8
54420,25.2
54480,23.8
54540,24.6
54600,24.8
54660,23.6
54720,25.4
54780,23.4
54840,23.8
54900,23.8
54960,24.2
55020,23.6
55080,23.8
55140,24.2
55200,24.4
55260,24.6
55320,23.2
55380,24.2
55440,22.6
55500,23.2
55560,24.2
55620,24.6
55680,24.2
55740,23.8
55800,24.2
55860,24.4
55920,23.2
55980,23.8
56040,23.0
56100,23.4
56160,23.2
56220,24.6
56280,24.2
56340,22.8
56400,23.6
56460,25.2
56520,24.8
56580,23.6
56640,25.0
56700,23.8
56760,24.8
56820,24.2
56880,24.0
56940,24.4
57000,25.8
57060,22.2
57120,25.6
57180,22.6
57240,24.2
57300,22.0
57360,26.0
57420,23.0
57480,24.0
57540,23.6
57600,25.0
57660,24.4
57720,24.6
57780,25.0
57840,23.4
57900,25.4
57960,25.2
58020,24.0
58080,24.0
58140,22.6
58200,22.8
58260,24.4
58320,24.4
58380,23.6
58440,23.6
58500,23.2
58560,23.8
58620,24.0
58680,23.2
58740,24.4
58800,25.4
58860,25.0
58920,23.6
58980,26.0
59040,23.0
59100,24.6
59160,24.0
59220,23.6
59280,22.8
59340,23.4
59400,24.4
59460,24.8
59520,22.2
59580,24.0
59640,23.6
59700,22.8
59760,24.0
59820,23.6
59880,23.6
59940,25.0
60000,24.8
60060,24.6
60120,25.0
60180,23.6
60240,23.6
60300,24.0
60360,23.2
60420,24.4
60480,22.0
60540,25.2
60600,24.0
60660,25.4
60720,23.8
60780,23.8
60840,25.4
60900,23.8
60960,25.0
61020,24.2
61080,23.6
61140,23.6
61200,22.8
61260,23.4
61320,23.2
61380,23.0
61440,25.0
61500,22.6
61560,23.8
61620,24.6
61680,25.0
61740,26.0
61800,25.0
61860,24.8
61920,24.6
61980,25.6
62040,23.8
62100,25.0
62160,23.8
62220,24.2
62280,23.0
62340,23.0
62400,24.2
62460,22.6
62520,23.4
62580,25.0
62640,23.8
62700,25.2
62760,25.8
62820,23.6
62880,25.0
62940,24.8
63000,24.8
63060,23.2
63120,24.2
63180,24.0
63240,25.6
63300,24.8
63360,24.0
63420,23.8
63480,25.8
63540,23.2
63600,23.4
63660,25.0
63720,25.8
63780,25.0
63840,23.6
63900,23.6
63960,25.2
64020,24.8
64080,23.4
64140,26.0
64200,24.2
64260,25.0
64320,24.4
64380,22.2
64440,23.6
64500,24.6
64560,24.0
64620,22.8
64680,24.0
64740,25.0
64800,24.6
64860,24.0
64920,25.0
64980,24.0
65040,24.2
65100,25.2
65160,24.2
65220,25.2
65280,23.6
65340,24.6
65400,25.8
65460,24.8
65520,23.8
65580,23.2
65640,24.6
65700,24.4
65760,25.0
65820,26.2
65880,24.8
65940,24.4
66000,22.8
66060,25.4
66120,24.4
66180,24.4
66240,22.6
66300,25.2
66360,23.8
66420,24.0
66480,24.4
66540,25.0
66600,23.2
66660,24.0
66720,24.2
66780,23.6
66840,24.0
66900,24.4
66960,24.0
67020,24.6
67080,24.6
67140,23.6
67200,24.4
67260,23.8
67320,25.4
67380,23.0
67440,24.6
67500,24.8
67560,24.6
67620,25.0
67680,24.4
67740,25.0
67800,23.4
67860,24.0
67920,26.2
67980,25.8
68040,25.4
68100,25.2
68160,22.8
68220,24.2
68280,23.2
68340,24.2
68400,24.0
68460,24.0
68520,24.4
68580,24.6
68640,23.8
68700,24.6
68760,24.4
68820,23.6
68880,24.4
68940,24.8
69000,24.8
69060,24.6
69120,23.6
69180,24.0
69240,24.8
69300,25.6
69360,23.4
69420,22.8
69480,24.6
69540,24.2
69600,25.0
69660,25.0
69720,24.6
69780,24.2
69840,23.8
69900,24.6
69960,25.6
70020,24.6
70080,25.0
70140,24.2
70200,24.0
70260,25.4
70320,24.2
70380,24.4
70440,24.6
70500,25.2
70560,25.6
70620,24.6
70680,23.8
70740,23.6
70800,25.0
70860,24.0
70920,24.6
70980,24.8
71040,24.8
71100,22.8
71160,24.8
71220,23.4
71280,24.8
71340,26.2
71400,24.2
71460,25.0
71520,24.8
71580,25.4
71640,24.4
71700,23.8
71760,23.4
71820,23.6
71880,24.4
71940,25.2
72000,25.2
72060,25.4
72120,25.6
72180,24.4
72240,25.2
72300,25.8
72360,25.2
72420,23.8
72480,24.0
72540,25.0
72600,24.4
72660,24.6
72720,26.2
72780,24.4
72840,24.2
72900,24.6
72960,24.8
73020,24.0
73080,24.2
73140,23.8
73200,24.4
73260,23.2
73320,24.2
73380,23.4
73440,24.0
73500,23.2
73560,23.6
73620,22.8
73680,23.6
73740,23.8
73800,23.8
73860,24.2
73920,23.6
73980,23.0
74040,23.0
74100,23.2
74160,25.2
74220,23.2
74280,24.6
74340,23.4
74400,22.4
74460,24.8
74520,24.4
74580,22.6
74640,23.4
74700,24.8
74760,24.4
74820,22.4
74880,22.2
74940,24.4
75000,24.8
75060,23.0
75120,24.4
75180,23.8
75240,24.0
75300,24.0
75360,23.8
75420,23.0
75480,24.4
75540,22.0
75600,23.8
75660,22.4
75720,23.6
75780,25.0
75840,23.8
75900,22.8
75960,23.2
76020,22.2
76080,23.4
76140,23.2
76200,23.0
76260,23.8
76320,22.6
76380,23.0
76440,22.8
76500,25.0
76560,22.8
76620,25.2
76680,25.0
76740,24.2
76800,25.0
76860,23.8
76920,25.8
76980,23.6
77040,24.6
77100,25.0
77160,24.4
77220,24.8
77280,26.0
77340,23.6
77400,26.2
77460,25.8
77520,26.4
77580,25.6
77640,23.2
77700,24.4
77760,24.4
77820,25.0
77880,24.4
77940,25.4
78000,23.8
78060,26.0
78120,24.6
78180,24.4
78240,26.0
78300,23.4
78360,25.8
78420,24.6
78480,24.4
78540,25.8
78600,25.6
78660,26.0
78720,26.0
78780,27.6
78840,25.0
78900,24.8
78960,26.4
79020,25.4
79080,24.6
79140,25.4
79200,26.2
79260,23.2
79320,24.2
79380,25.4
79440,24.6
79500,26.0
79560,24.8
79620,24.8
79680,25.2
79740,25.2
79800,24.0
79860,24.0
79920,24.4
79980,25.2
80040,24.4
80100,25.4
80160,24.6
80220,25.4
80280,25.2
80340,25.8
80400,26.2
80460,24.2
80520,24.0
80580,24.6
80640,24.4
80700,23.8
80760,25.0
80820,25.4
80880,24.6
80940,24.2
81000,22.8
81060,23.2
81120,25.2
81180,27.2
81240,24.4
81300,24.6
81360,24.4
81420,25.0
81480,24.2
81540,25.0
81600,24.4
81660,26.6
81720,25.2
81780,24.4
81840,24.4
81900,25.4
81960,25.0
82020,24.4
82080,24.8
82140,25.2
82200,25.6
82260,26.4
82320,25.4
82380,25.8
82440,24.8
82500,25.0
82560,25.8
82620,23.4
82680,25.4
82740,24.2
82800,25.2
82860,25.0
82920,24.6
82980,25.0
83040,25.0
83100,23.6
83160,23.8
83220,24.8
83280,27.0
83340,25.2
83400,23.8
83460,25.2
83520,24.8
83580,25.0
83640,24.2
83700,26.0
83760,23.6
83820,24.6
83880,25.0
83940,25.8
84000,23.4
84060,25.0
84120,26.4
84180,26.0
84240,25.0
84300,25.0
84360,24.4
84420,25.0
84480,23.8
84540,24.8
84600,24.4
84660,25.2
84720,22.8
84780,25.6
84840,26.6
84900,25.2
84960,23.6
85020,24.2
85080,25.2
85140,25.0
85200,23.4
85260,25.0
85320,23.8
85380,24.8
85440,24.8
85500,24.0
85560,24.2
85620,23.4
85680,24.8
85740,23.0
85800,25.8
85860,24.4
85920,24.0
85980,23.6
86040,24.0
86100,26.6
86160,23.0
86220,26.0
86280,25.0
86340,24.8
86400,24.6
86460,26.2
86520,24.0
86580,24.6
86640,24.4
86700,24.8
86760,24.8
86820,25.2
86880,24.6
86940,25.0
87000,25.8
87060,25.0
87120,24.0
87180,23.8
87240,26.6
87300,24.0
87360,24.2
87420,24.8
87480,24.2
87540,25.2
87600,24.4
87660,24.8
87720,24.4
87780,22.6
87840,24.0
87900,24.2
87960,24.0
88020,25.2
88080,25.2
88140,23.6
88200,23.6
88260,24.8
88320,25.0
88380,24.2
88440,25.0
88500,24.4
88560,24.8
88620,25.6
88680,26.2
88740,25.6
88800,24.8
88860,23.4
88920,24.2
88980,24.2
89040,26.0
89100,25.0
89160,24.6
89220,26.0
89280,24.2
89340,23.4
89400,24.6
89460,25.0
89520,25.6
89580,25.8
89640,24.2
89700,25.2
89760,23.2
89820,24.4
89880,25.6
89940,23.8
90000,23.6
90060,25.0
90120,23.8
90180,23.8
90240,24.0
90300,24.8
90360,23.4
90420,24.4
90480,25.4
90540,24.2
90600,23.4
90660,22.2
90720,24.0
90780,23.2
90840,24.4
90900,23.0
90960,23.8
91020,23.8
91080,23.4
91140,24.6
91200,23.2
91260,23.4
91320,25.0
91380,24.8
91440,25.0
91500,26.0
91560,24.6
91620,24.8
91680,25.0
91740,24.2
91800,24.2
91860,23.6
91920,24.8
91980,23.6
92040,23.8
92100,25.0
92160,24.8
92220,24.2
92280,25.2
92340,24.4
92400,23.8
92460,23.8
92520,23.8
92580,24.0
92640,24.0
92700,24.8
92760,24.4
92820,23.6
92880,23.6
92940,23.0
93000,24.8
93060,24.6
93120,23.4
93180,22.8
93240,22.2
93300,22.8
93360,21.4
93420,21.0
93480,21.0
93540,20.2
93600,21.8
93660,19.6
93720,19.8
93780,21.0
93840,21.2
93900,20.6
93960,20.4
94020,19.6
94080,20.4
94140,20.8
94200,20.0
94260,20.0
94320,20.8
94380,22.2
94440,21.6
94500,22.0
94560,23.2
94620,22.6
94680,23.4
94740,22.8
94800,23.8
94860,22.6
94920,24.6
94980,24.6
95040,25.2
95100,25.4
95160,23.8
95220,24.6
95280,24.2
95340,24.2
95400,24.8
95460,24.2
95520,26.4
95580,25.8
95640,24.0
95700,24.4
95760,23.4
95820,24.4
95880,24.2
95940,24.8
96000,24.6
96060,24.6
96120,24.8
96180,24.6
96240,25.0
96300,22.8
96360,25.2
96420,25.4
96480,24.6
96540,26.4
96600,25.4
96660,24.2
96720,24.0
96780,25.2
96840,23.8
96900,25.0
96960,25.0
97020,24.6
97080,23.6
97140,24.4
97200,25.2
97260,24.4
97320,22.4
97380,24.4
97440,22.6
97500,23.8
97560,23.4
97620,24.0
97680,23.4
97740,23.8
97800,21.8
97860,21.2
97920,21.6
97980,20.4
98040,21.6
98100,20.8
98160,19.6
98220,21.0
98280,20.2
98340,19.6
98400,20.4
98460,21.2
98520,21.2
98580,19.4
98640,22.0
98700,21.4
98760,21.0
98820,23.8
98880,21.4
98940,23.0
99000,22.4
99060,23.8
99120,24.0
99180,24.2
99240,24.4
99300,23.2
99360,22.6
99420,25.4
99480,24.0
99540,24.0
99600,24.0
99660,24.6
99720,25.0
99780,22.6
99840,22.4
99900,21.2
99960,23.0
100020,22.6
100080,22.8
100140,21.6
100200,22.0
100260,21.6
100320,22.0
100380,21.8
100440,21.8
100500,22.0
100560,21.6
100620,21.0
100680,22.8
100740,21.4
100800,21.6
100860,23.4
100920,20.4
100980,22.6
101040,21.6
101100,21.6
101160,21.4
101220,22.8
101280,21.8
101340,21.8
101400,21.4
101460,23.6
101520,23.0
101580,22.6
101640,22.2
101700,21.8
101760,21.8
101820,23.4
101880,21.6
101940,22.8
102000,23.2
102060,22.8
102120,23.0
102180,24.8
102240,23.4
102300,25.6
102360,24.8
102420,26.0
102480,24.4
102540,23.8
102600,24.6
102660,25.4
102720,23.6
102780,24.2
102840,23.8
102900,24.0
102960,23.6
103020,24.6
103080,23.4
103140,23.4
103200,23.4
103260,24.0
103320,24.4
103380,23.2
103440,23.8
103500,24.6
103560,24.8
103620,23.8
103680,23.6
103740,24.0
103800,23.8
103860,23.8
103920,24.2
103980,24.8
104040,24.6
104100,24.4
104160,25.0
104220,24.2
104280,24.0
104340,24.0
104400,24.2
104460,24.4
104520,25.2
104580,25.0
104640,24.8
104700,24.8
104760,24.2
104820,23.8
104880,25.0
104940,25.2
105000,25.8
105060,23.4
105120,24.8
105180,23.8
105240,24.6
105300,25.6
105360,24.6
105420,24.2
105480,23.8
105540,25.0
105600,25.2
105660,24.4
105720,27.0
105780,24.2
105840,24.2
105900,25.6
105960,24.4
106020,25.4
106080,24.4
106140,27.0
106200,25.0
106260,24.8
106320,25.2
106380,25.4
106440,23.4
106500,24.4
106560,25.6
106620,24.6
106680,24.2
106740,24.2
106800,25.4
106860,24.0
106920,24.6
106980,24.6
107040,25.2
107100,26.6
107160,23.6
107220,26.0
107280,24.2
107340,26.8
107400,25.6
107460,24.4
107520,25.0
107580,23.4
107640,22.8
107700,24.2
107760,24.2
107820,24.6
107880,22.8
107940,25.4
108000,24.6
108060,25.4
108120,24.0
108180,25.0
108240,24.8
108300,24.0
108360,24.2
108420,23.8
108480,24.0
108540,22.6
108600,25.0
108660,24.4
108720,25.8
108780,23.8
108840,24.4
108900,24.4
108960,26.2
109020,25.6
109080,24.6
109140,23.4
109200,24.2
109260,24.2
109320,24.2
109380,24.8
109440,24.2
109500,22.6
109560,24.0
109620,23.4
109680,23.4
109740,23.6
109800,23.4
109860,23.2
109920,22.8
109980,23.4
110040,24.2
110100,23.2
110160,23.4
110220,24.8
110280,25.0
110340,23.4
110400,23.6
110460,23.4
110520,24.0
110580,24.0
110640,24.2
110700,23.2
110760,23.0
110820,22.4
110880,23.4
110940,21.8
111000,23.8
111060,23.4
111120,24.6
111180,23.0
111240,24.0
111300,23.8
111360,24.6
111420,23.2
111480,24.2
111540,25.0
111600,22.2
111660,24.4
111720,23.6
111780,24.4
111840,23.8
111900,23.4
111960,23.8
112020,24.4
112080,23.8
112140,24.8
112200,25.8
112260,24.4
112320,26.4
112380,25.0
112440,26.4
112500,25.0
112560,23.4
112620,24.2
112680,24.4
112740,24.8
112800,24.4
112860,26.0
112920,24.2
112980,22.8
113040,25.8
113100,24.6
113160,23.6
113220,25.2
113280,25.0
113340,23.8
113400,23.0
113460,23.6
113520,24.6
113580,24.4
113640,23.8
113700,24.0
113760,25.0
113820,22.4
113880,24.6
113940,24.2
114000,24.8
114060,24.6
114120,25.2
114180,23.4
114240,25.4
114300,23.2
114360,22.8
114420,25.0
114480,23.8
114540,23.4
114600,23.2
114660,24.2
114720,25.2
114780,23.8
114840,24.4
114900,24.4
114960,24.4
115020,24.2
115080,24.8
115140,25.0
115200,24.0
115260,24.8
115320,24.0
115380,22.6
115440,25.6
115500,23.4
115560,24.4
115620,25.8
115680,24.2
115740,24.2
115800,24.6
115860,23.4
115920,22.8
115980,24.2
116040,23.8
116100,24.2
116160,23.8
116220,22.4
116280,23.0
116340,24.8
116400,24.0
116460,23.4
116520,24.4
116580,23.4
116640,24.0
116700,22.2
116760,24.0
116820,22.4
116880,23.4
116940,24.4
117000,23.2
117060,24.4
117120,24.6
117180,23.0
117240,25.6
117300,24.4
117360,25.4
117420,25.2
117480,22.4
117540,25.0
117600,24.4
117660,23.6
117720,22.4
117780,23.2
117840,23.6
117900,23.8
117960,23.2
118020,21.0
118080,23.0
118140,22.8
118200,22.6
118260,22.2
118320,22.6
118380,21.8
118440,21.2
118500,23.0
118560,21.2
118620,21.0
118680,20.6
118740,22.4
118800,22.0
118860,20.8
118920,20.0
118980,21.0
119040,20.0
119100,21.2
119160,20.4
119220,22.8
119280,21.2
119340,22.4
119400,22.2
119460,23.4
119520,22.2
119580,21.6
119640,21.4
119700,21.0
119760,23.0
119820,22.4
119880,24.0
119940,23.0
120000,22.6
120060,22.4
120120,24.4
120180,24.2
120240,24.2
120300,23.4
120360,23.2
120420,23.4
120480,23.2
120540,25.4
120600,24.8
120660,24.0
120720,25.2
120780,25.0
120840,24.6
120900,23.8
120960,25.4
121020,25.2
121080,23.2
121140,24.8
121200,24.6
121260,25.8
121320,24.6
121380,26.0
121440,23.0
121500,24.6
121560,24.2
121620,23.4
121680,24.0
121740,25.0
121800,24.8
121860,23.8
121920,24.6
121980,24.6
122040,23.6
122100,24.4
122160,24.6
122220,24.8
122280,24.0
122340,25.8
122400,25.2
122460,24.4
122520,23.4
122580,25.6
122640,25.2
122700,26.2
122760,24.8
122820,24.4
122880,23.8
122940,24.0
123000,26.0
123060,23.4
123120,26.0
123180,24.2
123240,24.4
123300,27.0
123360,24.2
123420,25.2
123480,24.4
123540,25.4
123600,26.0
123660,24.2
123720,24.6
123780,24.4
123840,25.0
123900,25.2
123960,24.8
124020,26.0
124080,25.4
124140,22.8
124200,24.6
124260,24.6
124320,24.6
124380,25.0
124440,23.6
124500,24.2
124560,23.4
124620,24.2
124680,25.0
124740,25.0
124800,24.4
124860,23.8
124920,26.0
124980,24.2
125040,24.6
125100,24.0
125160,24.4
125220,24.0
125280,25.0
125340,23.0
125400,25.0
125460,24.0
125520,24.6
125580,22.8
125640,24.2
125700,24.8
125760,22.8
125820,24.4
125880,22.8
125940,25.6
126000,24.2
126060,25.0
126120,24.6
126180,23.0
126240,24.6
126300,25.6
126360,24.6
126420,25.0
126480,23.2
126540,25.8
126600,24.2
126660,23.8
126720,23.4
126780,24.0
126840,24.6
126900,24.2
126960,24.0
127020,24.2
127080,24.8
127140,24.0
127200,25.2
127260,24.6
127320,24.8
127380,25.2
127440,24.6
127500,24.4
127560,24.2
127620,24.8
127680,24.4
127740,24.4
127800,23.8
127860,23.8
127920,23.8
127980,25.4
128040,24.0
128100,24.0
128160,24.6
128220,24.8
128280,24.4
128340,25.0
128400,23.4
128460,24.8
128520,25.4
128580,23.8
128640,23.6
128700,23.8
128760,24.8
128820,24.8
128880,23.8
128940,25.2
129000,23.8
129060,23.8
129120,25.6
129180,23.6
129240,24.4
129300,23.6
129360,23.2
129420,23.4
129480,23.2
129540,22.4
129600,24.4
129660,24.2
129720,21.8
129780,22.6
129840,23.8
129900,24.0
129960,24.8
130020,25.6
130080,25.2
130140,25.4
130200,23.6
130260,23.8
130320,24.8
130380,24.8
130440,25.0
130500,24.2
130560,24.4
130620,24.6
130680,23.2
130740,24.6
130800,25.2
130860,23.8
130920,23.4
130980,24.6
131040,24.0
131100,24.8
131160,25.2
131220,24.0
131280,23.0
131340,24.0
131400,24.8
131460,24.4
131520,24.2
131580,24.4
131640,24.4
131700,23.6
131760,25.2
131820,23.8
131880,23.6
131940,25.6
132000,25.6
132060,23.4
132120,24.4
132180,23.4
132240,25.0
132300,25.2
132360,24.0
132420,24.6
132480,25.4
132540,24.6
132600,23.6
132660,25.8
132720,25.0
132780,25.0
132840,22.6
132900,24.4
132960,24.6
133020,24.0
133080,23.0
133140,24.8
133200,24.4
133260,23.2
133320,24.4
133380,23.6
133440,24.6
133500,23.0
133560,24.0
133620,24.6
133680,24.2
133740,22.6
133800,23.2
133860,22.8
133920,22.2
133980,24.0
134040,24.4
134100,23.2
134160,22.8
134220,23.4
134280,22.4
134340,22.8
134400,23.0
134460,22.2
134520,23.4
134580,22.6
134640,23.4
134700,23.8
134760,23.8
134820,22.4
134880,23.2
134940,23.6
135000,24.4
135060,23.8
135120,22.8
135180,22.6
135240,22.4
135300,22.2
135360,22.4
135420,21.6
135480,21.8
135540,21.6
135600,23.4
135660,24.8
135720,24.4
135780,22.8
135840,24.0
135900,23.2
135960,24.8
136020,24.2
136080,22.4
136140,24.6
136200,24.2
136260,24.6
136320,25.0
136380,26.2
136440,25.2
136500,24.0
136560,26.0
136620,25.2
136680,24.4
136740,24.0
136800,24.8
136860,24.4
136920,25.6
136980,25.0
137040,24.0
137100,26.2
137160,25.6
137220,24.4
137280,24.6
137340,24.2
137400,24.0
137460,25.0
137520,23.8
137580,24.6
137640,23.8
137700,24.8
137760,25.4
137820,25.2
137880,25.4
137940,26.2
138000,25.0
138060,23.4
138120,25.0
138180,26.0
138240,24.8
138300,23.2
138360,26.8
138420,26.6
138480,25.0
138540,26.0
138600,25.4
138660,25.6
138720,22.8
138780,25.0
138840,25.0
138900,24.6
138960,26.0
139020,24.6
139080,24.6
139140,25.4
139200,25.2
139260,24.2
139320,24.8
139380,25.8
139440,26.2
139500,25.0
139560,24.6
139620,24.4
139680,24.8
139740,24.8
139800,25.4
139860,26.0
139920,24.2
139980,23.6
140040,25.4
140100,25.4
140160,24.2
140220,25.0
140280,25.2
140340,25.4
140400,23.6
140460,24.6
140520,23.4
140580,23.8
140640,24.2
140700,21.4
140760,24.4
140820,21.6
140880,22.0
140940,24.2
141000,24.0
141060,24.2
141120,24.0
141180,24.2
141240,23.4
141300,22.6
141360,23.8
141420,24.2
141480,24.2
141540,23.6
141600,23.8
141660,23.4
141720,22.0
141780,23.6
141840,22.6
141900,22.8
141960,23.6
142020,22.8
142080,23.0
142140,22.6
142200,21.6
142260,25.2
142320,21.6
142380,22.2
142440,22.0
142500,22.0
142560,21.2
142620,23.2
142680,22.2
142740,22.6
142800,22.0
142860,22.6
142920,24.0
142980,23.6
143040,23.2
143100,23.2
143160,24.0
143220,24.0
143280,24.2
143340,24.2
143400,24.2
143460,23.6
143520,24.8
143580,24.0
143640,24.6
143700,24.4
143760,23.2
143820,23.4
143880,23.6
143940,24.0
144000,24.0
144060,23.2
144120,22.6
144180,22.2
144240,23.8
144300,22.6
144360,23.2
144420,24.2
144480,23.8
144540,22.8
144600,22.8
144660,22.2
144720,21.8
144780,23.0
144840,21.4
144900,21.6
144960,22.6
145020,22.4
145080,21.4
145140,21.6
145200,22.8
145260,21.4
145320,21.4
145380,22.4
145440,21.8
145500,22.6
145560,22.6
145620,19.8
145680,21.6
145740,22.0
145800,22.8
145860,22.8
145920,24.6
145980,22.2
146040,22.0
146100,22.8
146160,23.8
146220,23.8
146280,22.4
146340,24.2
146400,22.0
146460,23.4
146520,23.4
146580,23.4
146640,22.0
146700,24.2
146760,23.8
146820,25.8
146880,24.4
146940,23.4
147000,24.2
147060,24.4
147120,24.4
147180,25.2
147240,23.6
147300,22.4
147360,25.4
147420,22.4
147480,25.0
147540,24.4
147600,24.0
147660,23.8
147720,25.2
147780,24.4
147840,25.2
147900,24.2
147960,25.4
148020,23.6
148080,25.2
148140,24.8
148200,24.4
148260,25.0
148320,24.4
148380,25.8
148440,24.4
148500,25.0
148560,24.8
148620,25.6
148680,25.6
148740,23.0
148800,24.4
148860,25.6
148920,22.2
148980,23.4
149040,25.6
149100,23.8
149160,22.6
149220,24.8
149280,23.4
149340,23.6
149400,24.2
149460,24.4
149520,23.8
149580,22.4
149640,24.2
149700,22.4
149760,25.0
149820,23.0
149880,23.0
149940,23.8
150000,23.6
150060,23.2
150120,24.6
150180,23.8
150240,24.0
150300,25.8
150360,23.4
150420,24.6
150480,23.4
150540,23.4
150600,24.8
150660,24.2
150720,24.6
150780,25.6
150840,25.0
150900,26.8
150960,24.4
151020,23.2
151080,24.4
151140,23.4
151200,22.6
151260,24.2
151320,25.4
151380,23.6
151440,25.4
151500,24.6
151560,23.8
151620,25.2
151680,24.2
151740,25.4
151800,23.4
151860,24.4
151920,26.8
151980,25.4
152040,25.2
152100,25.8
152160,25.6
152220,24.2
152280,23.2
152340,24.2
152400,23.6
152460,26.6
152520,24.4
152580,24.6
152640,24.6
152700,23.8
152760,24.8
152820,24.6
152880,24.6
152940,24.8
153000,23.6
153060,25.2
153120,23.4
153180,23.4
153240,23.4
153300,23.0
153360,23.0
153420,23.4
153480,24.2
153540,23.2
153600,20.8
153660,23.0
153720,21.0
153780,24.6
153840,23.8
153900,22.8
153960,23.0
154020,22.6
154080,23.8
154140,22.6
154200,23.0
154260,23.4
154320,23.4
154380,23.2
154440,23.6
154500,23.0
154560,24.4
154620,24.2
154680,24.8
154740,22.6
154800,24.0
154860,24.0
154920,23.0
154980,23.0
155040,25.2
155100,23.6
155160,24.6
155220,23.6
155280,25.6
155340,24.2
155400,24.2
155460,25.0
155520,23.2
155580,23.6
155640,24.8
155700,23.8
155760,23.4
155820,24.6
155880,24.4
155940,24.6
156000,23.2
156060,24.0
156120,24.6
156180,23.8
156240,24.4
156300,25.0
156360,25.2
156420,23.4
156480,25.0
156540,25.8
156600,24.4
156660,25.6
156720,26.0
156780,25.0
156840,24.6
156900,23.8
156960,26.4
157020,23.0
157080,24.8
157140,25.4
157200,25.6
157260,24.4
157320,25.0
157380,23.8
157440,23.6
157500,25.4
157560,26.0
157620,26.4
157680,24.2
157740,22.6
157800,24.6
157860,22.8
157920,24.6
157980,24.4
158040,23.2
158100,24.2
158160,24.8
158220,23.2
158280,22.4
158340,23.0
158400,24.2
158460,24.6
158520,24.6
158580,26.4
158640,27.0
158700,23.6
158760,24.8
158820,25.4
158880,24.8
158940,24.6
159000,24.4
159060,24.8
159120,24.8
159180,25.6
159240,23.8
159300,24.0
159360,24.2
159420,23.6
159480,24.0
159540,25.4
159600,24.0
159660,23.6
159720,24.0
159780,23.2
159840,24.6
159900,26.0
159960,24.4
160020,24.6
160080,24.8
160140,26.0
160200,24.6
160260,25.0
160320,24.2
160380,23.6
160440,23.8
160500,25.4
160560,24.2
160620,23.4
160680,25.4
160740,24.2
160800,25.2
160860,26.4
160920,24.6
160980,25.4
161040,25.4
161100,23.4
161160,25.2
161220,24.4
161280,24.2
161340,24.8
161400,24.0
161460,24.4
161520,25.2
161580,24.4
161640,25.0
161700,25.2
161760,24.8
161820,25.0
161880,23.2
161940,24.4
162000,26.8
162060,26.0
162120,23.6
162180,24.6
162240,23.8
162300,24.2
162360,23.0
162420,25.0
162480,25.2
162540,24.2
162600,24.4
162660,25.2
162720,24.0
162780,23.8
162840,25.6
162900,24.4
162960,25.4
163020,24.6
163080,25.2
163140,24.4
163200,24.2
163260,23.4
163320,25.4
163380,24.2
163440,24.8
163500,23.4
163560,24.4
163620,25.6
163680,26.8
163740,24.2
163800,23.4
163860,24.2
163920,23.6
163980,24.0
164040,24.4
164100,24.4
164160,24.8
164220,24.8
164280,24.6
164340,24.0
164400,24.4
164460,23.4
164520,24.2
164580,24.6
164640,23.2
164700,24.0
164760,23.2
164820,24.0
164880,24.6
164940,24.8
165000,23.4
165060,23.0
165120,24.4
165180,23.4
165240,23.6
165300,23.6
165360,24.2
165420,23.6
165480,23.2
165540,23.2
165600,24.0
165660,24.0
165720,24.2
165780,25.0
165840,23.8
165900,24.4
165960,24.4
166020,24.4
166080,24.4
166140,24.8
166200,25.0
166260,23.6
166320,24.2
166380,24.6
166440,26.0
166500,25.4
166560,24.0
166620,25.6
166680,24.0
166740,24.4
166800,23.2
166860,23.2
166920,23.8
166980,24.6
167040,24.2
167100,24.6
167160,24.8
167220,24.4
167280,26.6
167340,25.6
167400,24.4
167460,23.2
167520,21.8
167580,23.2
167640,24.8
167700,24.6
167760,24.0
167820,24.2
167880,22.4
167940,23.8
168000,24.2
168060,23.2
168120,26.0
168180,24.6
168240,24.4
168300,24.4
168360,24.0
168420,24.2
168480,25.4
168540,25.0
168600,24.8
168660,24.6
168720,22.2
168780,25.8
168840,24.8
168900,24.6
168960,25.6
169020,24.2
169080,25.4
169140,24.6
169200,24.6
169260,25.2
169320,25.4
169380,24.8
169440,22.4
169500,25.6
169560,25.6
169620,23.4
169680,23.6
169740,23.4
169800,24.8
169860,27.2
169920,23.4
169980,25.0
170040,24.4
170100,25.0
170160,25.2
170220,27.2
170280,24.6
170340,24.4
170400,24.6
170460,26.0
170520,24.6
170580,25.0
170640,24.4
170700,26.2
170760,24.4
170820,24.6
170880,25.8
170940,23.8
171000,24.6
171060,25.4
171120,24.4
171180,25.4
171240,25.6
171300,24.2
171360,24.2
171420,24.4
171480,24.6
171540,24.8
171600,24.8
171660,25.2
171720,25.0
171780,24.6
171840,24.8
171900,25.6
171960,24.8
172020,24.0
172080,24.4
172140,25.6
172200,24.6
172260,25.2
172320,22.6
172380,24.2
172440,24.4
172500,24.8
172560,24.4
172620,22.6
172680,24.0
172740,25.6
172800,24.0
172860,24.0
172920,24.6
172980,24.6
173040,25.4
173100,23.4
173160,25.6
173220,25.2
173280,24.0
173340,24.0
173400,24.0
173460,24.2
173520,24.8
173580,25.4
173640,24.8
173700,23.0
173760,22.8
173820,25.0
173880,26.6
173940,23.2
174000,25.2
174060,25.8
174120,24.0
174180,23.8
174240,23.4
174300,24.8
174360,25.6
174420,24.8
174480,25.6
174540,25.2
174600,24.6
174660,25.8
174720,24.4
174780,25.6
174840,26.2
174900,24.8
174960,23.4
175020,26.2
175080,25.4
175140,24.4
175200,23.4
175260,24.8
175320,24.2
175380,24.6
175440,24.6
175500,25.6
175560,26.8
175620,25.0
175680,26.4
175740,24.4
175800,25.2
175860,25.4
175920,24.6
175980,26.6
176040,26.2
176100,26.8
176160,25.6
176220,25.4
176280,25.4
176340,25.8
176400,25.8
176460,25.6
176520,25.2
176580,24.8
176640,25.2
176700,24.6
176760,24.6
176820,25.4
176880,25.0
176940,25.8
177000,25.4
177060,26.0
177120,24.8
177180,24.2
177240,27.2
177300,25.8
177360,25.2
177420,26.2
177480,25.6
177540,26.4
177600,24.8
177660,25.6
177720,26.6
177780,24.0
177840,24.8
177900,23.4
177960,23.6
178020,25.4
178080,27.2
178140,25.0
178200,25.4
178260,24.6
178320,24.2
178380,26.8
178440,23.6
178500,25.2
178560,24.0
178620,24.8
178680,23.8
178740,24.6
178800,24.8
178860,24.6
178920,23.8
178980,25.6
179040,25.4
179100,25.8
179160,23.6
179220,23.0
179280,25.0
179340,24.8
179400,24.4
179460,25.0
179520,24.8
179580,25.2
179640,25.8
179700,23.4
179760,24.2
179820,24.8
179880,25.2
179940,25.6
180000,25.0
180060,24.6
180120,25.4
180180,23.4
180240,24.8
180300,23.6
180360,27.4
180420,24.0
180480,25.4
180540,26.2
180600,25.8
180660,25.8
180720,26.0
180780,24.2
180840,24.6
180900,24.2
180960,22.4
181020,24.4
181080,24.6
181140,24.4
181200,25.2
181260,24.2
181320,23.4
181380,24.6
181440,23.4
181500,22.6
181560,22.0
181620,23.8
181680,23.2
181740,24.0
181800,23.6
181860,24.6
181920,23.4
181980,24.0
182040,23.6
182100,23.0
182160,22.2
182220,23.8
182280,23.0
182340,22.4
182400,24.6
182460,24.4
182520,23.0
182580,24.2
182640,23.8
182700,22.8
182760,20.8
182820,23.8
182880,24.4
182940,23.4
183000,21.8
183060,24.2
183120,24.8
183180,22.2
183240,21.6
183300,22.8
183360,23.2
183420,23.0
183480,22.8
183540,23.2
183600,24.0
183660,24.8
183720,23.8
183780,25.6
183840,24.4
183900,23.6
183960,24.2
184020,23.4
184080,21.6
184140,23.0
184200,24.6
184260,23.2
184320,24.0
184380,23.8
184440,22.6
184500,24.0
184560,22.6
184620,23.8
184680,23.4
184740,23.4
184800,23.4
184860,23.8
184920,23.0
184980,23.0
185040,23.6
185100,23.2
185160,23.8
185220,22.8
185280,22.4
185340,23.4
185400,24.6
185460,23.6
185520,24.0
185580,23.4
185640,24.8
185700,24.0
185760,23.6
185820,21.8
185880,22.2
185940,22.8
186000,22.0
186060,22.2
186120,23.8
186180,23.2
186240,23.4
186300,22.4
186360,22.6
186420,24.0
186480,22.6
186540,23.6
186600,21.6
186660,23.6
186720,23.6
186780,23.6
186840,22.0
186900,23.4
186960,23.8
187020,22.8
187080,24.0
187140,24.0
187200,23.6
187260,23.2
187320,22.2
187380,23.0
187440,24.2
187500,24.0
187560,22.6
187620,25.0
187680,23.0
187740,22.4
187800,24.8
187860,23.6
187920,23.8
187980,23.6
188040,23.0
188100,23.4
188160,24.6
188220,24.2
188280,23.4
188340,24.4
188400,24.6
188460,24.2
188520,23.8
188580,22.0
188640,24.6
188700,25.2
188760,23.0
188820,24.4
188880,26.4
188940,24.6
189000,23.8
189060,24.4
189120,22.8
189180,23.0
189240,24.8
189300,24.4
189360,22.2
189420,23.6
189480,23.4
189540,23.6
189600,24.4
189660,23.0
189720,25.8
189780,24.8
189840,24.0
189900,23.0
189960,24.0
190020,23.6
190080,22.2
190140,23.4
190200,25.0
190260,24.0
190320,22.4
190380,23.2
190440,23.6
190500,22.6
190560,22.2
190620,22.0
190680,22.4
190740,25.0
190800,23.2
190860,21.4
190920,22.6
190980,23.8
191040,23.0
191100,23.4
191160,24.2
191220,24.0
191280,23.4
191340,24.4
191400,22.6
191460,24.6
191520,24.2
191580,21.4
191640,23.6
191700,23.6
191760,22.6
191820,24.8
191880,23.4
191940,22.4
192000,23.2
192060,23.0
192120,23.2
192180,24.6
192240,23.6
192300,22.8
192360,23.4
192420,22.8
192480,22.0
192540,21.6
192600,23.4
192660,23.4
192720,22.2
192780,23.6
192840,23.8
192900,23.4
192960,23.2
193020,25.0
193080,24.4
193140,25.0
193200,23.4
193260,23.0
193320,24.4
193380,24.0
193440,24.0
193500,22.4
193560,23.6
193620,23.6
193680,23.4
193740,24.4
193800,23.2
193860,25.0
193920,23.8
193980,23.6
194040,23.6
194100,22.2
194160,23.4
194220,24.0
194280,24.2
194340,24.2
194400,23.8
194460,24.4
194520,23.8
194580,24.2
194640,23.6
194700,24.2
194760,24.0
194820,23.8
194880,24.6
194940,24.6
195000,24.4
195060,24.6
195120,22.4
195180,22.2
195240,24.6
195300,25.0
195360,23.4
195420,23.8
195480,23.8
195540,23.8
195600,23.8
195660,23.4
195720,24.6
195780,24.0
195840,24.4
195900,24.6
195960,25.2
196020,24.0
196080,23.6
196140,24.0
196200,24.8
196260,25.6
196320,23.6
196380,23.4
196440,23.0
196500,24.0
196560,24.8
196620,23.6
196680,24.2
196740,24.6
196800,24.2
196860,24.2
196920,23.6
196980,23.6
197040,24.8
197100,24.8
197160,23.4
197220,24.2
197280,23.8
197340,23.0
197400,23.4
197460,22.8
197520,25.0
197580,24.4
197640,24.2
197700,23.8
197760,23.0
197820,24.2
197880,24.2
197940,24.4
198000,26.4
198060,24.6
198120,23.4
198180,25.0
198240,24.2
198300,23.6
198360,23.8
198420,24.6
198480,25.8
198540,24.0
198600,24.0
198660,26.8
198720,24.8
198780,24.8
198840,24.8
198900,24.6
198960,23.8
199020,24.0
199080,24.0
199140,23.6
199200,23.6
199260,23.8
199320,24.4
199380,23.2
199440,24.8
199500,23.6
199560,23.4
199620,24.0
199680,24.4
199740,23.8
199800,23.6
199860,25.2
199920,24.2
199980,23.2
200040,24.8
200100,22.8
200160,24.0
200220,24.6
200280,23.0
200340,23.8
200400,22.6
200460,25.0
200520,22.4
200580,24.6
200640,24.8
200700,25.6
200760,23.8
200820,25.2
200880,25.2
200940,24.0
201000,25.0
201060,24.0
201120,25.0
201180,26.0
201240,25.2
201300,24.2
201360,24.8
201420,25.6
201480,25.2
201540,24.0
201600,24.4
201660,25.2
201720,24.8
201780,23.4
201840,25.4
201900,23.0
201960,25.2
202020,24.6
202080,24.8
202140,23.8
202200,24.4
202260,25.4
202320,23.8
202380,24.4
202440,23.8
202500,24.6
202560,22.8
202620,24.2
202680,23.6
202740,23.2
202800,23.4
202860,24.4
202920,24.0
202980,23.2
203040,24.4
203100,24.6
203160,22.4
203220,24.2
203280,23.6
203340,23.8
203400,22.0
203460,23.0
203520,25.0
203580,23.8
203640,24.2
203700,24.4
203760,24.6
203820,22.8
203880,23.6
203940,24.4
204000,23.6
204060,23.8
204120,24.4
204180,22.8
204240,23.4
204300,23.4
204360,24.0
204420,23.4
204480,24.4
204540,23.2
204600,25.6
204660,25.0
204720,26.0
204780,25.0
204840,23.0
204900,25.0
204960,24.4
205020,23.2
205080,24.0
205140,23.6
205200,23.8
205260,25.2
205320,24.4
205380,25.0
205440,26.2
205500,25.6
205560,24.6
205620,23.4
205680,24.2
205740,24.6
205800,26.2
205860,24.6
205920,26.2
205980,25.8
206040,25.4
206100,26.8
206160,25.4
206220,25.6
206280,26.0
206340,26.2
206400,24.4
206460,24.4
206520,26.6
206580,24.4
206640,24.4
206700,26.6
206760,24.0
206820,26.6
206880,24.8
206940,26.4
207000,25.4
207060,24.6
207120,27.4
207180,24.8
207240,25.4
207300,24.2
207360,26.2
207420,25.6
207480,24.8
207540,24.0
207600,24.6
207660,25.0
207720,24.4
207780,25.2
207840,24.4
207900,25.4
207960,23.6
208020,24.0
208080,24.4
208140,24.6
208200,25.0
208260,24.6
208320,24.6
208380,24.6
208440,24.8
208500,23.8
208560,25.4
208620,25.0
208680,23.8
208740,24.6
208800,24.6
208860,24.6
208920,25.8
208980,25.2
209040,24.0
209100,25.2
209160,26.2
209220,23.6
209280,24.8
209340,24.2
209400,25.0
209460,24.8
209520,24.6
209580,24.6
209640,25.4
209700,25.2
209760,25.6
209820,24.6
209880,25.4
209940,24.2
210000,25.6
210060,24.4
210120,24.6
210180,24.6
210240,23.8
210300,24.2
210360,25.6
210420,26.0
210480,24.6
210540,25.2
210600,25.6
210660,25.2
210720,24.2
210780,25.2
210840,25.0
210900,25.6
210960,25.0
211020,24.6
211080,24.6
211140,25.0
211200,24.8
211260,25.0
211320,25.0
211380,23.4
211440,24.4
211500,24.0
211560,26.2
211620,25.2
211680,24.0
211740,26.4
211800,25.8
211860,24.4
211920,23.2
211980,23.8
212040,24.4
212100,25.4
212160,25.2
212220,26.4
212280,23.8
212340,24.4
212400,25.0
212460,23.8
212520,24.4
212580,25.4
212640,25.4
212700,26.0
212760,25.0
212820,23.2
212880,24.6
212940,24.2
213000,25.0
213060,24.6
213120,24.8
213180,24.4
213240,23.4
213300,23.4
213360,23.2
213420,26.0
213480,24.4
213540,23.8
213600,24.2
213660,22.6
213720,25.4
213780,24.2
213840,24.2
213900,23.6
213960,24.6
214020,22.8
214080,24.8
214140,24.4
214200,23.0
214260,24.0
214320,24.0
214380,24.2
214440,23.6
214500,26.0
214560,25.2
214620,25.0
214680,24.0
214740,24.2
214800,23.8
214860,25.0
214920,23.4
214980,24.2
215040,25.8
215100,24.6
215160,25.2
215220,24.0
215280,23.6
215340,24.2
215400,25.4
215460,24.4
215520,24.4
215580,25.4
215640,25.2
215700,25.8
215760,26.4
215820,24.4
215880,25.8
215940,26.0
216000,24.6
216060,24.8
216120,26.8
216180,26.0
216240,26.0
216300,25.2
216360,25.2
216420,26.4
216480,24.2
216540,25.8
216600,25.2
216660,24.8
216720,24.6
216780,23.8
216840,23.2
216900,25.0
216960,24.4
217020,24.6
217080,24.0
217140,23.4
217200,24.8
217260,25.2
217320,25.2
217380,25.2
217440,23.2
217500,24.2
217560,24.0
217620,24.4
217680,24.8
217740,24.2
217800,24.6
217860,23.4
217920,24.4
217980,24.8
218040,26.0
218100,26.4
218160,23.4
218220,23.0
218280,24.6
218340,26.4
218400,23.8
218460,26.0
218520,24.6
218580,23.8
218640,25.2
218700,25.0
218760,23.0
218820,24.4
218880,24.6
218940,22.6
219000,22.6
219060,24.0
219120,24.0
219180,24.4
219240,24.4
219300,25.4
219360,23.0
219420,23.0
219480,23.8
219540,23.6
219600,24.0
219660,23.4
219720,24.0
219780,24.6
219840,24.2
219900,22.6
219960,23.0
220020,24.2
220080,24.6
220140,24.0
220200,25.2
220260,25.6
220320,24.6
220380,24.6
220440,24.0
220500,24.2
220560,24.2
220620,22.6
220680,24.0
220740,23.0
220800,24.0
220860,23.0
220920,24.4
220980,26.0
221040,24.6
221100,24.0
221160,24.4
221220,23.0
221280,22.6
221340,24.8
221400,24.2
221460,24.6
221520,24.4
221580,25.8
221640,23.4
221700,23.6
221760,24.6
221820,23.6
221880,26.2
221940,24.0
222000,23.8
222060,23.8
222120,23.0
222180,25.4
222240,21.8
222300,24.6
222360,24.4
222420,24.8
222480,24.0
222540,25.4
222600,23.8
222660,22.2
222720,23.2
222780,23.6
222840,25.8
222900,25.0
222960,24.2
223020,25.4
223080,22.6
223140,23.6
223200,23.4
223260,23.4
223320,23.0
223380,23.6
223440,23.0
223500,24.4
223560,22.0
223620,23.6
223680,25.2
223740,22.6
223800,23.2
223860,22.8
223920,23.8
223980,22.6
224040,24.0
224100,24.0
224160,22.2
224220,21.6
224280,22.2
224340,23.6
224400,22.8
224460,24.6
224520,22.8
224580,23.2
224640,22.6
224700,24.0
224760,23.6
224820,22.0
224880,23.8
224940,23.6
225000,21.4
225060,22.0
225120,21.8
225180,21.8
225240,22.8
225300,23.4
225360,24.2
225420,23.0
225480,23.2
225540,21.6
225600,23.4
225660,22.6
225720,23.4
225780,23.2
225840,23.4
225900,23.6
225960,24.4
226020,24.0
226080,23.4
226140,23.0
226200,23.2
226260,26.0
226320,22.8
226380,23.2
226440,22.8
226500,23.6
226560,25.0
226620,24.4
226680,25.4
226740,23.2
226800,25.0
226860,24.2
226920,24.8
226980,25.4
227040,24.0
227100,23.6
227160,23.8
227220,24.8
227280,25.2
227340,24.8
227400,25.0
227460,24.2
227520,24.2
227580,26.2
227640,26.2
227700,25.0
227760,23.8
227820,25.2
227880,24.6
227940,24.8
228000,25.6
228060,24.4
228120,23.6
228180,26.4
228240,27.2
228300,25.0
228360,23.2
228420,24.2
228480,24.4
228540,26.0
228600,26.2
228660,24.8
228720,26.8
228780,25.6
228840,25.6
228900,23.8
228960,24.4
229020,24.4
229080,25.4
229140,23.8
229200,24.6
229260,24.8
229320,26.6
229380,24.6
229440,24.8
229500,23.8
229560,25.6
229620,24.6
229680,24.8
229740,25.6
229800,24.2
229860,25.0
229920,23.4
229980,25.0
230040,24.8
230100,25.8
230160,25.6
230220,25.2
230280,25.8
230340,23.4
230400,24.6
230460,25.6
230520,25.2
230580,25.6
230640,25.2
230700,25.4
230760,25.4
230820,24.2
230880,25.2
230940,25.2
231000,24.6
231060,25.2
231120,24.8
231180,24.4
231240,25.8
231300,25.2
231360,24.4
231420,25.0
231480,25.2
231540,23.0
231600,25.8
231660,24.4
231720,23.6
231780,23.8
231840,24.0
231900,25.6
231960,23.8
232020,23.8
232080,22.2
232140,22.4
232200,26.0
232260,23.0
232320,24.2
232380,24.2
232440,23.6
232500,23.2
232560,24.6
232620,24.8
232680,25.8
232740,24.0
232800,23.8
232860,25.0
232920,24.6
232980,25.2
233040,25.2
233100,26.6
233160,25.0
233220,25.0
233280,25.8
233340,25.0
233400,23.8
233460,24.6
233520,24.4
233580,24.6
233640,24.2
233700,25.8
233760,24.6
233820,24.0
233880,24.2
233940,25.8
234000,24.8
234060,24.6
234120,22.6
234180,26.0
234240,24.4
234300,25.0
234360,23.6
234420,23.6
234480,22.8
234540,23.8
234600,23.4
234660,24.4
234720,24.6
234780,23.2
234840,24.4
234900,23.6
234960,22.0
235020,24.6
235080,24.4
235140,23.8
235200,24.6
235260,24.6
235320,23.4
235380,23.4
235440,24.6
235500,24.0
235560,25.2
235620,22.6
235680,25.2
235740,24.2
235800,24.8
235860,23.4
235920,23.6
235980,24.4
236040,23.6
236100,24.4
236160,25.0
236220,25.0
236280,25.4
236340,23.6
236400,23.6
236460,23.6
236520,24.2
236580,24.4
236640,25.4
236700,24.0
236760,24.2
236820,24.6
236880,24.2
236940,24.8
237000,24.4
237060,26.4
237120,23.2
237180,25.0
237240,24.2
237300,23.6
237360,25.2
237420,25.0
237480,24.0
237540,25.2
237600,24.2
237660,25.2
237720,24.6
237780,25.0
237840,25.0
237900,24.2
237960,24.4
238020,25.4
238080,24.0
238140,22.8
238200,25.4
238260,24.0
238320,24.0
238380,24.0
238440,24.6
238500,23.0
238560,24.0
238620,24.8
238680,24.4
238740,25.0
238800,23.8
238860,23.4
238920,23.2
238980,23.8
239040,23.8
239100,21.8
239160,24.0
239220,22.6
239280,25.6
239340,22.8
239400,23.0
239460,21.8
239520,23.4
239580,21.6
239640,23.2
239700,23.6
239760,22.4
239820,24.2
239880,22.2
239940,22.2
240000,22.2
240060,21.6
240120,24.4
240180,22.0
240240,21.8
240300,22.4
240360,22.4
240420,23.6
240480,22.8
240540,22.8
240600,22.8
240660,22.0
240720,24.8
240780,24.4
240840,23.0
240900,23.0
240960,22.8
241020,22.4
241080,23.6
241140,21.8
241200,22.6
241260,23.2
241320,23.8
241380,23.2
241440,23.2
241500,23.4
241560,24.4
241620,23.6
241680,25.4
241740,23.6
241800,23.0
241860,23.2
241920,24.0
241980,23.8
242040,22.4
242100,23.4
242160,24.6
242220,24.4
242280,24.2
242340,22.8
242400,26.4
242460,23.2
242520,24.8
242580,23.0
242640,24.8
242700,24.0
242760,23.6
242820,24.8
242880,25.0
242940,25.2
243000,25.6
243060,25.8
243120,25.6
243180,23.8
243240,25.6
243300,23.8
243360,24.6
243420,25.4
243480,24.6
243540,24.6
243600,25.2
243660,25.0
243720,25.8
243780,24.4
243840,25.0
243900,26.0
243960,26.2
244020,25.2
244080,25.0
244140,24.4
244200,24.2
244260,23.8
244320,26.6
244380,25.8
244440,25.4
244500,25.4
244560,26.2
244620,26.0
244680,25.2
244740,25.6
244800,25.2
244860,24.8
244920,25.2
244980,24.6
245040,26.0
245100,25.4
245160,24.4
245220,24.8
245280,25.8
245340,24.8
245400,25.0
245460,24.6
245520,25.4
245580,24.4
245640,24.2
245700,24.8
245760,24.2
245820,24.6
245880,24.0
245940,25.2
246000,24.4
246060,23.4
246120,25.6
246180,23.4
246240,25.6
246300,23.6
246360,24.6
246420,24.4
246480,25.0
246540,24.4
246600,24.2
246660,24.6
246720,25.4
246780,23.0
246840,24.8
246900,23.8
246960,24.2
247020,24.4
247080,24.4
247140,24.2
247200,24.4
247260,25.2
247320,25.0
247380,23.4
247440,23.8
247500,24.6
247560,25.4
247620,23.6
247680,25.0
247740,23.8
247800,23.6
247860,24.2
247920,24.4
247980,23.2
248040,24.4
248100,23.0
248160,23.6
248220,24.0
248280,23.6
248340,23.8
248400,24.4
248460,22.6
248520,24.6
248580,25.0
248640,24.4
248700,23.6
248760,24.8
248820,23.6
248880,23.0
248940,25.8
249000,22.2
249060,22.8
249120,22.4
249180,23.4
249240,24.2
249300,24.6
249360,25.4
249420,24.2
249480,22.8
249540,23.8
249600,24.0
249660,25.2
249720,22.8
249780,23.8
249840,23.0
249900,23.8
249960,22.4
250020,23.6
250080,24.2
250140,23.6
250200,23.4
250260,24.2
250320,23.2
250380,23.6
250440,23.8
250500,22.8
250560,24.2
250620,24.0
250680,23.8
250740,25.0
250800,23.2
250860,24.2
250920,24.6
250980,23.6
251040,25.0
251100,24.4
251160,24.6
251220,24.2
251280,25.6
251340,24.0
251400,24.0
251460,23.8
251520,24.2
251580,24.4
251640,24.4
251700,23.8
251760,25.2
251820,26.0
251880,25.4
251940,25.0
252000,24.4
252060,25.0
252120,25.4
252180,25.0
252240,25.6
252300,25.4
252360,24.8
252420,25.4
252480,25.8
252540,24.8
252600,23.6
252660,25.4
252720,25.2
252780,24.2
252840,23.8
252900,24.8
252960,23.6
253020,22.2
253080,24.2
253140,23.2
253200,23.2
253260,22.8
253320,25.8
253380,24.2
253440,24.4
253500,24.6
253560,23.6
253620,24.2
253680,23.2
253740,24.6
253800,23.6
253860,24.2
253920,23.2
253980,23.4
254040,24.2
254100,24.2
254160,23.6
254220,24.6
254280,24.0
254340,24.4
254400,26.2
254460,24.4
254520,26.4
254580,24.2
254640,26.0
254700,23.0
254760,24.8
254820,25.0
254880,24.6
254940,23.4
255000,24.6
255060,26.0
255120,25.2
255180,22.0
255240,25.4
255300,26.2
255360,24.0
255420,23.0
255480,24.8
255540,24.4
255600,25.2
255660,22.4
255720,24.0
255780,23.4
255840,23.8
255900,23.4
255960,22.0
256020,22.8
256080,23.2
256140,23.0
256200,22.2
256260,22.8
256320,23.6
256380,22.4
256440,22.0
256500,22.8
256560,23.2
256620,22.6
256680,22.6
256740,23.6
256800,24.6
256860,23.6
256920,23.2
256980,23.2
257040,23.4
257100,23.0
257160,22.0
257220,24.0
257280,23.0
257340,22.4
257400,24.2
257460,23.8
257520,23.4
257580,24.2
257640,23.2
257700,24.6
257760,23.8
257820,23.4
257880,26.2
257940,23.8
258000,23.6
258060,23.8
258120,24.6
258180,24.6
258240,24.4
258300,23.6
258360,25.0
258420,22.8
258480,24.2
258540,23.8
258600,25.6
258660,22.4
258720,23.8
258780,24.2
258840,23.4
258900,24.6
258960,25.4
259020,24.0
259080,24.6
259140,23.6
259200,25.2
259260,25.2
259320,25.2
259380,25.4
259440,24.0
259500,24.0
259560,26.0
259620,25.4
259680,23.4
259740,25.2
259800,24.2
259860,23.2
259920,23.8
259980,24.8
260040,25.4
260100,24.2
260160,23.2
260220,22.8
260280,24.8
260340,25.4
260400,25.4
260460,25.2
260520,23.0
260580,23.6
260640,24.6
260700,24.2
260760,24.0
260820,25.2
260880,23.2
260940,24.6
261000,24.6
261060,24.4
261120,24.4
261180,24.8
261240,24.4
261300,24.2
261360,25.2
261420,25.0
261480,25.6
261540,25.0
261600,24.8
261660,22.6
261720,24.0
261780,23.8
261840,23.0
261900,23.2
261960,22.4
262020,22.4
262080,21.6
262140,22.4
262200,24.2
262260,22.6
262320,22.4
262380,22.4
262440,23.0
262500,25.2
262560,23.0
262620,24.6
262680,25.0
262740,25.0
262800,23.6
262860,24.8
262920,23.2
262980,23.4
263040,24.2
263100,24.2
263160,24.8
263220,24.6
263280,24.8
263340,26.4
263400,24.6
263460,23.4
263520,24.6
263580,25.0
263640,23.4
263700,22.8
263760,23.8
263820,24.6
263880,23.0
263940,24.2
264000,24.0
264060,25.2
264120,24.2
264180,24.6
264240,22.8
264300,25.0
264360,24.0
264420,26.2
264480,24.0
264540,24.0
264600,24.4
264660,23.6
264720,23.0
264780,22.0
264840,24.4
264900,22.8
264960,23.8
265020,22.2
265080,23.4
265140,22.0
265200,22.6
265260,23.4
265320,23.2
265380,24.4
265440,23.4
265500,23.6
265560,24.0
265620,23.6
265680,24.0
265740,22.8
265800,25.4
265860,24.0
265920,24.4
265980,24.2
266040,25.0
266100,25.0
266160,23.6
266220,25.2
266280,24.2
266340,24.2
266400,23.8
266460,24.0
266520,24.2
266580,23.0
266640,24.0
266700,25.2
266760,25.0
266820,23.4
266880,24.2
266940,23.2
267000,23.6
267060,26.0
267120,26.4
267180,24.4
267240,25.2
267300,26.0
267360,23.4
267420,25.2
267480,23.4
267540,24.6
267600,25.0
267660,23.0
267720,23.8
267780,22.6
267840,25.0
267900,23.8
267960,22.8
268020,24.6
268080,23.2
268140,25.4
268200,24.2
268260,25.0
268320,23.4
268380,24.0
268440,25.8
268500,24.6
268560,25.2
268620,24.4
268680,24.0
268740,24.4
268800,24.8
268860,25.6
268920,24.6
268980,25.8
269040,24.8
269100,24.6
269160,24.4
269220,24.4
269280,23.6
269340,24.0
269400,24.2
269460,23.8
269520,24.6
269580,24.6
269640,23.6
269700,24.6
269760,24.4
269820,25.8
269880,26.2
269940,23.6
270000,23.6
270060,24.6
270120,26.0
270180,22.6
270240,24.6
270300,24.6
270360,25.4
270420,25.6
270480,24.2
270540,25.6
270600,25.2
270660,23.2
270720,25.0
270780,25.4
270840,24.6
270900,26.2
270960,24.8
271020,26.0
271080,23.6
271140,25.0
271200,26.2
271260,24.0
271320,23.8
271380,24.8
271440,22.8
271500,24.2
271560,24.6
271620,24.8
271680,23.8
271740,23.4
271800,23.6
271860,25.4
271920,23.8
271980,23.8
272040,25.0
272100,24.8
272160,24.2
272220,23.0
272280,23.8
272340,24.0
272400,23.2
272460,23.2
272520,23.8
272580,23.6
272640,23.6
272700,24.0
272760,23.0
272820,23.2
272880,23.4
272940,23.0
273000,23.6
273060,23.8
273120,23.2
273180,24.4
273240,24.2
273300,22.0
273360,23.0
273420,21.8
273480,23.8
273540,23.2
273600,24.0
273660,23.6
273720,23.2
273780,23.8
273840,23.2
273900,22.8
273960,24.6
274020,22.4
274080,24.4
274140,24.0
274200,25.4
274260,23.2
274320,24.0
274380,23.2
274440,24.0
274500,24.6
274560,23.6
274620,23.8
274680,24.6
274740,24.8
274800,23.6
274860,24.0
274920,23.8
274980,22.4
275040,24.4
275100,24.4
275160,23.2
275220,23.0
275280,23.8
275340,23.2
275400,22.4
275460,23.4
275520,23.6
275580,25.4
275640,24.8
275700,22.8
275760,24.0
275820,22.8
275880,24.8
275940,23.0
276000,24.0
276060,24.8
276120,24.8
276180,24.6
276240,22.4
276300,22.4
276360,21.2
276420,23.2
276480,23.4
276540,24.0
276600,25.0
276660,23.4
276720,23.0
276780,23.8
276840,22.8
276900,23.0
276960,22.8
277020,25.0
277080,24.8
277140,24.4
277200,22.4
277260,21.6
277320,25.2
277380,23.0
277440,23.0
277500,23.2
277560,24.0
277620,23.0
277680,22.4
277740,22.8
277800,23.6
277860,23.2
277920,23.2
277980,24.2
278040,23.0
278100,24.0
278160,23.2
278220,23.8
278280,22.8
278340,23.8
278400,23.6
278460,23.0
278520,25.8
278580,23.6
278640,25.4
278700,24.6
278760,24.4
278820,23.0
278880,24.2
278940,23.8
279000,22.6
279060,24.6
279120,23.0
279180,22.4
279240,24.6
279300,23.8
279360,24.4
279420,23.6
279480,25.2
279540,23.4
279600,24.0
279660,25.0
279720,23.0
279780,23.6
279840,25.2
279900,23.4
279960,23.6
280020,25.8
280080,23.4
280140,23.0
280200,23.8
280260,22.4
280320,23.2
280380,24.0
280440,24.4
280500,24.0
280560,24.4
280620,23.8
280680,24.2
280740,25.0
280800,24.4
280860,24.0
280920,24.8
280980,24.6
281040,23.6
281100,25.6
281160,24.2
281220,23.8
281280,23.4
281340,23.6
281400,25.0
281460,24.8
281520,23.2
281580,23.8
281640,24.8
281700,23.6
281760,23.2
281820,24.8
281880,23.8
281940,24.2
282000,22.8
282060,24.4
282120,24.6
282180,24.0
282240,22.6
282300,23.4
282360,23.2
282420,24.8
282480,24.0
282540,23.4
282600,23.6
282660,22.4
282720,24.6
282780,23.2
282840,24.0
282900,24.0
282960,23.0
283020,24.8
283080,23.2
283140,24.0
283200,23.8
283260,23.0
283320,24.0
283380,24.2
283440,25.0
283500,23.8
283560,24.8
283620,24.2
283680,23.8
283740,26.0
283800,25.4
283860,24.6
283920,23.6
283980,24.2
284040,26.0
284100,24.0
284160,24.0
284220,23.8
284280,25.8
284340,24.4
284400,24.6
284460,25.6
284520,24.2
284580,24.4
284640,25.6
284700,25.0
284760,24.0
284820,23.4
284880,24.8
284940,25.4
285000,25.6
285060,24.6
285120,25.0
285180,24.4
285240,24.4
285300,24.4
285360,24.6
285420,24.2
285480,25.8
285540,25.2
285600,25.6
285660,25.2
285720,24.2
285780,24.0
285840,24.4
285900,25.4
285960,24.6
286020,24.8
286080,24.8
286140,26.0
286200,25.0
286260,25.2
286320,26.2
286380,24.2
286440,24.2
286500,25.0
286560,24.6
286620,23.8
286680,26.2
286740,24.4
286800,25.6
286860,25.0
286920,23.8
286980,25.0
287040,25.8
287100,24.8
287160,24.4
287220,24.0
287280,25.6
287340,25.0
287400,24.0
287460,24.6
287520,25.6
287580,25.4
287640,23.8
287700,25.6
287760,25.4
287820,24.4
287880,25.0
287940,25.4
288000,24.8
288060,25.0
288120,24.6
288180,25.0
288240,25.6
288300,24.4
288360,24.4
288420,24.4
288480,24.8
288540,23.6
