#Steps,score
60,0.2
120,0.8
180,1.4
240,2.0
300,0.6
360,2.0
420,1.0
480,0.8
540,1.8
600,1.8
660,1.2
720,0.2
780,1.8
840,0.8
900,0.2
960,1.4
1020,0.8
1080,1.2
1140,1.8
1200,1.2
1260,0.4
1320,1.0
1380,1.2
1440,1.2
1500,1.2
1560,1.0
1620,2.2
1680,1.0
1740,1.4
1800,1.0
1860,2.6
1920,1.6
1980,1.4
2040,1.6
2100,2.0
2160,0.8
2220,1.4
2280,1.0
2340,1.4
2400,1.0
2460,0.8
2520,1.4
2580,1.4
2640,1.0
2700,1.2
2760,1.0
2820,1.8
2880,1.2
2940,1.6
3000,2.8
3060,0.8
3120,0.6
3180,1.0
3240,1.4
3300,0.8
3360,0.6
3420,1.2
3480,2.0
3540,1.4
3600,1.0
3660,1.4
3720,1.6
3780,1.2
3840,0.8
3900,2.0
3960,0.8
4020,1.0
4080,1.0
4140,1.8
4200,1.4
4260,1.0
4320,0.6
4380,1.4
4440,1.4
4500,1.4
4560,1.2
4620,0.6
4680,1.6
4740,1.4
4800,1.2
4860,1.2
4920,1.0
4980,1.8
5040,1.0
5100,0.4
5160,1.0
5220,1.8
5280,0.6
5340,1.6
5400,1.4
5460,0.6
5520,0.8
5580,1.4
5640,0.8
5700,1.0
5760,0.8
5820,0.8
5880,1.0
5940,0.8
6000,1.0
6060,2.0
6120,2.2
6180,2.0
6240,1.0
6300,1.4
6360,0.8
6420,1.6
6480,1.0
6540,1.6
6600,1.4
6660,1.2
6720,1.2
6780,1.0
6840,2.2
6900,2.2
6960,2.2
7020,1.4
7080,1.8
7140,1.0
7200,2.2
7260,1.8
7320,0.8
7380,1.6
7440,1.6
7500,1.6
7560,1.4
7620,1.2
7680,0.4
7740,1.6
7800,1.4
7860,1.6
7920,1.8
7980,2.0
8040,2.2
8100,1.2
8160,2.6
8220,1.2
8280,1.6
8340,1.2
8400,1.4
8460,1.8
8520,0.6
8580,1.4
8640,1.0
8700,1.8
8760,1.6
8820,1.6
8880,2.0
8940,2.2
9000,1.4
9060,1.8
9120,2.0
9180,0.8
9240,1.4
9300,2.0
9360,1.2
9420,2.2
9480,2.6
9540,1.2
9600,1.8
9660,2.0
9720,2.2
9780,1.2
9840,1.4
9900,1.8
9960,2.0
10020,1.6
10080,2.2
10140,1.6
10200,1.8
10260,2.4
10320,2.0
10380,0.8
10440,1.8
10500,1.4
10560,1.6
10620,0.8
10680,2.4
10740,2.0
10800,1.0
10860,0.8
10920,1.2
10980,2.2
11040,1.4
11100,2.2
11160,2.6
11220,2.4
11280,0.8
11340,2.0
11400,3.2
11460,2.4
11520,1.6
11580,1.0
11640,1.4
11700,2.8
11760,2.0
11820,1.2
11880,2.0
11940,1.6
12000,2.0
12060,1.4
12120,2.4
12180,2.8
12240,1.2
12300,2.0
12360,2.6
12420,0.6
12480,3.6
12540,1.0
12600,1.6
12660,2.8
12720,1.8
12780,1.0
12840,1.2
12900,2.4
12960,3.4
13020,2.6
13080,2.4
13140,2.0
13200,1.8
13260,2.6
13320,1.4
13380,2.8
13440,3.6
13500,2.2
13560,2.2
13620,2.6
13680,1.8
13740,3.2
13800,2.4
13860,3.6
13920,3.0
13980,4.4
14040,3.2
14100,3.2
14160,3.0
14220,3.6
14280,5.0
14340,4.6
14400,6.4
14460,5.8
14520,6.0
14580,7.8
14640,9.2
14700,9.6
14760,10.8
14820,13.0
14880,18.6
14940,20.4
15000,20.8
15060,22.2
15120,23.0
15180,21.4
15240,22.0
15300,22.0
15360,21.0
15420,21.0
15480,22.8
15540,22.8
15600,22.6
15660,21.6
15720,23.2
15780,23.0
15840,23.0
15900,23.4
15960,22.4
16020,23.6
16080,23.2
16140,22.2
16200,23.2
16260,21.8
16320,23.2
16380,23.4
16440,22.2
16500,22.8
16560,22.2
16620,24.2
16680,22.8
16740,24.0
16800,24.0
16860,23.2
16920,23.0
16980,22.8
17040,23.0
17100,22.2
17160,22.8
17220,22.4
17280,23.0
17340,22.4
17400,23.2
17460,22.8
17520,22.6
17580,22.2
17640,22.2
17700,23.4
17760,23.0
17820,23.0
17880,22.8
17940,23.4
18000,22.8
18060,21.8
18120,21.8
18180,22.6
18240,22.4
18300,22.2
18360,22.0
18420,22.4
18480,23.0
18540,23.6
18600,25.6
18660,22.4
18720,23.2
18780,24.2
18840,24.2
18900,24.4
18960,24.8
19020,22.4
19080,25.0
19140,23.0
19200,22.2
19260,25.6
19320,24.8
19380,23.6
19440,22.4
19500,23.0
19560,26.0
19620,23.2
19680,26.8
19740,22.2
19800,21.8
19860,24.4
19920,23.8
19980,24.2
20040,23.0
20100,23.4
20160,22.4
20220,23.6
20280,24.0
20340,23.4
20400,23.4
20460,22.2
20520,22.4
20580,23.2
20640,24.0
20700,22.4
20760,24.0
20820,25.0
20880,24.4
20940,23.4
21000,23.2
21060,25.0
21120,25.2
21180,23.4
21240,24.2
21300,22.2
21360,23.4
21420,23.6
21480,24.2
21540,26.2
21600,23.2
21660,24.4
21720,25.4
21780,26.0
21840,24.4
21900,25.4
21960,24.2
22020,25.4
22080,24.2
22140,25.4
22200,22.4
22260,23.6
22320,24.2
22380,25.2
22440,23.6
22500,25.0
22560,27.2
22620,24.6
22680,24.6
22740,24.0
22800,23.8
22860,24.0
22920,23.4
22980,24.8
23040,24.0
23100,23.8
23160,24.8
23220,26.0
23280,24.2
23340,24.2
23400,24.0
23460,24.6
23520,24.0
23580,23.4
23640,25.2
23700,23.8
23760,23.2
23820,25.4
23880,25.8
23940,24.2
24000,24.0
24060,24.6
24120,24.6
24180,24.4
24240,23.4
24300,25.8
24360,24.8
24420,25.8
24480,24.6
24540,25.6
24600,24.4
24660,24.8
24720,23.2
24780,24.6
24840,24.4
24900,24.6
24960,25.2
25020,23.2
25080,25.2
25140,24.0
25200,23.8
25260,25.0
25320,24.4
25380,23.6
25440,25.0
25500,24.4
25560,25.0
25620,24.6
25680,23.8
25740,23.0
25800,23.8
25860,23.2
25920,24.6
25980,23.6
26040,24.2
26100,24.4
26160,26.0
26220,24.2
26280,25.0
26340,24.6
26400,23.6
26460,23.6
26520,25.8
26580,23.6
26640,24.2
26700,25.8
26760,24.6
26820,25.4
26880,25.2
26940,25.0
27000,24.8
27060,24.6
27120,25.0
27180,24.0
27240,24.6
27300,24.2
27360,25.6
27420,24.8
27480,24.8
27540,25.4
27600,25.4
27660,25.4
27720,25.4
27780,25.0
27840,23.4
27900,25.0
27960,24.0
28020,24.8
28080,24.4
28140,24.8
28200,25.2
28260,25.2
28320,24.2
28380,25.0
28440,25.8
28500,26.0
28560,25.6
28620,26.4
28680,26.2
28740,25.0
28800,27.6
28860,25.2
28920,23.8
28980,26.0
29040,23.6
29100,25.2
29160,24.8
29220,25.0
29280,24.8
29340,25.6
29400,24.6
29460,24.0
29520,24.4
29580,24.4
29640,25.2
29700,24.6
29760,24.8
29820,24.8
29880,24.6
29940,24.8
30000,24.6
30060,24.6
30120,24.6
30180,25.2
30240,25.8
30300,25.4
30360,24.6
30420,24.6
30480,23.8
30540,24.4
30600,25.4
30660,25.8
30720,23.4
30780,26.2
30840,24.4
30900,25.2
30960,25.6
31020,25.0
31080,25.2
31140,24.2
31200,25.6
31260,26.2
31320,24.2
31380,23.2
31440,24.6
31500,26.0
31560,25.2
31620,25.0
31680,25.4
31740,25.4
31800,24.0
31860,26.0
31920,25.0
31980,23.4
32040,25.2
32100,25.6
32160,25.6
32220,23.6
32280,25.2
32340,25.0
32400,24.2
32460,25.4
32520,25.0
32580,23.6
32640,25.2
32700,23.6
32760,25.0
32820,24.0
32880,24.8
32940,25.6
33000,25.4
33060,23.6
33120,22.2
33180,23.0
33240,23.8
33300,23.4
33360,24.4
33420,24.0
33480,24.4
33540,23.2
33600,23.4
33660,24.8
33720,24.2
33780,24.4
33840,23.2
33900,22.8
33960,23.0
34020,23.4
34080,23.8
34140,23.4
34200,24.6
34260,24.0
34320,23.0
34380,24.8
34440,24.4
34500,23.8
34560,23.4
34620,23.2
34680,23.6
34740,25.0
34800,23.2
34860,25.0
34920,24.4
34980,26.0
35040,24.8
35100,24.6
35160,26.0
35220,24.6
35280,24.6
35340,24.2
35400,25.6
35460,25.6
35520,24.6
35580,23.2
35640,25.2
35700,23.4
35760,25.2
35820,25.2
35880,24.6
35940,25.4
36000,25.0
36060,26.8
36120,26.2
36180,25.4
36240,24.6
36300,26.4
36360,25.2
36420,23.8
36480,25.0
36540,26.0
36600,24.2
36660,24.4
36720,23.4
36780,22.6
36840,24.6
36900,24.4
36960,25.0
37020,25.0
37080,26.2
37140,23.2
37200,25.6
37260,25.6
37320,25.0
37380,23.2
37440,25.6
37500,21.4
37560,25.0
37620,23.8
37680,24.6
37740,23.4
37800,23.2
37860,25.2
37920,24.4
37980,23.4
38040,25.2
38100,23.8
38160,22.4
38220,25.0
38280,24.6
38340,24.0
38400,24.6
38460,24.2
38520,26.2
38580,25.0
38640,24.8
38700,25.2
38760,23.8
38820,24.2
38880,24.6
38940,24.2
39000,24.4
39060,23.2
39120,25.0
39180,25.0
39240,24.0
39300,24.6
39360,25.2
39420,25.2
39480,26.4
39540,24.8
39600,25.2
39660,24.8
39720,24.4
39780,23.4
39840,24.8
39900,24.4
39960,23.4
40020,25.6
40080,24.6
40140,25.2
40200,23.6
40260,24.0
40320,24.2
40380,24.8
40440,24.4
40500,25.4
40560,24.4
40620,24.4
40680,25.8
40740,27.2
40800,24.6
40860,23.0
40920,25.0
40980,25.0
41040,25.4
41100,25.6
41160,25.2
41220,25.6
41280,24.0
41340,25.8
41400,24.8
41460,25.4
41520,25.0
41580,25.6
41640,23.4
41700,24.6
41760,26.2
41820,24.2
41880,26.0
41940,24.2
42000,26.0
42060,26.0
42120,24.8
42180,25.2
42240,25.0
42300,25.6
42360,25.6
42420,25.4
42480,23.6
42540,24.6
42600,26.8
42660,23.8
42720,25.4
42780,26.6
42840,25.0
42900,24.0
42960,24.8
43020,23.8
43080,23.6
43140,25.2
43200,25.0
43260,24.8
43320,24.6
43380,23.4
43440,23.4
43500,24.6
43560,24.2
43620,24.0
43680,22.2
43740,24.2
43800,24.4
43860,24.8
43920,23.6
43980,24.0
44040,22.4
44100,24.0
44160,23.0
44220,24.0
44280,24.0
44340,23.6
44400,22.8
44460,23.6
44520,24.8
44580,24.2
44640,25.4
44700,24.2
44760,24.8
44820,23.6
44880,24.8
44940,25.6
45000,24.2
45060,23.0
45120,23.8
45180,23.6
45240,24.2
45300,24.2
45360,24.8
45420,24.0
45480,24.2
45540,23.4
45600,25.0
45660,23.6
45720,23.4
45780,23.8
45840,24.0
45900,23.8
45960,24.8
46020,23.4
46080,24.0
46140,24.8
46200,23.8
46260,26.6
46320,24.8
46380,24.8
46440,26.2
46500,23.4
46560,24.2
46620,25.2
46680,26.2
46740,25.4
46800,25.0
46860,24.8
46920,25.0
46980,25.2
47040,25.8
47100,23.6
47160,26.2
47220,24.6
47280,22.4
47340,24.4
47400,24.2
47460,24.4
47520,23.8
47580,24.2
47640,25.4
47700,25.2
47760,24.0
47820,24.4
47880,23.2
47940,25.4
48000,24.6
48060,24.4
48120,24.0
48180,24.4
48240,24.8
48300,25.2
48360,25.0
48420,25.6
48480,26.4
48540,26.2
48600,25.0
48660,24.8
48720,25.6
48780,24.6
48840,25.2
48900,24.0
48960,25.6
49020,25.4
49080,24.4
49140,23.0
49200,23.4
49260,24.8
49320,24.8
49380,25.2
49440,24.2
49500,25.2
49560,23.4
49620,22.8
49680,24.6
49740,24.8
49800,23.6
49860,24.0
49920,23.4
49980,24.6
50040,24.4
50100,24.4
50160,25.2
50220,25.2
50280,25.6
50340,24.0
50400,24.8
50460,25.6
50520,25.4
50580,23.8
50640,25.0
50700,25.0
50760,24.0
50820,25.4
50880,24.0
50940,25.6
51000,25.4
51060,24.6
51120,24.8
51180,23.4
51240,24.2
51300,25.8
51360,25.2
51420,24.4
51480,23.6
51540,25.2
51600,23.8
51660,24.0
51720,25.8
51780,25.6
51840,24.8
51900,25.2
51960,26.0
52020,26.4
52080,26.6
52140,26.2
52200,25.4
52260,24.2
52320,23.8
52380,25.2
52440,23.4
52500,23.6
52560,23.8
52620,25.0
52680,26.0
52740,23.4
52800,23.4
52860,24.2
52920,23.6
52980,25.8
53040,25.0
53100,25.0
53160,24.4
53220,25.8
53280,23.0
53340,23.6
53400,24.8
53460,24.6
53520,24.4
53580,24.2
53640,24.2
53700,24.0
53760,24.6
53820,24.2
53880,24.0
53940,25.0
54000,25.2
54060,25.6
54120,24.4
54180,25.0
54240,25.0
54300,23.4
54360,25.0
54420,25.2
54480,25.6
54540,22.4
54600,24.8
54660,26.0
54720,24.4
54780,24.2
54840,26.2
54900,24.4
54960,23.8
55020,24.4
55080,24.2
55140,24.8
55200,25.4
55260,25.0
55320,25.6
55380,25.8
55440,25.4
55500,26.0
55560,24.2
55620,25.2
55680,26.4
55740,25.6
55800,25.0
55860,25.4
55920,25.8
55980,25.0
56040,24.4
56100,24.0
56160,24.2
56220,24.0
56280,26.0
56340,23.8
56400,24.6
56460,26.0
56520,23.6
56580,23.6
56640,24.8
56700,24.8
56760,24.8
56820,24.2
56880,23.4
56940,24.0
57000,23.2
57060,24.4
57120,25.2
57180,25.2
57240,25.6
57300,25.4
57360,25.0
57420,23.4
57480,25.2
57540,24.8
57600,25.4
57660,26.6
57720,26.0
57780,24.8
57840,25.8
57900,24.2
57960,26.0
58020,25.2
58080,26.0
58140,23.6
58200,23.8
58260,24.0
58320,24.2
58380,24.2
58440,25.4
58500,24.8
58560,25.0
58620,24.6
58680,25.8
58740,25.4
58800,26.4
58860,25.2
58920,25.8
58980,25.4
59040,24.2
59100,24.0
59160,27.0
59220,25.4
59280,24.0
59340,24.8
59400,25.8
59460,26.0
59520,25.0
59580,23.4
59640,26.6
59700,24.4
59760,25.2
59820,24.4
59880,26.0
59940,25.2
60000,24.2
60060,25.2
60120,25.8
60180,24.6
60240,27.2
60300,24.4
60360,24.8
60420,23.8
60480,24.6
60540,24.4
60600,24.2
60660,25.2
60720,23.6
60780,24.2
60840,24.8
60900,24.2
60960,25.2
61020,25.0
61080,25.0
61140,24.4
61200,24.2
61260,25.6
61320,22.6
61380,24.8
61440,25.6
61500,25.4
61560,25.4
61620,25.6
61680,26.8
61740,24.0
61800,23.8
61860,25.2
61920,24.0
61980,26.0
62040,25.4
62100,25.2
62160,23.8
62220,24.0
62280,25.6
62340,24.6
62400,24.8
62460,24.8
62520,24.8
62580,25.0
62640,23.8
62700,24.2
62760,23.8
62820,25.0
62880,24.6
62940,24.8
63000,25.0
63060,24.6
63120,24.6
63180,23.4
63240,24.0
63300,23.2
63360,24.8
63420,24.2
63480,23.4
63540,26.4
63600,23.0
63660,23.2
63720,24.4
63780,24.0
63840,24.0
63900,23.4
63960,24.2
64020,23.0
64080,24.4
64140,25.0
64200,24.4
64260,24.2
64320,24.0
64380,25.0
64440,24.2
64500,25.6
64560,25.0
64620,24.2
64680,24.0
64740,25.8
64800,24.6
64860,23.8
64920,25.6
64980,25.0
65040,25.2
65100,24.2
65160,24.8
65220,22.8
65280,25.2
65340,24.8
65400,23.6
65460,24.0
65520,25.2
65580,22.8
65640,23.6
65700,24.2
65760,25.8
65820,23.4
65880,23.6
65940,24.0
66000,25.0
66060,26.0
66120,25.4
66180,25.0
66240,23.6
66300,23.6
66360,25.6
66420,25.2
66480,24.6
66540,26.8
66600,25.8
66660,23.8
66720,24.0
66780,25.6
66840,22.4
66900,25.4
66960,25.4
67020,25.0
67080,23.0
67140,24.2
67200,25.2
67260,23.2
67320,25.2
67380,24.8
67440,24.8
67500,24.8
67560,25.0
67620,26.0
67680,24.2
67740,23.4
67800,25.4
67860,24.2
67920,24.0
67980,23.6
68040,23.8
68100,25.0
68160,23.2
68220,25.6
68280,22.8
68340,24.2
68400,24.4
68460,24.8
68520,24.8
68580,24.4
68640,24.0
68700,24.2
68760,25.4
68820,24.8
68880,23.4
68940,24.6
69000,24.4
69060,24.8
69120,23.6
69180,23.6
69240,24.2
69300,25.2
69360,24.2
69420,24.4
69480,23.6
69540,24.6
69600,23.6
69660,23.2
69720,24.0
69780,24.0
69840,23.4
69900,25.4
69960,23.8
70020,25.6
70080,23.6
70140,25.2
70200,25.2
70260,24.6
70320,23.2
70380,23.6
70440,24.2
70500,25.0
70560,24.6
70620,24.4
70680,24.8
70740,25.0
70800,23.4
70860,23.4
70920,25.6
70980,25.8
71040,26.2
71100,25.4
71160,24.8
71220,26.4
71280,24.0
71340,25.0
71400,23.6
71460,25.0
71520,24.4
71580,25.2
71640,23.2
71700,23.2
71760,24.0
71820,25.4
71880,25.8
71940,23.2
72000,27.4
72060,25.0
72120,25.2
72180,24.0
72240,23.8
72300,26.0
72360,25.2
72420,24.2
72480,25.4
72540,25.0
72600,24.6
72660,25.8
72720,24.8
72780,24.8
72840,24.6
72900,24.6
72960,24.0
73020,25.2
73080,25.2
73140,24.4
73200,25.4
73260,24.6
73320,25.8
73380,23.4
73440,24.4
73500,25.0
73560,24.4
73620,25.2
73680,23.8
73740,24.2
73800,25.0
73860,24.6
73920,24.0
73980,25.0
74040,25.6
74100,24.2
74160,24.2
74220,23.2
74280,23.6
74340,24.4
74400,24.6
74460,23.4
74520,24.0
74580,24.8
74640,24.0
74700,23.4
74760,23.4
74820,23.4
74880,22.8
74940,23.0
75000,24.6
75060,23.4
75120,25.4
75180,23.8
75240,24.0
75300,23.6
75360,23.2
75420,24.2
75480,23.0
75540,22.8
75600,24.2
75660,25.0
75720,24.0
75780,24.4
75840,25.0
75900,25.6
75960,24.6
76020,24.0
76080,24.2
76140,24.8
76200,24.6
76260,24.4
76320,24.6
76380,25.0
76440,24.2
76500,24.4
76560,24.6
76620,24.4
76680,23.4
76740,23.6
76800,24.2
76860,23.8
76920,25.0
76980,24.2
77040,24.8
77100,24.0
77160,25.2
77220,25.2
77280,24.8
77340,25.6
77400,25.6
77460,24.8
77520,24.0
77580,25.6
77640,23.8
77700,24.4
77760,23.2
77820,25.0
77880,24.2
77940,25.6
78000,25.0
78060,24.0
78120,23.6
78180,25.4
78240,25.2
78300,24.8
78360,24.4
78420,24.4
78480,26.0
78540,24.8
78600,25.0
78660,24.8
78720,23.6
78780,25.4
78840,24.2
78900,25.6
78960,26.2
79020,25.0
79080,23.8
79140,25.8
79200,26.8
79260,26.6
79320,25.4
79380,25.2
79440,25.0
79500,25.2
79560,24.6
79620,23.8
79680,25.2
79740,24.6
79800,24.8
79860,23.6
79920,25.2
79980,23.2
80040,25.6
80100,24.8
80160,24.0
80220,23.2
80280,24.8
80340,24.0
80400,24.4
80460,24.2
80520,25.4
80580,24.6
80640,26.6
80700,24.6
80760,24.2
80820,25.6
80880,25.8
80940,24.4
81000,24.4
81060,23.6
81120,23.2
81180,24.6
81240,25.0
81300,25.4
81360,24.2
81420,24.4
81480,23.2
81540,23.6
81600,23.8
81660,23.6
81720,23.0
81780,24.6
81840,22.4
81900,22.6
81960,24.2
82020,23.6
82080,23.6
82140,24.0
82200,23.2
82260,23.6
82320,23.6
82380,24.0
82440,24.8
82500,23.6
82560,22.8
82620,24.8
82680,25.2
82740,23.4
82800,24.6
82860,24.0
82920,25.4
82980,23.2
83040,22.8
83100,24.2
83160,24.0
83220,24.6
83280,24.4
83340,25.4
83400,24.2
83460,25.8
83520,23.0
83580,24.0
83640,25.0
83700,25.6
83760,26.0
83820,23.4
83880,24.4
83940,23.2
84000,24.8
84060,24.2
84120,25.2
84180,25.2
84240,25.4
84300,25.2
84360,23.6
84420,23.8
84480,23.8
84540,26.4
84600,24.4
84660,23.2
84720,25.6
84780,23.8
84840,24.6
84900,25.6
84960,24.4
85020,24.4
85080,24.4
85140,24.4
85200,25.4
85260,22.4
85320,24.6
85380,24.0
85440,25.0
85500,24.2
85560,23.6
85620,26.4
85680,24.0
85740,23.8
85800,24.0
85860,25.8
85920,23.0
85980,25.2
86040,25.8
86100,24.2
86160,24.8
86220,24.8
86280,24.2
86340,23.6
86400,23.8
86460,25.0
86520,23.8
86580,23.8
86640,24.0
86700,23.6
86760,24.4
86820,24.2
86880,25.4
86940,24.6
87000,25.2
87060,25.4
87120,24.2
87180,24.4
87240,23.8
87300,25.0
87360,25.6
87420,24.2
87480,23.6
87540,23.2
87600,25.2
87660,25.0
87720,24.6
87780,23.4
87840,24.6
87900,24.8
87960,23.8
88020,24.2
88080,23.6
88140,23.4
88200,24.4
88260,24.0
88320,23.8
88380,24.2
88440,24.0
88500,24.0
88560,25.2
88620,25.4
88680,25.0
88740,24.6
88800,23.4
88860,23.8
88920,23.6
88980,24.2
89040,24.4
89100,24.2
89160,23.2
89220,25.2
89280,25.4
89340,24.0
89400,24.0
89460,25.4
89520,24.0
89580,26.2
89640,25.2
89700,24.4
89760,23.8
89820,24.0
89880,24.8
89940,25.0
90000,24.0
