#Steps,score
60,1.0
120,0.8
180,2.4
240,1.4
300,0.6
360,2.0
420,1.0
480,1.2
540,1.6
600,0.6
660,1.4
720,0.8
780,1.4
840,0.8
900,1.4
960,0.2
1020,0.6
1080,1.4
1140,1.4
1200,0.4
1260,1.4
1320,1.2
1380,1.2
1440,0.8
1500,2.0
1560,1.4
1620,0.8
1680,1.6
1740,0.8
1800,0.8
1860,0.4
1920,0.8
1980,1.8
2040,0.8
2100,1.4
2160,1.2
2220,1.4
2280,0.2
2340,2.2
2400,0.8
2460,1.2
2520,1.8
2580,0.6
2640,1.2
2700,0.8
2760,1.2
2820,1.2
2880,1.0
2940,1.0
3000,0.6
3060,1.0
3120,0.6
3180,0.8
3240,0.8
3300,2.0
3360,0.8
3420,1.2
3480,2.0
3540,0.8
3600,1.4
3660,0.6
3720,0.8
3780,1.8
3840,2.0
3900,1.6
3960,0.4
4020,1.2
4080,1.4
4140,1.4
4200,1.6
4260,1.2
4320,1.2
4380,0.8
4440,1.6
4500,1.4
4560,0.6
4620,0.6
4680,1.4
4740,1.0
4800,0.4
4860,1.0
4920,0.4
4980,0.4
5040,0.2
5100,1.6
5160,0.8
5220,0.8
5280,1.2
5340,1.6
5400,1.2
5460,1.4
5520,1.4
5580,1.4
5640,1.4
5700,1.0
5760,0.8
5820,1.0
5880,0.8
5940,1.2
6000,0.4
6060,0.8
6120,1.0
6180,0.8
6240,2.0
6300,1.0
6360,1.4
6420,0.4
6480,1.4
6540,0.4
6600,1.4
6660,1.4
6720,0.8
6780,1.6
6840,0.8
6900,1.6
6960,2.4
7020,1.6
7080,0.6
7140,2.2
7200,0.6
7260,1.2
7320,1.4
7380,1.4
7440,2.2
7500,0.6
7560,1.0
7620,0.8
7680,1.2
7740,1.4
7800,1.2
7860,1.2
7920,1.4
7980,1.2
8040,0.6
8100,1.8
8160,1.8
8220,1.0
8280,0.2
8340,1.2
8400,0.6
8460,1.4
8520,1.4
8580,1.6
8640,1.8
8700,1.0
8760,1.4
8820,1.4
8880,1.0
8940,2.8
9000,1.6
9060,1.4
9120,1.0
9180,1.0
9240,1.2
9300,1.2
9360,0.2
9420,0.6
9480,1.4
9540,1.6
9600,1.2
9660,1.8
9720,1.4
9780,1.4
9840,0.6
9900,1.2
9960,1.0
10020,1.4
10080,1.0
10140,0.8
10200,1.6
10260,1.0
10320,0.6
10380,1.6
10440,2.0
10500,0.2
10560,1.0
10620,1.8
10680,1.2
10740,0.8
10800,0.6
10860,0.8
10920,0.8
10980,0.6
11040,2.0
11100,1.4
11160,0.6
11220,1.2
11280,1.4
11340,1.2
11400,1.0
11460,0.8
11520,1.6
11580,2.4
11640,1.4
11700,1.6
11760,2.0
11820,1.2
11880,1.0
11940,1.2
12000,1.2
12060,1.0
12120,1.0
12180,0.8
12240,1.2
12300,0.2
12360,1.0
12420,0.6
12480,1.4
12540,0.8
12600,1.4
12660,1.2
12720,1.6
12780,1.0
12840,1.2
12900,0.8
12960,2.2
13020,1.2
13080,1.6
13140,0.8
13200,1.0
13260,0.8
13320,0.8
13380,1.0
13440,0.6
13500,1.2
13560,1.2
13620,1.2
13680,2.4
13740,1.4
13800,1.4
13860,0.6
13920,1.4
13980,1.4
14040,1.8
14100,0.8
14160,1.0
14220,1.4
14280,1.4
14340,1.8
14400,0.8
14460,1.4
14520,1.8
14580,2.0
14640,1.2
14700,1.2
14760,1.0
14820,1.4
14880,1.4
14940,1.6
15000,1.2
15060,0.8
15120,1.2
15180,1.0
15240,1.0
15300,0.8
15360,1.8
15420,1.8
15480,1.2
15540,1.2
15600,1.8
15660,1.0
15720,1.2
15780,1.6
15840,1.4
15900,0.2
15960,0.8
16020,0.6
16080,1.6
16140,0.6
16200,1.4
16260,0.8
16320,1.4
16380,1.0
16440,1.2
16500,1.6
16560,0.8
16620,1.2
16680,0.8
16740,0.6
16800,0.8
16860,1.6
16920,1.4
16980,0.8
17040,1.6
17100,1.0
17160,1.0
17220,1.2
17280,2.0
17340,0.2
17400,1.6
17460,1.2
17520,0.8
17580,1.0
17640,1.0
17700,1.6
17760,1.6
17820,1.8
17880,1.0
17940,0.4
18000,1.4
18060,1.8
18120,1.2
18180,1.0
18240,1.0
18300,0.8
18360,0.8
18420,0.8
18480,0.6
18540,1.4
18600,2.0
18660,1.2
18720,0.6
18780,2.6
18840,2.0
18900,1.6
18960,2.0
19020,1.2
19080,1.4
19140,1.0
19200,1.6
19260,1.6
19320,0.6
19380,1.0
19440,1.0
19500,1.4
19560,1.8
19620,1.2
19680,1.2
19740,1.2
19800,0.8
19860,1.2
19920,1.2
19980,1.0
20040,1.0
20100,0.6
20160,1.8
20220,1.0
20280,0.6
20340,0.8
20400,0.4
20460,1.4
20520,1.0
20580,0.6
20640,0.8
20700,0.4
20760,1.2
20820,0.8
20880,1.0
20940,1.4
21000,1.8
21060,1.4
21120,0.6
21180,0.8
21240,0.6
21300,0.8
21360,0.6
21420,0.6
21480,0.8
21540,1.2
21600,0.6
21660,1.0
21720,1.0
21780,1.8
21840,1.0
21900,0.8
21960,1.4
22020,1.0
22080,0.8
22140,1.2
22200,1.2
22260,0.8
22320,1.6
22380,1.2
22440,1.0
22500,2.0
22560,1.6
22620,1.4
22680,1.8
22740,0.8
22800,1.8
22860,1.0
22920,0.8
22980,0.6
23040,1.0
23100,1.6
23160,1.4
23220,1.2
23280,0.8
23340,1.0
23400,1.0
23460,1.4
23520,1.8
23580,0.8
23640,0.8
23700,1.0
23760,1.6
23820,0.8
23880,1.2
23940,2.0
24000,1.2
24060,1.2
24120,1.6
24180,1.4
24240,0.6
24300,0.8
24360,1.0
24420,0.8
24480,1.0
24540,1.4
24600,1.2
24660,1.4
24720,0.8
24780,0.6
24840,1.2
24900,0.8
24960,1.4
25020,1.0
25080,0.6
25140,0.8
25200,1.6
25260,1.0
25320,2.2
25380,1.2
25440,1.8
25500,1.8
25560,2.0
25620,2.4
25680,3.0
25740,1.4
25800,1.0
25860,2.0
25920,1.8
25980,2.6
26040,2.0
26100,1.0
26160,1.0
26220,1.4
26280,0.8
26340,2.4
26400,1.8
26460,0.8
26520,2.4
26580,1.2
26640,1.6
26700,0.8
26760,0.2
26820,0.4
26880,2.0
26940,2.0
27000,1.8
27060,1.6
27120,1.2
27180,1.8
27240,1.0
27300,0.8
27360,2.0
27420,1.4
27480,1.6
27540,1.4
27600,0.6
27660,0.8
27720,0.8
27780,1.8
27840,2.0
27900,1.4
27960,0.8
28020,1.4
28080,1.6
28140,1.4
28200,1.8
28260,1.8
28320,1.6
28380,0.8
28440,1.6
28500,1.2
28560,0.8
28620,1.8
28680,1.0
28740,2.0
28800,2.6
28860,1.6
28920,1.8
28980,1.4
29040,1.0
29100,1.4
29160,0.4
29220,0.4
29280,1.0
29340,0.6
29400,0.2
29460,1.2
29520,1.4
29580,1.4
29640,0.6
29700,1.0
29760,0.8
29820,1.2
29880,1.2
29940,2.0
30000,1.2
30060,2.2
30120,1.6
30180,1.6
30240,1.2
30300,1.8
30360,1.0
30420,2.0
30480,1.0
30540,2.0
30600,1.4
30660,1.0
30720,2.0
30780,1.2
30840,2.0
30900,0.6
30960,1.0
31020,1.2
31080,1.4
31140,1.6
31200,1.8
31260,0.8
31320,0.8
31380,2.0
31440,1.8
31500,2.2
31560,1.2
31620,1.6
31680,1.0
31740,1.0
31800,1.6
31860,1.0
31920,2.6
31980,1.4
32040,0.4
32100,1.2
32160,2.0
32220,0.6
32280,0.8
32340,1.0
32400,1.0
32460,0.8
32520,0.8
32580,2.0
32640,2.4
32700,1.2
32760,1.2
32820,1.8
32880,1.6
32940,1.2
33000,1.2
33060,1.0
33120,0.6
33180,2.0
33240,2.2
33300,1.6
33360,1.0
33420,1.2
33480,2.2
33540,1.4
33600,1.8
33660,1.0
33720,1.6
33780,1.0
33840,1.2
33900,1.6
33960,1.2
34020,1.6
34080,1.2
34140,1.4
34200,0.8
34260,1.8
34320,1.2
34380,0.8
34440,1.6
34500,1.4
34560,1.0
34620,1.0
34680,1.2
34740,2.0
34800,1.8
34860,2.0
34920,1.0
34980,1.8
35040,1.8
35100,1.8
35160,1.8
35220,1.8
35280,2.6
35340,1.2
35400,1.6
35460,2.2
35520,1.2
35580,1.8
35640,1.8
35700,1.4
35760,1.2
35820,0.8
35880,2.2
35940,2.6
36000,1.2
36060,2.2
36120,1.2
36180,1.0
36240,1.6
36300,2.0
36360,1.0
36420,1.2
36480,2.2
36540,1.6
36600,2.2
36660,2.2
36720,1.4
36780,1.8
36840,1.0
36900,1.8
36960,1.0
37020,2.2
37080,2.2
37140,1.4
37200,2.4
37260,2.2
37320,1.2
37380,1.4
37440,1.8
37500,1.2
37560,1.2
37620,2.0
37680,2.8
37740,2.2
37800,2.2
37860,0.8
37920,1.4
37980,1.8
38040,1.2
38100,1.8
38160,2.0
38220,1.6
38280,1.2
38340,2.2
38400,1.2
38460,1.6
38520,0.8
38580,1.6
38640,2.0
38700,1.0
38760,1.6
38820,0.8
38880,0.8
38940,1.8
39000,0.8
39060,1.4
39120,1.2
39180,2.2
39240,1.6
39300,2.0
39360,1.8
39420,2.0
39480,1.0
39540,2.4
39600,1.0
39660,1.6
39720,2.0
39780,0.8
39840,1.8
39900,1.2
39960,1.8
40020,0.8
40080,1.2
40140,1.0
40200,2.2
40260,1.6
40320,2.2
40380,2.8
40440,2.0
40500,2.8
40560,1.2
40620,1.2
40680,1.6
40740,1.8
40800,2.2
40860,2.2
40920,1.4
40980,1.6
41040,1.0
41100,1.8
41160,1.6
41220,1.6
41280,1.8
41340,1.8
41400,2.2
41460,1.4
41520,1.6
41580,1.2
41640,1.6
41700,0.6
41760,2.6
41820,1.6
41880,2.4
41940,2.8
42000,2.0
42060,1.2
42120,1.0
42180,1.2
42240,1.8
42300,1.6
42360,1.0
42420,2.4
42480,1.2
42540,2.2
42600,1.6
42660,2.2
42720,1.6
42780,2.6
42840,1.4
42900,1.8
42960,0.6
43020,1.6
43080,1.0
43140,2.4
43200,2.0
43260,1.6
43320,1.6
43380,1.4
43440,1.4
43500,1.8
43560,2.2
43620,1.2
43680,2.8
43740,0.8
43800,1.6
43860,1.4
43920,0.8
43980,2.4
44040,1.4
44100,0.8
44160,1.8
44220,1.2
44280,2.0
44340,1.2
44400,2.4
44460,1.2
44520,1.4
44580,0.8
44640,0.8
44700,1.6
44760,1.2
44820,2.2
44880,1.2
44940,0.6
45000,2.6
45060,1.6
45120,2.0
45180,2.0
45240,1.6
45300,1.6
45360,2.2
45420,0.8
45480,1.2
45540,1.0
45600,1.6
45660,2.0
45720,0.6
45780,2.4
45840,2.2
45900,1.6
45960,2.4
46020,2.4
46080,2.0
46140,0.8
46200,1.6
46260,1.0
46320,1.2
46380,1.8
46440,1.4
46500,1.8
46560,1.6
46620,1.2
46680,1.2
46740,1.2
46800,3.2
46860,1.6
46920,0.8
46980,1.8
47040,1.4
47100,1.4
47160,1.4
47220,1.2
47280,0.8
47340,1.0
47400,2.0
47460,0.8
47520,1.4
47580,2.0
47640,1.6
47700,1.8
47760,3.2
47820,2.6
47880,1.4
47940,1.8
48000,1.2
48060,1.4
48120,1.4
48180,2.6
48240,1.2
48300,1.2
48360,3.2
48420,1.4
48480,1.2
48540,1.8
48600,1.0
48660,1.2
48720,1.6
48780,1.2
48840,1.2
48900,1.4
48960,2.0
49020,0.6
49080,2.0
49140,1.6
49200,0.8
49260,1.2
49320,2.0
49380,0.8
49440,1.0
49500,1.0
49560,1.2
49620,1.4
49680,1.2
49740,1.6
49800,1.2
49860,1.4
49920,0.4
49980,0.6
50040,2.2
50100,1.8
50160,2.0
50220,1.4
50280,2.0
50340,1.2
50400,2.0
50460,0.8
50520,0.6
50580,0.4
50640,0.8
50700,1.0
50760,1.0
50820,1.8
50880,1.6
50940,2.2
51000,2.0
51060,1.0
51120,0.6
51180,1.2
51240,1.6
51300,1.4
51360,1.6
51420,2.2
51480,1.0
51540,2.0
51600,1.6
51660,1.8
51720,2.0
51780,1.0
51840,1.2
51900,0.8
51960,1.4
52020,2.0
52080,1.8
52140,1.8
52200,2.0
52260,1.0
52320,0.8
52380,0.8
52440,1.2
52500,1.0
52560,1.8
52620,1.0
52680,1.8
52740,1.2
52800,1.0
52860,1.4
52920,1.8
52980,2.4
53040,1.6
53100,0.6
53160,1.0
53220,1.6
53280,0.6
53340,1.0
53400,1.4
53460,1.4
53520,1.6
53580,2.2
53640,1.2
53700,1.8
53760,1.4
53820,1.2
53880,1.6
53940,2.0
54000,1.0
54060,1.8
54120,1.6
54180,1.6
54240,2.0
54300,2.0
54360,2.2
54420,1.2
54480,2.6
54540,2.0
54600,1.4
54660,1.0
54720,1.6
54780,1.2
54840,1.2
54900,1.2
54960,1.8
55020,1.8
55080,2.6
55140,1.6
55200,1.0
55260,2.0
55320,3.0
55380,1.6
55440,2.2
55500,1.8
55560,2.0
55620,2.0
55680,0.8
55740,1.6
55800,1.4
55860,1.4
55920,1.6
55980,1.6
56040,1.8
56100,2.4
56160,2.0
56220,1.8
56280,1.6
56340,1.6
56400,2.2
56460,1.0
56520,3.6
56580,3.2
56640,2.0
56700,2.2
56760,1.6
56820,2.4
56880,1.8
56940,1.8
57000,2.4
57060,2.2
57120,2.4
57180,2.4
57240,2.0
57300,2.2
57360,3.0
57420,2.6
57480,2.6
57540,2.6
57600,3.0
57660,1.6
57720,1.8
57780,2.0
57840,1.4
57900,2.2
57960,2.0
58020,1.2
58080,0.6
58140,1.4
58200,1.6
58260,0.4
58320,1.6
58380,1.0
58440,1.4
58500,1.2
58560,1.6
58620,0.6
58680,1.4
58740,1.4
58800,1.0
58860,2.0
58920,1.0
58980,2.4
59040,1.4
59100,1.6
59160,1.8
59220,1.6
59280,1.2
59340,1.8
59400,1.2
59460,1.8
59520,1.6
59580,0.8
59640,0.6
59700,1.8
59760,1.2
59820,2.8
59880,1.4
59940,1.2
60000,2.0
60060,1.4
60120,1.8
60180,0.8
60240,1.6
60300,1.6
60360,1.8
60420,1.0
60480,1.8
60540,1.8
60600,1.8
60660,1.6
60720,3.2
60780,2.2
60840,1.8
60900,1.0
60960,2.2
61020,2.2
61080,1.2
61140,2.4
61200,1.4
61260,2.2
61320,1.6
61380,1.2
61440,2.0
61500,2.6
61560,1.4
61620,2.2
61680,2.2
61740,1.8
61800,1.8
61860,2.0
61920,2.2
61980,2.8
62040,2.4
62100,2.0
62160,1.2
62220,2.0
62280,1.4
62340,2.4
62400,1.2
62460,1.4
62520,1.4
62580,2.4
62640,1.4
62700,0.8
62760,1.8
62820,2.0
62880,2.2
62940,2.0
63000,1.8
63060,1.6
63120,0.6
63180,1.4
63240,1.6
63300,2.2
63360,1.0
63420,1.8
63480,0.6
63540,2.0
63600,1.0
63660,1.0
63720,1.8
63780,1.2
63840,1.6
63900,1.0
63960,1.4
64020,1.2
64080,1.4
64140,1.2
64200,2.0
64260,1.8
64320,0.8
64380,0.6
64440,1.2
64500,2.4
64560,1.6
64620,1.0
64680,2.0
64740,2.0
64800,1.2
64860,1.0
64920,1.4
64980,2.8
65040,1.0
65100,1.2
65160,2.0
65220,1.4
65280,2.0
65340,0.8
65400,0.4
65460,2.0
65520,1.2
65580,0.6
65640,2.6
65700,1.4
65760,1.4
65820,2.2
65880,2.4
65940,3.0
66000,1.4
66060,1.8
66120,2.6
66180,1.8
66240,1.6
66300,2.6
66360,1.4
66420,2.4
66480,2.2
66540,0.8
66600,1.8
66660,1.8
66720,1.6
66780,1.0
66840,1.4
66900,3.0
66960,1.4
67020,2.2
67080,1.4
67140,1.4
67200,1.0
67260,1.0
67320,1.8
67380,1.6
67440,1.6
67500,0.8
67560,1.0
67620,1.6
67680,1.2
67740,1.2
67800,1.8
67860,1.6
67920,1.4
67980,1.8
68040,1.6
68100,1.4
68160,2.0
68220,2.0
68280,0.6
68340,2.0
68400,2.6
68460,1.4
68520,1.0
68580,0.8
68640,0.6
68700,1.4
68760,1.6
68820,1.8
68880,2.4
68940,1.2
69000,1.2
69060,1.0
69120,2.4
69180,2.0
69240,1.0
69300,1.2
69360,1.4
69420,1.6
69480,2.0
69540,1.2
69600,1.2
69660,1.2
69720,2.2
69780,2.6
69840,2.4
69900,1.6
69960,2.0
70020,2.2
70080,2.2
70140,2.0
70200,1.8
70260,1.0
70320,1.2
70380,1.6
70440,1.6
70500,1.4
70560,2.0
70620,1.6
70680,1.2
70740,2.2
70800,1.2
70860,2.2
70920,2.2
70980,1.8
71040,2.2
71100,1.6
71160,2.6
71220,2.2
71280,1.4
71340,1.8
71400,1.8
71460,1.2
71520,1.0
71580,2.2
71640,2.0
71700,1.2
71760,1.8
71820,2.4
71880,2.0
71940,2.2
72000,2.2
72060,2.0
72120,1.4
72180,0.8
72240,2.0
72300,1.2
72360,2.2
72420,1.0
72480,1.8
72540,1.2
72600,1.4
72660,2.0
72720,2.2
72780,1.2
72840,2.4
72900,2.0
72960,1.4
73020,2.4
73080,1.4
73140,2.4
73200,1.4
73260,2.4
73320,1.8
73380,1.2
73440,0.6
73500,2.0
73560,1.6
73620,0.8
73680,1.6
73740,2.6
73800,1.8
73860,1.6
73920,1.8
73980,1.0
74040,1.4
74100,1.4
74160,3.2
74220,1.6
74280,1.8
74340,1.4
74400,1.2
74460,1.2
74520,1.8
74580,0.8
74640,1.8
74700,1.4
74760,1.6
74820,0.8
74880,2.2
74940,1.4
75000,1.2
75060,2.0
75120,0.4
75180,1.8
75240,3.0
75300,1.4
75360,0.8
75420,0.8
75480,0.6
75540,1.6
75600,1.6
75660,1.4
75720,2.0
75780,1.6
75840,1.0
75900,1.4
75960,1.8
76020,1.6
76080,1.8
76140,1.8
76200,1.6
76260,2.2
76320,0.8
76380,0.8
76440,2.6
76500,1.4
76560,1.4
76620,2.2
76680,1.0
76740,2.4
76800,2.0
76860,1.8
76920,1.8
76980,1.8
77040,1.6
77100,1.2
77160,1.0
77220,1.2
77280,1.8
77340,1.0
77400,2.0
77460,1.8
77520,1.8
77580,2.0
77640,1.0
77700,1.2
77760,2.6
77820,1.4
77880,1.0
77940,0.8
78000,0.8
78060,1.4
78120,2.2
78180,2.2
78240,1.8
78300,2.4
78360,2.6
78420,1.8
78480,2.0
78540,2.0
78600,2.2
78660,1.6
78720,1.4
78780,1.6
78840,1.8
78900,2.2
78960,2.8
79020,1.8
79080,1.2
79140,2.6
79200,1.6
79260,2.4
79320,2.4
79380,2.0
79440,1.4
79500,1.2
79560,2.8
79620,1.6
79680,2.6
79740,2.4
79800,2.0
79860,1.2
79920,0.8
79980,1.6
80040,2.0
80100,2.4
80160,2.4
80220,1.2
80280,1.6
80340,1.8
80400,3.0
80460,1.8
80520,2.6
80580,1.6
80640,2.0
80700,1.6
80760,1.0
80820,2.8
80880,2.2
80940,1.8
81000,1.0
81060,2.2
81120,2.4
81180,1.8
81240,1.8
81300,2.4
81360,1.8
81420,2.0
81480,1.4
81540,1.0
81600,1.8
81660,2.0
81720,2.0
81780,2.2
81840,1.6
81900,1.2
81960,1.0
82020,2.6
82080,1.2
82140,1.4
82200,2.2
82260,2.2
82320,2.0
82380,3.0
82440,2.2
82500,2.0
82560,2.0
82620,3.0
82680,2.0
82740,2.4
82800,3.0
82860,2.8
82920,3.0
82980,2.8
83040,2.8
83100,3.4
83160,2.4
83220,2.4
83280,3.4
83340,2.2
83400,5.0
83460,3.2
83520,3.6
83580,2.6
83640,4.2
83700,3.2
83760,2.4
83820,2.8
83880,4.4
83940,3.0
84000,2.6
84060,3.2
84120,3.4
84180,3.4
84240,4.2
84300,2.4
84360,3.8
84420,5.0
84480,4.4
84540,3.8
84600,3.6
84660,2.4
84720,3.2
84780,3.0
84840,3.2
84900,1.8
84960,2.4
85020,3.4
85080,3.2
85140,1.2
85200,3.0
85260,2.4
85320,2.4
85380,1.4
85440,2.2
85500,2.6
85560,1.6
85620,1.4
85680,2.6
85740,1.4
85800,2.2
85860,3.8
85920,2.0
85980,2.0
86040,1.8
86100,2.6
86160,3.0
86220,2.8
86280,1.4
86340,2.4
86400,2.4
86460,2.6
86520,3.2
86580,2.8
86640,2.0
86700,3.4
86760,2.8
86820,1.6
86880,2.4
86940,2.2
87000,2.2
87060,4.0
87120,2.6
87180,2.8
87240,2.0
87300,1.4
87360,3.4
87420,3.4
87480,2.6
87540,2.6
87600,2.2
87660,3.2
87720,3.0
87780,2.6
87840,3.4
87900,2.8
87960,2.0
88020,3.2
88080,2.6
88140,2.8
88200,2.6
88260,2.6
88320,2.4
88380,2.6
88440,2.4
88500,2.6
88560,1.8
88620,2.8
88680,3.4
88740,2.0
88800,3.2
88860,2.6
88920,3.8
88980,2.2
89040,2.6
89100,4.0
89160,2.0
89220,3.0
89280,3.0
89340,2.2
89400,3.6
89460,2.8
89520,3.8
89580,5.2
89640,3.4
89700,4.2
89760,3.8
89820,5.2
89880,3.4
89940,3.8
90000,4.0
90060,3.4
90120,5.2
90180,5.2
90240,5.0
90300,3.6
90360,4.2
90420,4.6
90480,4.8
90540,4.8
90600,3.2
90660,4.6
90720,2.8
90780,3.6
90840,4.4
90900,3.8
90960,3.0
91020,4.0
91080,3.0
91140,4.8
91200,4.6
91260,4.8
91320,3.2
91380,5.8
91440,3.8
91500,3.4
91560,4.2
91620,3.8
91680,6.4
91740,4.2
91800,3.8
91860,4.8
91920,4.6
91980,5.4
92040,3.0
92100,3.6
92160,4.8
92220,4.4
92280,6.4
92340,4.2
92400,3.4
92460,7.2
92520,5.6
92580,6.6
92640,5.8
92700,5.6
92760,5.4
92820,8.0
92880,7.4
92940,7.4
93000,6.6
93060,3.8
93120,7.2
93180,7.2
93240,7.2
93300,6.0
93360,7.2
93420,7.2
93480,7.6
93540,8.4
93600,10.4
93660,6.4
93720,5.6
93780,6.8
93840,7.4
93900,9.2
93960,9.0
94020,5.8
94080,9.6
94140,5.8
94200,9.2
94260,11.0
94320,7.6
94380,9.0
94440,10.2
94500,9.8
94560,9.2
94620,9.8
94680,11.4
94740,10.4
94800,10.8
94860,13.6
94920,13.8
94980,12.4
95040,12.2
95100,11.6
95160,11.6
95220,11.6
95280,10.6
95340,11.2
95400,10.2
95460,8.8
95520,8.6
95580,8.8
95640,7.6
95700,7.8
95760,7.8
95820,7.4
95880,7.0
95940,6.8
96000,6.8
96060,8.0
96120,8.0
96180,6.4
96240,4.6
96300,5.4
96360,5.4
96420,6.8
96480,7.6
96540,6.2
96600,7.4
96660,6.8
96720,7.2
96780,5.2
96840,6.8
96900,7.6
96960,6.6
97020,6.8
97080,4.6
97140,8.2
97200,9.6
97260,8.8
97320,7.8
97380,6.2
97440,9.0
97500,8.0
97560,7.8
97620,8.2
97680,7.6
97740,8.0
97800,7.2
97860,8.2
97920,9.4
97980,8.6
98040,10.0
98100,9.2
98160,9.0
98220,10.8
98280,10.6
98340,9.6
98400,11.0
98460,8.2
98520,9.4
98580,10.6
98640,10.8
98700,9.6
98760,11.8
98820,12.2
98880,10.2
98940,11.4
99000,13.2
99060,13.2
99120,14.8
99180,14.6
99240,15.6
99300,16.2
99360,16.8
99420,19.2
99480,18.4
99540,17.8
99600,21.8
99660,18.6
99720,20.4
99780,20.4
99840,22.0
99900,23.4
99960,20.4
100020,20.8
100080,21.4
100140,20.8
100200,20.6
100260,20.0
100320,21.4
100380,20.2
100440,19.6
100500,17.6
100560,21.4
100620,21.8
100680,20.4
100740,21.4
100800,19.8
100860,20.0
100920,21.6
100980,20.6
101040,22.0
101100,22.4
101160,24.2
101220,22.4
101280,23.4
101340,24.2
101400,22.0
101460,23.4
101520,23.0
101580,22.0
101640,22.6
101700,23.8
101760,23.2
101820,22.6
101880,22.8
101940,24.4
102000,23.4
102060,23.4
102120,21.6
102180,24.6
102240,22.4
102300,23.0
102360,24.0
102420,23.8
102480,23.6
102540,23.2
102600,24.0
102660,23.2
102720,23.6
102780,25.2
102840,23.6
102900,23.6
102960,23.0
103020,23.2
103080,22.6
103140,24.0
103200,22.8
103260,23.4
103320,22.2
103380,23.2
103440,22.8
103500,24.0
103560,23.0
103620,21.8
103680,23.6
103740,21.6
103800,23.6
103860,24.4
103920,23.4
103980,24.4
104040,25.4
104100,24.6
104160,23.0
104220,23.6
104280,22.2
104340,23.8
104400,21.6
104460,22.8
104520,23.6
104580,23.0
104640,22.6
104700,23.0
104760,21.0
104820,22.6
104880,22.8
104940,20.0
105000,22.4
105060,21.8
105120,21.6
105180,21.8
105240,23.2
105300,23.0
105360,22.2
105420,22.2
105480,23.4
105540,23.6
105600,23.6
105660,22.8
105720,23.6
105780,23.0
105840,23.4
105900,22.4
105960,23.0
106020,22.6
106080,23.0
106140,22.8
106200,21.8
106260,22.2
106320,23.0
106380,22.8
106440,24.0
106500,23.4
106560,23.0
106620,23.8
106680,23.0
106740,22.6
106800,24.8
106860,23.8
106920,22.8
106980,23.0
107040,24.2
107100,23.0
107160,25.6
107220,23.2
107280,21.8
107340,23.2
107400,23.8
107460,24.0
107520,24.0
107580,22.6
107640,21.6
107700,23.2
107760,23.2
107820,23.0
107880,21.0
107940,22.8
108000,23.4
108060,22.8
108120,22.2
108180,23.4
108240,22.6
108300,23.8
108360,22.8
108420,21.4
108480,22.0
108540,21.8
108600,22.4
108660,21.8
108720,21.2
108780,21.6
108840,21.2
108900,23.0
108960,23.6
109020,22.6
109080,22.4
109140,23.2
109200,22.6
109260,24.2
109320,24.0
109380,23.0
109440,22.6
109500,23.4
109560,23.8
109620,24.2
109680,23.2
109740,24.4
109800,25.0
109860,22.8
109920,25.4
109980,24.4
110040,24.2
110100,24.6
110160,24.2
110220,23.2
110280,23.6
110340,23.6
110400,23.2
110460,23.4
110520,23.6
110580,23.2
110640,24.0
110700,23.0
110760,24.0
110820,24.0
110880,24.8
110940,25.6
111000,24.8
111060,23.4
111120,25.4
111180,25.0
111240,23.4
111300,23.6
111360,24.6
111420,23.6
111480,25.0
111540,24.6
111600,24.8
111660,25.4
111720,23.0
111780,23.8
111840,25.0
111900,24.8
111960,23.2
112020,22.4
112080,24.4
112140,25.0
112200,24.8
112260,23.4
112320,24.0
112380,24.4
112440,22.8
112500,24.6
112560,23.0
112620,22.4
112680,23.0
112740,23.6
112800,23.4
112860,23.2
112920,22.4
112980,21.8
113040,20.6
113100,23.2
113160,21.0
113220,22.2
113280,21.4
113340,23.0
113400,21.4
113460,22.2
113520,22.8
113580,22.0
113640,20.4
113700,21.6
113760,22.8
113820,22.6
113880,22.6
113940,22.0
114000,22.0
114060,22.6
114120,23.6
114180,22.2
114240,21.0
114300,21.2
114360,21.4
114420,21.6
114480,22.4
114540,22.2
114600,22.2
114660,23.4
114720,23.4
114780,23.4
114840,23.0
114900,24.4
114960,24.8
115020,22.8
115080,22.8
115140,24.0
115200,23.6
115260,25.2
115320,22.8
115380,24.8
115440,23.8
115500,24.2
115560,24.2
115620,25.2
115680,24.4
115740,23.0
115800,25.4
115860,24.2
115920,23.8
115980,24.0
116040,24.4
116100,24.8
116160,25.2
116220,24.8
116280,24.0
116340,23.0
116400,22.6
116460,23.8
116520,25.0
116580,24.6
116640,23.4
116700,24.4
116760,23.4
116820,24.2
116880,24.4
116940,23.4
117000,23.2
117060,24.2
117120,22.2
117180,23.0
117240,23.8
117300,23.6
117360,23.6
117420,23.0
117480,22.4
117540,22.2
117600,23.8
117660,22.4
117720,22.4
117780,23.0
117840,22.4
117900,22.8
117960,22.6
118020,22.2
118080,23.6
118140,23.0
118200,24.0
118260,23.4
118320,25.2
118380,23.0
118440,24.2
118500,24.4
118560,25.8
118620,23.8
118680,22.8
118740,26.0
118800,25.0
118860,26.0
118920,25.6
118980,24.0
119040,24.0
119100,24.6
119160,24.4
119220,22.4
119280,24.2
119340,24.8
119400,23.8
119460,23.4
119520,23.0
119580,23.2
119640,24.4
119700,23.6
119760,23.4
119820,24.2
119880,24.2
119940,22.8
120000,24.0
120060,24.0
120120,23.8
120180,24.4
120240,23.2
120300,23.8
120360,23.8
120420,23.4
120480,23.4
120540,24.8
120600,24.4
120660,23.4
120720,22.8
120780,23.0
120840,23.4
120900,24.0
120960,23.6
121020,22.8
121080,23.2
121140,24.8
121200,22.8
121260,22.8
121320,23.2
121380,24.8
121440,23.0
121500,22.2
121560,24.0
121620,23.8
121680,23.6
121740,23.4
121800,23.0
121860,23.8
121920,24.0
121980,23.4
122040,23.4
122100,23.4
122160,25.4
122220,24.4
122280,22.4
122340,24.2
122400,23.0
122460,23.6
122520,23.0
122580,20.8
122640,22.6
122700,22.4
122760,23.2
122820,22.4
122880,23.2
122940,21.2
123000,21.0
123060,23.2
123120,22.4
123180,22.0
123240,21.6
123300,24.0
123360,22.0
123420,21.8
123480,21.8
123540,21.8
123600,23.4
123660,24.0
123720,21.8
123780,23.8
123840,25.0
123900,24.0
123960,23.4
124020,23.6
124080,24.2
124140,23.6
124200,23.6
124260,23.8
124320,23.2
124380,25.0
124440,24.0
124500,24.8
124560,24.4
124620,24.2
124680,26.2
124740,23.8
124800,23.6
124860,23.4
124920,23.8
124980,22.6
125040,23.2
125100,23.4
125160,25.0
125220,24.8
125280,21.6
125340,23.8
125400,22.8
125460,22.8
125520,23.0
125580,23.6
125640,22.0
125700,20.8
125760,21.8
125820,23.0
125880,22.6
125940,21.8
126000,23.2
126060,22.0
126120,23.2
126180,22.2
126240,22.8
126300,23.6
126360,23.2
126420,23.6
126480,21.2
126540,22.0
126600,24.6
126660,23.2
126720,21.8
126780,24.6
126840,23.4
126900,22.8
126960,23.2
127020,22.8
127080,22.6
127140,24.8
127200,23.2
127260,23.6
127320,22.8
127380,24.2
127440,23.8
127500,23.2
127560,24.2
127620,22.6
127680,24.6
127740,21.0
127800,23.4
127860,23.0
127920,22.8
127980,24.2
128040,23.0
128100,22.6
128160,24.2
128220,23.2
128280,24.8
128340,23.4
128400,25.6
128460,22.0
128520,23.0
128580,25.4
128640,22.4
128700,24.4
128760,23.6
128820,22.6
128880,24.0
128940,24.0
129000,24.8
129060,24.4
129120,24.2
129180,24.0
129240,23.2
129300,23.6
129360,25.2
129420,26.2
129480,22.8
129540,23.2
129600,21.8
129660,25.8
129720,24.0
129780,24.0
129840,25.2
129900,24.2
129960,25.2
130020,24.2
130080,24.6
130140,24.8
130200,26.2
130260,23.2
130320,23.0
130380,24.4
130440,24.8
130500,24.6
130560,23.2
130620,23.6
130680,23.4
130740,24.2
130800,25.0
130860,23.8
130920,26.2
130980,24.4
131040,24.6
131100,24.2
131160,23.2
131220,22.2
131280,25.0
131340,23.2
131400,25.2
131460,25.6
131520,24.4
131580,25.2
131640,24.4
131700,25.0
131760,25.4
131820,25.0
131880,24.4
131940,24.6
132000,25.0
132060,23.6
132120,24.4
132180,24.4
132240,23.8
132300,23.4
132360,25.0
132420,24.4
132480,25.2
132540,24.2
132600,22.8
132660,23.4
132720,25.2
132780,24.4
132840,24.2
132900,24.2
132960,25.0
133020,25.0
133080,23.2
133140,25.0
133200,22.8
133260,24.6
133320,25.2
133380,24.0
133440,25.0
133500,25.4
133560,23.6
133620,23.4
133680,24.2
133740,23.4
133800,23.8
133860,24.2
133920,23.4
133980,23.4
134040,25.0
134100,23.2
134160,25.4
134220,23.2
134280,23.0
134340,23.4
134400,24.8
134460,23.8
134520,23.8
134580,23.2
134640,23.6
134700,23.6
134760,24.2
134820,24.6
134880,24.4
134940,24.0
135000,25.4
135060,23.2
135120,24.8
135180,24.4
135240,23.2
135300,25.6
135360,26.6
135420,25.8
135480,24.0
135540,25.6
135600,24.8
135660,25.0
135720,27.2
135780,23.4
135840,24.8
135900,25.0
135960,24.4
136020,26.2
136080,24.2
136140,26.2
136200,24.0
136260,24.6
136320,24.6
136380,25.2
136440,24.2
136500,24.2
136560,24.4
136620,24.6
136680,25.2
136740,24.4
136800,24.6
136860,23.6
136920,25.2
136980,23.8
137040,25.2
137100,23.2
137160,26.6
137220,25.4
137280,25.6
137340,25.8
137400,25.2
137460,24.2
137520,25.6
137580,26.6
137640,24.8
137700,23.4
137760,23.6
137820,24.8
137880,23.8
137940,24.8
138000,24.8
138060,24.2
138120,25.2
138180,25.0
138240,24.6
138300,24.6
138360,23.6
138420,26.0
138480,26.2
138540,23.8
138600,24.4
138660,25.2
138720,25.6
138780,24.8
138840,25.8
138900,25.2
138960,25.0
139020,24.6
139080,25.0
139140,24.6
139200,24.4
139260,24.8
139320,23.4
139380,22.6
139440,24.4
139500,25.2
139560,25.8
139620,25.4
139680,22.8
139740,22.8
139800,24.8
139860,24.6
139920,25.4
139980,23.2
140040,23.4
140100,25.2
140160,24.6
140220,24.0
140280,23.8
140340,23.2
140400,25.4
140460,24.0
140520,24.2
140580,22.8
140640,24.0
140700,24.8
140760,25.2
140820,24.4
140880,24.8
140940,25.0
141000,23.8
141060,24.8
141120,23.8
141180,24.2
141240,23.4
141300,23.2
141360,23.4
141420,25.0
141480,24.2
141540,22.6
141600,23.6
141660,23.0
141720,25.6
141780,24.4
141840,25.4
141900,23.8
141960,25.0
142020,25.4
142080,23.0
142140,24.4
142200,24.6
142260,25.4
142320,25.0
142380,25.6
142440,25.2
142500,23.6
142560,23.6
142620,23.6
142680,24.4
142740,25.4
142800,25.8
142860,24.2
142920,25.6
142980,24.8
143040,25.4
143100,25.4
143160,24.4
143220,24.4
143280,25.2
143340,24.8
143400,26.0
143460,26.2
143520,24.0
143580,26.4
143640,25.8
143700,25.6
143760,26.2
143820,25.6
143880,25.6
143940,25.8
144000,25.0
144060,26.0
144120,24.4
144180,24.2
144240,24.2
144300,24.6
144360,24.4
144420,23.4
144480,25.8
144540,25.4
144600,25.6
144660,26.2
144720,25.4
144780,25.0
144840,23.4
144900,24.4
144960,24.8
145020,24.6
145080,26.0
145140,25.4
145200,23.8
145260,24.4
145320,24.6
145380,25.4
145440,24.0
145500,26.0
145560,23.0
145620,25.2
145680,24.2
145740,23.8
145800,25.8
145860,24.2
145920,24.2
145980,24.2
146040,25.2
146100,25.4
146160,23.6
146220,25.8
146280,24.0
146340,26.2
146400,25.4
146460,26.2
146520,24.8
146580,25.0
146640,26.0
146700,25.2
146760,26.6
146820,25.6
146880,26.4
146940,26.4
147000,24.4
147060,26.2
147120,25.6
147180,24.0
147240,25.6
147300,25.0
147360,25.6
147420,27.4
147480,25.2
147540,25.4
147600,26.4
147660,24.8
147720,25.2
147780,26.8
147840,24.4
147900,25.8
147960,25.0
148020,24.4
148080,25.2
148140,25.2
148200,24.6
148260,24.4
148320,25.4
148380,26.8
148440,24.6
148500,24.8
148560,25.8
148620,25.6
148680,24.8
148740,25.4
148800,25.0
148860,25.0
148920,25.4
148980,24.2
149040,26.4
149100,24.2
149160,25.2
149220,26.2
149280,24.2
149340,25.4
149400,25.4
149460,24.8
149520,24.4
149580,25.6
149640,24.4
149700,25.2
149760,26.0
149820,25.2
149880,24.0
149940,25.2
150000,25.4
150060,25.0
150120,25.2
150180,26.2
150240,25.2
150300,26.2
150360,25.6
150420,23.6
150480,24.4
150540,24.8
150600,24.6
150660,25.4
150720,24.2
150780,25.6
150840,24.4
150900,25.8
150960,23.4
151020,23.6
151080,24.8
151140,25.4
151200,26.0
151260,25.0
151320,25.0
151380,25.2
151440,24.8
151500,25.2
151560,25.4
151620,24.4
151680,24.6
151740,24.6
151800,25.8
151860,25.6
151920,24.6
151980,24.0
152040,24.6
152100,24.2
152160,25.2
152220,25.0
152280,23.8
152340,24.2
152400,25.2
152460,24.6
152520,24.8
152580,24.6
152640,24.0
152700,25.2
152760,25.8
152820,24.2
152880,24.8
152940,24.4
153000,26.2
153060,26.0
153120,24.8
153180,24.8
153240,25.2
153300,24.8
153360,24.4
153420,25.2
153480,25.0
153540,25.2
153600,26.0
153660,25.4
153720,25.4
153780,24.2
153840,25.2
153900,24.2
153960,25.4
154020,25.0
154080,24.0
154140,26.2
154200,25.2
154260,24.4
154320,25.0
154380,26.0
154440,24.2
154500,23.8
154560,24.0
154620,24.4
154680,25.4
154740,25.2
154800,26.8
154860,24.6
154920,26.0
154980,24.8
155040,25.0
155100,23.6
155160,26.4
155220,26.8
155280,24.2
155340,25.0
155400,24.0
155460,25.4
155520,24.4
155580,24.6
155640,23.8
155700,24.0
155760,23.4
155820,25.8
155880,23.4
155940,23.8
156000,23.6
156060,23.2
156120,23.6
156180,23.6
156240,22.2
156300,23.0
156360,22.8
156420,23.0
156480,22.8
156540,22.8
156600,22.4
156660,23.2
156720,23.0
156780,23.6
156840,22.2
156900,22.8
156960,22.4
157020,23.2
157080,22.8
157140,22.8
157200,23.0
157260,21.8
157320,22.4
157380,23.2
157440,22.6
157500,23.0
157560,23.4
157620,23.4
157680,22.6
157740,22.2
157800,22.8
157860,23.0
157920,23.6
157980,25.4
158040,23.2
158100,24.2
158160,22.2
158220,22.8
158280,25.8
158340,23.4
158400,24.6
158460,23.2
158520,23.6
158580,24.8
158640,24.8
158700,24.8
158760,24.0
158820,24.6
158880,24.2
158940,23.2
159000,24.0
159060,21.6
159120,23.4
159180,22.8
159240,23.4
159300,21.8
159360,21.4
159420,22.6
159480,23.0
159540,22.6
159600,22.0
159660,20.8
159720,23.8
159780,22.4
159840,21.6
159900,22.8
159960,22.2
160020,22.2
160080,22.4
160140,21.0
160200,23.0
160260,23.0
160320,22.8
160380,22.0
160440,21.2
160500,24.0
160560,23.6
160620,22.4
160680,22.6
160740,23.2
160800,22.4
160860,22.4
160920,23.2
160980,23.4
161040,24.4
161100,23.8
161160,23.4
161220,22.0
161280,22.0
161340,22.8
161400,24.6
161460,24.8
161520,22.8
161580,23.4
161640,24.0
161700,24.0
161760,23.6
161820,24.2
161880,23.2
161940,23.0
162000,25.4
162060,24.4
162120,24.2
162180,24.0
162240,23.6
162300,24.0
162360,23.6
162420,25.4
162480,22.8
162540,24.4
162600,23.6
162660,23.4
162720,24.2
162780,24.8
162840,22.6
162900,23.8
162960,24.2
163020,25.6
163080,23.0
163140,24.4
163200,23.6
163260,23.0
163320,24.4
163380,22.8
163440,23.0
163500,23.6
163560,25.2
163620,22.6
163680,23.4
163740,24.4
163800,24.8
163860,25.2
163920,23.6
163980,26.0
164040,23.8
164100,25.0
164160,25.8
164220,24.6
164280,24.2
164340,24.0
164400,24.4
164460,26.2
164520,23.2
164580,23.0
164640,24.2
164700,23.4
164760,23.0
164820,25.0
164880,23.6
164940,22.0
165000,22.8
165060,23.4
165120,24.0
165180,22.4
165240,23.4
165300,23.6
165360,24.4
165420,22.0
165480,22.8
165540,24.0
165600,23.0
165660,23.4
165720,23.0
165780,22.2
165840,23.4
165900,23.4
165960,24.0
166020,25.0
166080,23.6
166140,24.8
166200,24.0
166260,23.8
166320,24.0
166380,23.2
166440,23.2
166500,24.2
166560,24.8
166620,23.0
166680,24.4
166740,24.4
166800,22.6
166860,23.0
166920,24.6
166980,24.2
167040,23.6
167100,22.6
167160,25.8
167220,22.4
167280,24.8
167340,24.6
167400,23.8
167460,23.2
167520,23.4
167580,23.2
167640,23.4
167700,22.8
167760,23.6
167820,24.4
167880,24.4
167940,25.2
168000,25.0
168060,22.0
168120,22.4
168180,24.2
168240,23.0
168300,24.0
168360,24.8
168420,23.4
168480,23.6
168540,24.4
168600,24.4
168660,25.0
168720,22.6
168780,24.8
168840,23.8
168900,23.8
168960,23.2
169020,22.6
169080,25.0
169140,23.4
169200,22.2
169260,24.6
169320,21.8
169380,22.6
169440,22.6
169500,22.2
169560,23.2
169620,23.2
169680,23.0
169740,21.8
169800,22.2
169860,22.2
169920,21.6
169980,22.2
170040,21.8
170100,23.2
170160,23.4
170220,23.6
170280,22.0
170340,23.6
170400,23.0
170460,21.8
170520,21.4
170580,23.2
170640,22.2
170700,21.0
170760,23.2
170820,22.8
170880,24.0
170940,22.4
171000,24.2
171060,23.4
171120,23.0
171180,23.8
171240,23.6
171300,23.2
171360,23.6
171420,24.2
171480,23.6
171540,23.8
171600,24.0
171660,24.0
171720,23.2
171780,23.8
171840,24.8
171900,23.6
171960,23.2
172020,25.8
172080,24.8
172140,24.2
172200,24.8
172260,22.6
172320,25.0
172380,24.0
172440,23.2
172500,22.8
172560,24.4
172620,23.4
172680,25.0
172740,24.2
172800,23.2
172860,24.8
172920,24.2
172980,25.2
173040,25.8
173100,24.4
173160,24.0
173220,25.4
173280,24.0
173340,24.4
173400,24.4
173460,24.8
173520,25.2
173580,24.8
173640,24.0
173700,24.2
173760,23.2
173820,24.0
173880,23.4
173940,23.8
174000,24.0
174060,23.4
174120,23.2
174180,24.4
174240,24.0
174300,23.6
174360,25.0
174420,23.2
174480,24.4
174540,23.8
174600,24.0
174660,24.0
174720,23.6
174780,24.2
174840,23.8
174900,24.2
174960,24.6
175020,24.4
175080,25.0
175140,24.6
175200,24.6
175260,24.4
175320,23.6
175380,24.6
175440,25.0
175500,22.8
175560,24.6
175620,24.4
175680,25.2
175740,23.6
175800,24.8
175860,25.2
175920,25.0
175980,23.4
176040,24.2
176100,24.0
176160,24.2
176220,22.0
176280,23.4
176340,23.0
176400,23.4
176460,24.4
176520,24.2
176580,22.4
176640,24.4
176700,22.8
176760,23.6
176820,22.6
176880,25.0
176940,23.6
177000,23.4
177060,24.8
177120,23.6
177180,23.6
177240,23.0
177300,23.4
177360,24.8
177420,24.2
177480,23.2
177540,23.0
177600,26.0
177660,23.4
177720,24.4
177780,24.0
177840,24.8
177900,23.2
177960,23.8
178020,23.8
178080,25.4
178140,23.4
178200,24.6
178260,24.6
178320,25.4
178380,23.8
178440,25.2
178500,25.6
178560,25.4
178620,24.2
178680,23.4
178740,24.2
178800,24.4
178860,25.2
178920,25.0
178980,24.6
179040,24.6
179100,24.0
179160,23.8
179220,26.0
179280,24.0
179340,24.8
179400,24.8
179460,24.4
179520,23.6
179580,25.6
179640,25.6
179700,23.4
179760,25.2
179820,25.4
179880,25.8
179940,25.4
180000,23.8
180060,24.6
180120,23.6
180180,25.0
180240,23.8
180300,24.0
180360,24.8
180420,24.4
180480,24.0
180540,24.6
180600,23.2
180660,23.8
180720,24.0
180780,23.8
180840,23.6
180900,24.4
180960,24.8
181020,24.4
181080,24.0
181140,23.0
181200,23.6
181260,24.6
181320,24.2
181380,25.4
181440,23.4
181500,23.0
181560,23.0
181620,24.2
181680,23.2
181740,25.0
181800,23.0
181860,22.4
181920,23.2
181980,23.0
182040,22.2
182100,22.4
182160,23.4
182220,21.8
182280,22.8
182340,22.4
182400,22.0
182460,21.8
182520,22.8
182580,22.6
182640,22.8
182700,21.0
182760,22.2
182820,24.6
182880,22.4
182940,23.6
183000,24.4
183060,24.0
183120,23.0
183180,23.2
183240,23.2
183300,24.8
183360,24.0
183420,24.8
183480,23.2
183540,24.0
183600,24.8
183660,25.0
183720,24.0
183780,23.6
183840,24.0
183900,24.4
183960,23.0
184020,25.4
184080,24.2
184140,23.8
184200,23.6
184260,23.6
184320,24.0
184380,22.6
184440,21.6
184500,23.4
184560,24.0
184620,24.2
184680,24.4
184740,25.2
184800,24.0
184860,24.6
184920,24.0
184980,23.2
185040,24.4
185100,22.4
185160,23.8
185220,23.6
185280,23.8
185340,23.4
185400,23.4
185460,22.6
185520,22.8
185580,23.2
185640,24.8
185700,24.4
185760,24.4
185820,24.0
185880,24.4
185940,24.6
186000,23.8
186060,24.6
186120,25.8
186180,23.6
186240,22.4
186300,23.8
186360,23.2
186420,24.0
186480,24.0
186540,23.2
186600,22.8
186660,23.8
186720,24.0
186780,22.6
186840,22.8
186900,24.0
186960,23.0
187020,24.0
187080,23.4
187140,23.4
187200,23.2
187260,23.4
187320,22.2
187380,23.0
187440,22.8
187500,24.2
187560,22.8
187620,24.6
187680,24.4
187740,24.4
187800,23.2
187860,24.2
187920,25.2
187980,24.2
188040,24.4
188100,23.4
188160,25.2
188220,23.4
188280,24.0
188340,23.0
188400,23.6
188460,23.6
188520,22.6
188580,23.8
188640,23.2
188700,23.8
188760,24.0
188820,22.8
188880,23.6
188940,24.2
189000,24.0
189060,23.4
189120,23.0
189180,24.0
189240,24.4
189300,23.4
189360,24.2
189420,24.8
189480,23.2
189540,23.8
189600,24.6
189660,22.4
189720,24.8
189780,24.8
189840,25.0
189900,24.6
189960,24.0
190020,24.8
190080,24.2
190140,24.6
190200,24.8
190260,23.0
190320,22.2
190380,23.0
190440,22.6
190500,23.8
190560,22.6
190620,24.2
190680,23.4
190740,24.4
190800,23.4
190860,23.0
190920,24.2
190980,23.2
191040,21.8
191100,22.6
191160,24.6
191220,24.2
191280,23.4
191340,24.0
191400,24.4
191460,25.0
191520,25.4
191580,24.0
191640,22.6
191700,23.8
191760,25.6
191820,24.8
191880,24.6
191940,23.4
192000,23.4
192060,24.2
192120,25.0
192180,24.2
192240,25.4
192300,25.0
192360,25.6
192420,26.0
192480,24.6
192540,24.6
192600,24.6
192660,25.6
192720,24.8
192780,24.4
192840,24.8
192900,25.2
192960,23.0
193020,25.0
193080,25.8
193140,24.0
193200,25.4
193260,24.2
193320,24.8
193380,24.0
193440,24.4
193500,24.8
193560,23.4
193620,23.8
193680,23.4
193740,23.8
193800,23.8
193860,24.4
193920,25.6
193980,25.0
194040,24.2
194100,24.4
194160,24.0
194220,24.2
194280,24.0
194340,24.6
194400,25.6
194460,24.6
194520,24.8
194580,25.2
194640,24.2
194700,25.2
194760,23.8
194820,23.4
194880,26.0
194940,26.2
195000,23.4
195060,24.6
195120,24.2
195180,25.0
195240,24.0
195300,25.6
195360,25.6
195420,23.6
195480,24.8
195540,25.2
195600,24.8
195660,24.8
195720,26.8
195780,24.6
195840,23.2
195900,24.4
195960,25.2
196020,23.2
196080,26.0
196140,23.2
196200,24.4
196260,23.6
196320,23.6
196380,25.0
196440,23.6
196500,24.0
196560,24.2
196620,22.8
196680,25.0
196740,25.0
196800,24.0
196860,26.0
196920,24.2
196980,24.4
197040,24.0
197100,25.4
197160,23.4
197220,23.0
197280,23.4
197340,25.0
197400,23.0
197460,27.0
197520,24.2
197580,23.6
197640,23.6
197700,24.6
197760,25.4
197820,22.8
197880,24.2
197940,24.2
198000,25.2
198060,24.2
198120,23.8
198180,23.8
198240,24.6
198300,23.4
198360,24.8
198420,24.2
198480,25.0
198540,24.4
198600,25.0
198660,24.6
198720,25.6
198780,25.2
198840,24.4
198900,24.4
198960,24.2
199020,23.6
199080,24.0
199140,25.2
199200,24.8
199260,24.0
199320,23.4
199380,24.6
199440,24.0
199500,25.8
199560,24.6
199620,24.6
199680,24.6
199740,24.2
199800,24.6
199860,24.4
199920,24.0
199980,23.0
200040,22.4
200100,23.6
200160,24.4
200220,24.2
200280,24.6
200340,23.8
200400,25.2
200460,24.6
200520,24.0
200580,24.0
200640,23.2
200700,23.4
200760,24.4
200820,25.6
200880,23.8
200940,24.4
201000,23.8
201060,25.2
201120,23.2
201180,23.0
201240,23.4
201300,26.8
201360,24.6
201420,24.6
201480,24.2
201540,24.6
201600,23.4
201660,23.4
201720,23.8
201780,23.4
201840,25.4
201900,24.4
201960,25.4
202020,23.2
202080,23.2
202140,23.0
202200,22.8
202260,24.2
202320,24.4
202380,23.6
202440,24.2
202500,23.6
202560,22.8
202620,23.8
202680,22.8
202740,23.4
202800,24.4
202860,23.4
202920,23.2
202980,23.6
203040,24.6
203100,22.8
203160,22.4
203220,23.2
203280,23.6
203340,24.4
203400,25.2
203460,23.0
203520,24.0
203580,24.2
203640,24.8
203700,24.2
203760,25.2
203820,22.8
203880,25.6
203940,25.6
204000,24.2
204060,24.6
204120,22.2
204180,23.6
204240,24.6
204300,24.0
204360,23.6
204420,23.2
204480,24.8
204540,23.8
204600,24.4
204660,23.6
204720,23.2
204780,25.4
204840,24.6
204900,24.2
204960,25.0
205020,24.2
205080,24.0
205140,23.6
205200,25.4
205260,24.0
205320,25.0
205380,23.6
205440,24.2
205500,26.0
205560,26.8
205620,24.4
205680,23.8
205740,25.2
205800,25.0
205860,25.0
205920,24.4
205980,24.4
206040,23.6
206100,25.4
206160,23.4
206220,23.8
206280,24.4
206340,23.8
206400,23.0
206460,25.0
206520,23.0
206580,25.0
206640,24.0
206700,25.2
206760,24.2
206820,25.4
206880,24.6
206940,23.4
207000,24.6
207060,24.6
207120,26.8
207180,25.0
207240,25.2
207300,25.8
207360,25.2
207420,23.0
207480,25.2
207540,23.8
207600,23.8
207660,24.0
207720,24.8
207780,23.8
207840,24.6
207900,24.6
207960,24.2
208020,24.6
208080,25.6
208140,24.8
208200,24.4
208260,25.4
208320,24.6
208380,25.8
208440,25.0
208500,24.4
208560,23.4
208620,24.0
208680,25.2
208740,25.6
208800,25.0
208860,24.6
208920,24.4
208980,25.0
209040,24.0
209100,23.4
209160,24.8
209220,24.6
209280,23.8
209340,24.2
209400,25.8
209460,23.8
209520,25.0
209580,26.2
209640,25.8
209700,24.4
209760,25.4
209820,24.8
209880,23.6
209940,26.6
210000,25.4
210060,25.6
210120,24.0
210180,24.6
210240,24.6
210300,23.4
210360,25.4
210420,25.8
210480,25.0
210540,25.8
210600,26.6
210660,24.6
210720,26.6
210780,24.4
210840,25.0
210900,26.0
210960,26.4
211020,24.2
211080,24.8
211140,24.2
211200,24.4
211260,25.4
211320,24.4
211380,24.4
211440,25.2
211500,23.4
211560,23.4
211620,25.2
211680,24.6
211740,25.0
211800,25.8
211860,23.8
211920,24.2
211980,25.6
212040,24.8
212100,24.2
212160,25.2
212220,25.4
212280,24.6
212340,24.8
212400,25.4
212460,24.8
212520,24.2
212580,23.2
212640,26.2
212700,25.8
212760,23.6
212820,24.0
212880,25.6
212940,24.8
213000,24.8
213060,25.2
213120,24.0
213180,25.2
213240,22.0
213300,24.4
213360,24.6
213420,24.2
213480,24.0
213540,24.2
213600,23.2
213660,25.2
213720,23.2
213780,23.4
213840,24.6
213900,24.0
213960,24.8
214020,24.4
214080,23.6
214140,24.8
214200,25.4
214260,23.2
214320,23.6
214380,24.0
214440,23.8
214500,25.2
214560,24.4
214620,24.8
214680,23.8
214740,26.2
214800,24.0
214860,24.8
214920,23.8
214980,24.4
215040,25.0
215100,25.2
215160,23.0
215220,24.6
215280,25.4
215340,25.4
215400,25.0
215460,24.2
215520,22.6
215580,25.0
215640,23.8
215700,23.8
215760,24.6
215820,24.0
215880,24.8
215940,23.8
216000,25.8
216060,24.8
216120,25.6
216180,23.4
216240,23.2
216300,24.4
216360,25.6
216420,23.4
216480,24.2
216540,23.2
216600,23.6
216660,23.6
216720,22.6
216780,22.4
216840,24.0
216900,24.2
216960,24.6
217020,22.6
217080,24.6
217140,23.4
217200,23.2
217260,22.8
217320,24.6
217380,23.2
217440,23.4
217500,24.2
217560,23.8
217620,24.4
217680,23.6
217740,24.4
217800,22.8
217860,24.6
217920,23.4
217980,23.8
218040,24.2
218100,25.4
218160,25.4
218220,24.2
218280,24.0
218340,26.0
218400,24.6
218460,24.6
218520,24.0
218580,25.2
218640,24.8
218700,25.2
218760,23.8
218820,24.8
218880,23.6
218940,25.6
219000,25.2
219060,24.6
219120,24.2
219180,23.0
219240,23.2
219300,24.8
219360,23.8
219420,22.6
219480,22.0
219540,23.8
219600,23.0
219660,23.4
219720,22.8
219780,24.4
219840,24.6
219900,24.2
219960,23.0
220020,24.8
220080,23.8
220140,23.2
220200,23.4
220260,23.0
220320,24.4
220380,23.0
220440,23.8
220500,23.4
220560,24.4
220620,22.8
220680,24.4
220740,24.4
220800,25.0
220860,24.0
220920,24.6
220980,23.8
221040,24.2
221100,22.4
221160,24.2
221220,23.2
221280,23.0
221340,23.4
221400,22.8
221460,25.0
221520,23.2
221580,22.2
221640,22.8
221700,23.8
221760,23.0
221820,24.0
221880,22.0
221940,23.0
222000,23.2
222060,22.8
222120,23.2
222180,22.4
222240,22.4
222300,21.4
222360,22.8
222420,24.2
222480,23.8
222540,24.2
222600,22.6
222660,23.2
222720,22.2
222780,21.6
222840,23.2
222900,22.6
222960,23.0
223020,23.4
223080,25.4
223140,23.8
223200,23.8
223260,24.2
223320,25.0
223380,22.4
223440,24.0
223500,24.2
223560,23.8
223620,25.4
223680,24.2
223740,23.4
223800,24.2
223860,23.8
223920,24.8
223980,23.0
224040,24.8
224100,23.2
224160,23.0
224220,25.2
224280,24.6
224340,22.4
224400,24.6
224460,25.2
224520,23.6
224580,25.8
224640,24.6
224700,24.8
224760,22.4
224820,23.4
224880,24.6
224940,23.4
225000,25.2
225060,23.4
225120,24.4
225180,25.4
225240,23.6
225300,24.4
225360,24.2
225420,25.2
225480,25.2
225540,24.6
225600,25.0
225660,25.0
225720,26.0
225780,24.6
225840,25.4
225900,24.4
225960,24.6
226020,25.4
226080,24.4
226140,23.8
226200,25.4
226260,24.4
226320,24.2
226380,24.4
226440,24.2
226500,23.2
226560,23.2
226620,24.0
226680,23.0
226740,25.0
226800,23.2
226860,25.6
226920,25.0
226980,25.4
227040,25.4
227100,24.0
227160,24.6
227220,23.6
227280,23.8
227340,24.8
227400,25.6
227460,25.2
227520,23.6
227580,25.0
227640,24.2
227700,23.6
227760,23.8
227820,25.0
227880,23.6
227940,24.8
228000,24.4
228060,24.4
228120,25.0
228180,24.2
228240,24.4
228300,24.4
228360,23.6
228420,23.6
228480,24.0
228540,23.0
228600,24.8
228660,24.8
228720,24.8
228780,23.6
228840,24.8
228900,24.4
228960,23.6
229020,23.6
229080,25.0
229140,24.2
229200,26.8
229260,25.2
229320,24.2
229380,25.8
229440,26.4
229500,26.0
229560,25.4
229620,23.4
229680,26.4
229740,25.0
229800,26.0
229860,24.6
229920,24.2
229980,25.6
230040,24.0
230100,25.0
230160,23.0
230220,25.2
230280,25.4
230340,25.6
230400,24.6
230460,25.2
230520,25.4
230580,24.4
230640,25.4
230700,25.2
230760,26.0
230820,26.2
230880,24.4
230940,25.6
231000,24.6
231060,25.8
231120,23.4
231180,23.6
231240,24.2
231300,24.2
231360,24.0
231420,24.8
231480,26.8
231540,24.8
231600,24.4
231660,25.6
231720,25.2
231780,26.0
231840,25.8
231900,24.8
231960,25.2
232020,24.4
232080,24.4
232140,23.8
232200,26.0
232260,25.0
232320,24.4
232380,24.8
232440,25.8
232500,25.2
232560,24.6
232620,26.6
232680,24.0
232740,25.2
232800,24.2
232860,25.0
232920,24.6
232980,24.4
233040,25.8
233100,25.6
233160,24.8
233220,24.4
233280,23.6
233340,25.4
233400,25.4
233460,24.8
233520,24.6
233580,25.8
233640,25.8
233700,26.4
233760,24.8
233820,25.0
233880,24.8
233940,26.0
234000,25.0
234060,26.4
234120,25.8
234180,24.8
234240,26.2
234300,26.2
234360,24.0
234420,26.8
234480,26.0
234540,24.8
234600,27.8
234660,25.8
234720,26.4
234780,24.6
234840,25.0
234900,25.2
234960,25.2
235020,25.4
235080,25.8
235140,25.4
235200,25.0
235260,26.8
235320,26.2
235380,24.0
235440,24.4
235500,24.8
235560,25.0
235620,25.4
235680,23.8
235740,23.8
235800,24.8
235860,25.4
235920,25.0
235980,23.6
236040,24.6
236100,23.4
236160,24.4
236220,24.8
236280,23.0
236340,25.8
236400,24.2
236460,23.8
236520,24.0
236580,25.4
236640,24.6
236700,25.4
236760,25.2
236820,24.4
236880,24.4
236940,24.8
237000,24.0
237060,24.0
237120,25.6
237180,24.4
237240,25.4
237300,26.0
237360,25.4
237420,26.0
237480,24.6
237540,24.8
237600,24.2
237660,25.2
237720,25.8
237780,24.6
237840,24.8
237900,25.0
237960,25.0
238020,24.6
238080,23.6
238140,24.0
238200,25.4
238260,25.6
238320,23.8
238380,23.0
238440,23.8
238500,25.6
238560,25.2
238620,25.8
238680,24.4
238740,26.0
238800,23.2
238860,24.8
238920,24.6
238980,23.4
239040,23.6
239100,25.2
239160,24.2
239220,24.8
239280,23.0
239340,25.0
239400,24.6
239460,24.0
239520,24.2
239580,22.8
239640,24.8
239700,23.2
239760,23.8
239820,26.0
239880,25.4
239940,26.8
240000,23.8
240060,23.8
240120,24.8
240180,25.4
240240,26.0
240300,25.4
240360,25.2
240420,24.4
240480,25.6
240540,24.6
240600,24.8
240660,26.4
240720,23.4
240780,25.8
240840,24.0
240900,26.0
240960,24.6
241020,23.8
241080,23.8
241140,23.6
241200,24.2
241260,26.2
241320,25.2
241380,25.2
241440,23.6
241500,24.0
241560,25.0
241620,25.4
241680,26.2
241740,24.6
241800,25.4
241860,25.0
241920,24.6
241980,25.4
242040,24.0
242100,22.0
242160,24.8
242220,24.2
242280,25.2
242340,24.4
242400,23.8
242460,24.4
242520,25.2
242580,24.2
242640,24.0
242700,24.6
242760,23.6
242820,24.2
242880,24.4
242940,23.2
243000,25.4
243060,23.2
243120,23.2
243180,25.2
243240,23.8
243300,24.2
243360,23.8
243420,23.4
243480,24.6
243540,24.2
243600,23.8
243660,23.2
243720,25.0
243780,26.0
243840,24.0
243900,23.6
243960,23.8
244020,25.2
244080,24.6
244140,22.2
244200,24.6
244260,23.2
244320,24.2
244380,23.0
244440,23.8
244500,24.0
244560,24.4
244620,24.4
244680,25.4
244740,24.6
244800,23.6
244860,23.8
244920,23.4
244980,25.6
245040,24.6
245100,22.6
245160,25.0
245220,25.0
245280,25.6
245340,23.0
245400,24.6
245460,24.6
245520,24.0
245580,24.0
245640,24.6
245700,24.4
245760,24.4
245820,23.6
245880,24.0
245940,24.8
246000,24.6
246060,24.4
246120,25.6
246180,24.2
246240,23.8
246300,25.2
246360,26.0
246420,23.2
246480,24.8
246540,24.6
246600,23.8
246660,24.6
246720,25.0
246780,24.4
246840,23.0
246900,22.6
246960,25.0
247020,24.2
247080,23.8
247140,24.2
247200,25.0
247260,23.2
247320,25.8
247380,24.0
247440,24.6
247500,24.0
247560,26.0
247620,25.8
247680,25.6
247740,26.2
247800,24.6
247860,25.0
247920,24.8
247980,23.6
248040,24.4
248100,25.4
248160,24.0
248220,26.4
248280,24.8
248340,24.8
248400,24.8
248460,25.2
248520,25.0
248580,23.0
248640,24.4
248700,25.4
248760,25.6
248820,26.0
248880,25.2
248940,25.4
249000,24.4
249060,24.4
249120,25.0
249180,26.2
249240,24.2
249300,24.2
249360,26.6
249420,25.0
249480,24.0
249540,25.0
249600,25.2
249660,25.4
249720,25.2
249780,24.8
249840,23.2
249900,25.2
249960,24.8
250020,24.8
250080,25.0
250140,25.6
250200,24.4
250260,24.6
250320,24.8
250380,25.8
250440,24.4
250500,23.6
250560,23.4
250620,24.0
250680,23.6
250740,25.4
250800,24.4
250860,24.6
250920,24.4
250980,24.6
251040,26.4
251100,25.4
251160,26.4
251220,24.6
251280,24.0
251340,24.8
251400,24.0
251460,25.4
251520,24.0
251580,25.6
251640,26.2
251700,25.0
251760,25.2
251820,25.4
251880,25.8
251940,25.0
252000,25.8
252060,26.2
252120,25.0
252180,24.8
252240,23.6
252300,25.6
252360,24.8
252420,23.8
252480,24.2
252540,24.8
252600,24.4
252660,25.2
252720,25.8
252780,24.8
252840,23.0
252900,25.6
252960,25.6
253020,24.4
253080,25.2
253140,25.6
253200,25.6
253260,25.4
253320,25.4
253380,26.0
253440,24.8
253500,25.4
253560,24.8
253620,25.4
253680,25.6
253740,24.2
253800,24.4
253860,25.4
253920,26.0
253980,25.2
254040,26.8
254100,24.2
254160,25.6
254220,25.4
254280,24.6
254340,24.4
254400,25.0
254460,24.4
254520,24.6
254580,24.4
254640,26.4
254700,25.4
254760,24.2
254820,23.8
254880,25.6
254940,25.2
255000,24.4
255060,25.0
255120,23.8
255180,25.4
255240,24.8
255300,25.4
255360,25.8
255420,24.8
255480,24.6
255540,25.6
255600,24.2
255660,26.2
255720,26.0
255780,24.2
255840,26.8
255900,23.8
255960,24.0
256020,25.2
256080,23.6
256140,25.2
256200,26.0
256260,25.2
256320,24.6
256380,26.8
256440,25.2
256500,24.4
256560,25.4
256620,24.8
256680,26.0
256740,25.4
256800,24.4
256860,25.2
256920,24.0
256980,24.6
257040,24.6
257100,24.8
257160,23.6
257220,26.6
257280,25.4
257340,24.8
257400,25.0
257460,24.6
257520,23.6
257580,25.6
257640,25.8
257700,25.8
257760,25.8
257820,25.4
257880,23.4
257940,24.8
258000,24.6
258060,24.4
258120,25.8
258180,23.8
258240,24.4
258300,24.8
258360,24.6
258420,24.4
258480,24.2
258540,24.8
258600,24.0
258660,24.0
258720,23.6
258780,24.4
258840,24.8
258900,23.6
258960,22.6
259020,23.8
259080,23.4
259140,23.0
259200,22.2
259260,23.0
259320,24.6
259380,23.4
259440,24.2
259500,24.2
259560,24.0
259620,24.0
259680,24.0
259740,23.8
259800,25.2
259860,23.8
259920,23.8
259980,24.8
260040,24.6
260100,24.4
260160,24.8
260220,22.8
260280,24.2
260340,25.2
260400,26.2
260460,23.6
260520,24.4
260580,24.4
260640,24.6
260700,25.4
260760,24.4
260820,25.2
260880,24.8
260940,23.8
261000,24.8
261060,23.6
261120,21.6
261180,23.8
261240,24.2
261300,24.6
261360,24.2
261420,23.0
261480,24.0
261540,24.8
261600,23.2
261660,24.0
261720,23.8
261780,23.8
261840,23.2
261900,22.8
261960,22.6
262020,24.0
262080,24.4
262140,22.4
262200,22.4
262260,23.0
262320,23.0
262380,21.2
262440,23.2
262500,22.8
262560,22.6
262620,21.4
262680,22.8
262740,22.8
262800,23.0
262860,23.6
262920,24.0
262980,22.2
263040,22.6
263100,22.6
263160,24.0
263220,22.6
263280,23.0
263340,22.2
263400,25.6
263460,23.6
263520,24.4
263580,23.0
263640,23.0
263700,25.0
263760,24.4
263820,24.0
263880,23.6
263940,23.6
264000,23.0
264060,23.4
264120,24.2
264180,25.2
264240,23.0
264300,25.6
264360,24.6
264420,24.8
264480,23.2
264540,22.6
264600,24.8
264660,24.4
264720,23.8
264780,23.2
264840,23.2
264900,24.2
264960,22.0
265020,22.4
265080,22.8
265140,23.2
265200,23.0
265260,24.4
265320,23.0
265380,22.6
265440,23.0
265500,24.6
265560,23.4
265620,23.0
265680,22.2
265740,24.2
265800,22.8
265860,22.0
265920,22.6
265980,23.4
266040,23.8
266100,23.0
266160,23.8
266220,23.8
266280,24.2
266340,22.8
266400,23.2
266460,24.2
266520,23.8
266580,23.4
266640,23.8
266700,24.4
266760,24.6
266820,22.8
266880,23.6
266940,23.6
267000,23.4
267060,23.6
267120,24.6
267180,22.6
267240,24.2
267300,23.0
267360,25.6
267420,24.6
267480,23.2
267540,23.6
267600,23.0
267660,22.8
267720,22.8
267780,24.0
267840,23.6
267900,23.2
267960,23.0
268020,22.2
268080,21.8
268140,24.0
268200,22.2
268260,21.0
268320,22.2
268380,20.6
268440,21.6
268500,21.4
268560,21.6
268620,21.2
268680,22.0
268740,23.2
268800,20.8
268860,23.2
268920,22.4
268980,22.2
269040,21.2
269100,23.4
269160,22.4
269220,22.6
269280,21.2
269340,21.8
269400,23.2
269460,22.2
269520,23.4
269580,23.0
269640,21.8
269700,24.4
269760,24.0
269820,22.6
269880,22.4
269940,23.6
270000,22.8
270060,24.6
270120,22.8
270180,23.4
270240,24.6
270300,22.8
270360,21.6
270420,23.4
270480,24.2
270540,23.0
270600,24.4
270660,23.0
270720,24.0
270780,23.4
270840,22.2
270900,24.0
270960,23.2
271020,22.8
271080,22.6
271140,24.4
271200,22.4
271260,22.8
271320,22.2
271380,21.8
271440,21.0
271500,23.2
271560,22.6
271620,22.2
271680,22.2
271740,22.4
271800,22.4
271860,21.2
271920,22.4
271980,21.2
272040,21.6
272100,21.8
272160,23.0
272220,22.6
272280,21.6
272340,21.8
272400,22.4
272460,22.2
272520,22.4
272580,22.6
272640,23.8
272700,21.6
272760,22.8
272820,22.4
272880,22.0
272940,23.4
273000,25.0
273060,22.0
273120,23.4
273180,22.4
273240,23.6
273300,23.6
273360,24.4
273420,22.6
273480,23.0
273540,22.4
273600,23.2
273660,23.2
273720,25.0
273780,24.6
273840,24.0
273900,25.6
273960,24.0
274020,23.6
274080,24.4
274140,23.4
274200,23.4
274260,22.6
274320,24.6
274380,23.6
274440,22.8
274500,22.8
274560,24.2
274620,22.2
274680,24.0
274740,25.2
274800,24.2
274860,23.6
274920,26.0
274980,24.8
275040,25.4
275100,23.2
275160,24.6
275220,24.6
275280,25.6
275340,23.6
275400,24.2
275460,24.6
275520,22.6
275580,25.8
275640,26.2
275700,26.2
275760,24.8
275820,24.6
275880,24.8
275940,23.6
276000,24.4
276060,23.2
276120,23.8
276180,23.2
276240,23.8
276300,24.8
276360,24.0
276420,23.8
276480,24.0
276540,24.8
276600,24.2
276660,22.4
276720,25.4
276780,22.8
276840,24.0
276900,23.2
276960,24.6
277020,24.2
277080,25.4
277140,24.0
277200,25.0
277260,25.4
277320,25.4
277380,25.8
277440,23.6
277500,24.4
277560,24.2
277620,25.2
277680,24.4
277740,24.8
277800,23.4
277860,25.0
277920,22.6
277980,24.6
278040,24.0
278100,24.0
278160,23.0
278220,24.2
278280,22.8
278340,23.8
278400,24.2
278460,24.4
278520,24.0
278580,24.2
278640,25.2
278700,23.8
278760,24.2
278820,23.2
278880,24.8
278940,23.8
279000,23.0
279060,23.8
279120,23.8
279180,23.4
279240,24.0
279300,21.6
279360,23.2
279420,24.4
279480,23.6
279540,24.0
279600,24.4
279660,24.0
279720,23.6
279780,22.4
279840,22.8
279900,23.2
279960,23.2
280020,23.6
280080,23.4
280140,23.6
280200,23.4
280260,24.8
280320,24.2
280380,22.8
280440,22.2
280500,24.8
280560,23.4
280620,23.2
280680,23.2
280740,24.4
280800,25.0
280860,23.0
280920,22.0
280980,25.2
281040,25.0
281100,22.6
281160,23.4
281220,23.2
281280,23.8
281340,24.0
281400,23.6
281460,24.6
281520,23.4
281580,25.0
281640,25.0
281700,26.0
281760,22.8
281820,23.4
281880,24.8
281940,23.8
282000,24.8
282060,25.6
282120,24.8
282180,24.2
282240,24.0
282300,24.8
282360,25.6
282420,23.6
282480,24.6
282540,24.4
282600,24.2
282660,24.0
282720,24.0
282780,23.0
282840,24.4
282900,22.8
282960,23.0
283020,24.0
283080,23.0
283140,22.2
283200,24.6
283260,21.2
283320,24.0
283380,22.0
283440,24.0
283500,23.0
283560,23.0
283620,22.0
283680,23.0
283740,21.8
283800,22.0
283860,23.2
283920,23.8
283980,22.4
284040,23.2
284100,24.4
284160,23.8
284220,22.6
284280,22.0
284340,21.2
284400,23.2
284460,20.0
284520,22.0
284580,23.0
284640,21.4
284700,23.0
284760,22.8
284820,22.0
284880,20.8
284940,22.0
285000,21.6
285060,21.4
285120,22.4
285180,22.8
285240,22.6
285300,21.2
285360,24.6
285420,24.4
285480,22.2
285540,24.0
285600,23.2
285660,22.6
285720,23.6
285780,23.0
285840,23.8
285900,24.2
285960,22.8
286020,24.2
286080,23.6
286140,23.4
286200,24.0
286260,23.2
286320,24.2
286380,24.0
286440,25.2
286500,22.8
286560,24.4
286620,21.4
286680,25.0
286740,23.4
286800,24.0
286860,24.2
286920,24.2
286980,24.4
287040,26.2
287100,25.6
287160,23.2
287220,25.2
287280,25.4
287340,25.0
287400,25.2
287460,24.0
287520,25.4
287580,24.6
287640,26.6
287700,24.4
287760,23.4
287820,25.4
287880,24.6
287940,26.0
288000,24.2
288060,25.4
288120,24.8
288180,26.0
288240,25.0
288300,25.2
288360,25.2
288420,25.6
288480,24.2
288540,24.6
288600,25.2
288660,24.4
288720,24.6
288780,24.8
288840,24.8
288900,25.6
288960,24.4
289020,25.6
289080,24.2
289140,25.4
289200,24.4
289260,25.8
289320,24.4
289380,25.2
289440,25.6
289500,24.6
289560,24.6
289620,23.6
289680,24.6
289740,24.8
289800,24.6
289860,24.4
289920,25.6
289980,24.6
290040,24.0
290100,25.2
290160,23.8
290220,25.2
290280,24.4
290340,24.2
290400,25.6
290460,24.2
290520,24.8
290580,24.0
290640,24.8
290700,24.2
290760,25.0
290820,24.2
290880,26.4
290940,24.8
291000,24.4
291060,26.2
291120,24.6
291180,23.0
291240,24.8
291300,24.6
291360,24.8
291420,23.4
291480,24.0
291540,24.4
291600,25.2
291660,23.2
291720,23.4
291780,22.8
291840,23.6
291900,25.2
291960,23.4
292020,23.8
292080,24.2
292140,22.8
292200,23.6
292260,24.4
292320,23.8
292380,23.8
292440,24.0
292500,24.0
292560,22.4
292620,24.6
292680,23.8
292740,21.2
292800,24.4
292860,22.8
292920,23.4
292980,23.0
293040,24.2
293100,23.0
293160,22.6
293220,23.6
293280,23.8
293340,23.2
293400,23.8
293460,23.0
293520,23.8
293580,23.2
293640,22.4
293700,24.4
293760,25.8
293820,23.2
293880,24.4
293940,23.0
294000,23.4
294060,23.0
294120,24.2
294180,23.6
294240,24.0
294300,24.6
294360,25.4
294420,24.6
294480,23.4
294540,24.4
294600,25.0
294660,24.0
294720,25.0
294780,23.2
294840,25.2
294900,23.8
294960,25.2
295020,24.0
295080,26.6
295140,25.0
295200,22.6
295260,23.2
295320,24.6
295380,24.4
295440,26.2
295500,23.8
295560,23.8
295620,25.2
295680,25.2
295740,26.0
295800,24.2
295860,25.0
295920,25.2
295980,25.0
296040,24.2
296100,24.4
296160,23.2
296220,25.6
296280,24.6
296340,25.4
296400,25.0
296460,22.8
296520,25.0
296580,24.0
296640,26.4
296700,26.2
296760,25.6
296820,26.0
296880,24.4
296940,25.0
297000,24.2
297060,24.8
297120,24.8
297180,25.4
297240,24.2
297300,24.4
297360,25.6
297420,24.6
297480,22.6
297540,23.8
297600,23.6
297660,25.6
297720,25.2
297780,24.0
297840,23.6
297900,25.4
297960,25.6
298020,24.8
298080,23.4
298140,25.8
298200,25.0
298260,25.4
298320,23.2
298380,24.2
298440,24.2
298500,25.4
298560,25.0
298620,23.0
298680,25.0
298740,24.0
298800,23.6
298860,24.6
298920,26.0
298980,23.8
299040,24.2
299100,23.4
299160,24.8
299220,26.4
299280,24.4
299340,23.8
299400,23.4
299460,24.6
299520,24.2
299580,25.0
299640,24.8
299700,23.6
299760,23.8
299820,24.4
299880,24.6
299940,26.2
300000,23.6
300060,23.0
300120,23.4
300180,22.8
300240,23.0
300300,24.8
300360,24.0
300420,22.8
300480,23.4
300540,23.0
300600,23.4
300660,24.2
300720,22.8
300780,23.6
300840,23.2
300900,24.4
300960,23.6
301020,23.2
301080,24.0
301140,24.2
301200,23.0
301260,23.4
301320,24.4
301380,24.6
301440,23.4
301500,22.8
301560,21.4
301620,25.0
301680,23.0
301740,23.4
301800,23.6
301860,23.8
301920,23.0
301980,25.2
302040,23.0
302100,23.2
302160,24.6
302220,24.4
302280,24.2
302340,24.2
302400,24.6
302460,24.0
302520,23.6
302580,23.8
302640,24.4
302700,26.2
302760,23.0
302820,23.0
302880,22.2
302940,23.8
303000,23.6
303060,23.6
303120,25.0
303180,24.4
303240,24.0
303300,24.4
303360,24.2
303420,24.2
303480,22.6
303540,23.2
303600,23.8
303660,23.2
303720,23.4
303780,23.6
303840,23.2
303900,24.4
303960,24.6
304020,22.8
304080,23.8
304140,23.8
304200,25.8
304260,23.2
304320,23.2
304380,22.8
304440,24.0
304500,23.6
304560,24.6
304620,23.0
304680,23.4
304740,23.2
304800,21.8
304860,24.4
304920,24.4
304980,24.6
305040,25.0
305100,23.6
305160,23.0
305220,23.6
305280,24.0
305340,24.0
305400,23.0
305460,24.8
305520,25.6
305580,22.8
305640,24.6
305700,24.6
305760,24.0
305820,25.2
305880,24.2
305940,23.2
306000,23.2
306060,25.0
306120,23.4
306180,24.2
306240,25.2
306300,25.4
306360,24.0
306420,23.8
306480,25.0
306540,24.8
306600,24.8
306660,24.2
306720,24.6
306780,23.2
306840,24.2
306900,23.2
306960,24.6
307020,24.6
307080,24.2
307140,23.6
307200,25.8
307260,25.0
307320,25.0
307380,24.2
307440,24.0
307500,24.4
307560,23.8
307620,24.8
307680,25.4
307740,24.0
307800,25.8
307860,25.2
307920,22.8
307980,23.8
308040,24.2
308100,24.6
308160,23.2
308220,24.6
308280,25.6
308340,23.6
308400,23.2
308460,25.4
308520,24.0
308580,23.8
308640,24.8
308700,24.0
308760,25.4
308820,25.2
308880,21.6
308940,25.0
309000,24.8
309060,24.4
309120,24.2
309180,25.4
309240,25.0
309300,25.6
309360,23.8
309420,24.2
309480,25.0
309540,24.2
309600,24.8
309660,24.8
309720,24.4
309780,23.4
309840,24.2
309900,25.6
309960,24.6
310020,24.4
310080,25.0
310140,25.2
310200,23.8
310260,24.4
310320,26.2
310380,26.4
310440,24.6
310500,25.0
310560,25.2
310620,25.0
310680,24.6
310740,24.8
310800,25.4
310860,24.6
310920,24.2
310980,24.6
311040,24.0
311100,24.8
311160,23.8
311220,23.2
311280,24.2
311340,24.0
311400,23.0
311460,23.6
311520,23.6
311580,22.0
311640,22.8
311700,22.8
311760,24.0
311820,23.4
311880,22.4
311940,24.8
312000,23.4
312060,23.6
312120,23.4
312180,23.4
312240,21.4
312300,23.8
312360,23.6
312420,25.2
312480,24.0
312540,22.8
312600,23.2
312660,24.6
312720,24.6
312780,23.6
312840,22.6
312900,22.8
312960,24.4
313020,24.2
313080,23.0
313140,22.8
313200,24.2
313260,23.8
313320,24.2
313380,24.6
313440,25.6
313500,22.8
313560,22.8
313620,25.6
313680,24.6
313740,23.4
313800,24.4
313860,24.0
313920,25.0
313980,24.4
314040,24.6
314100,21.8
314160,25.6
314220,25.0
314280,24.2
314340,23.4
314400,22.6
314460,23.8
314520,25.2
314580,24.8
314640,24.0
314700,24.4
314760,24.6
314820,24.0
314880,23.2
314940,23.8
315000,23.0
315060,23.0
315120,22.8
315180,23.0
315240,23.4
315300,23.0
315360,22.2
315420,22.2
315480,22.6
315540,23.0
315600,22.0
315660,23.6
315720,24.0
315780,22.8
315840,22.8
315900,23.6
315960,24.6
316020,24.4
316080,24.2
316140,23.0
316200,24.2
316260,23.6
316320,25.6
316380,24.2
316440,25.2
316500,24.4
316560,23.8
316620,24.2
316680,24.4
316740,24.2
316800,24.0
316860,22.6
316920,23.8
316980,23.8
317040,22.6
317100,23.4
317160,23.2
317220,23.6
317280,23.2
317340,22.4
317400,23.0
317460,24.0
317520,21.8
317580,22.6
317640,23.0
317700,23.4
317760,22.4
317820,23.0
317880,23.2
317940,23.0
318000,22.0
318060,24.8
318120,22.8
318180,24.0
318240,23.8
318300,22.4
318360,23.2
318420,22.8
318480,23.8
318540,21.6
318600,24.8
318660,22.8
318720,23.6
318780,23.6
318840,24.2
318900,24.6
318960,22.6
319020,23.0
319080,25.4
319140,23.4
319200,23.8
319260,23.4
319320,24.2
319380,24.0
319440,23.2
319500,24.4
319560,24.6
319620,24.2
319680,24.8
319740,25.0
319800,25.0
319860,24.4
319920,25.6
319980,26.0
320040,26.0
320100,23.8
320160,24.4
320220,23.2
320280,24.6
320340,25.6
320400,25.0
320460,23.8
320520,23.0
320580,24.4
320640,22.8
320700,26.4
320760,23.4
320820,24.8
320880,22.6
320940,23.0
321000,23.8
321060,23.6
321120,25.0
321180,26.4
321240,24.6
321300,22.8
321360,23.6
321420,24.4
321480,25.0
321540,25.0
321600,24.0
321660,25.6
321720,25.2
321780,24.2
321840,25.4
321900,23.8
321960,24.0
322020,24.8
322080,24.4
322140,24.6
322200,25.0
322260,24.6
322320,24.6
322380,22.6
322440,24.4
322500,23.8
322560,24.0
322620,23.0
322680,24.6
322740,24.6
322800,24.4
322860,24.0
322920,25.2
322980,24.8
323040,23.0
323100,24.0
323160,22.8
323220,24.2
323280,24.4
323340,23.8
323400,25.2
323460,24.0
323520,23.6
323580,22.8
323640,24.0
323700,23.6
323760,25.2
323820,23.8
323880,23.6
323940,24.8
324000,24.8
324060,23.6
324120,25.0
324180,24.2
324240,24.0
324300,23.8
324360,23.8
324420,22.8
324480,24.0
324540,23.0
324600,22.8
324660,24.6
324720,22.8
324780,23.0
324840,22.4
324900,25.0
324960,24.4
325020,25.4
325080,24.0
325140,22.2
325200,22.2
325260,24.8
325320,23.8
325380,23.6
325440,25.0
325500,23.6
325560,25.2
325620,24.8
325680,23.4
325740,24.0
325800,23.6
325860,22.8
325920,24.4
325980,23.4
326040,22.6
326100,24.2
326160,24.8
326220,23.6
326280,24.2
326340,24.8
326400,23.6
326460,23.8
326520,25.0
326580,24.4
326640,24.0
326700,23.6
326760,24.6
326820,24.4
326880,24.0
326940,23.4
327000,25.4
327060,23.8
327120,24.2
327180,23.6
327240,24.4
327300,24.2
327360,23.2
327420,24.2
327480,23.8
327540,24.6
327600,23.4
327660,25.0
327720,24.6
327780,24.8
327840,24.6
327900,24.4
327960,25.4
328020,24.2
328080,23.6
328140,24.0
328200,24.6
328260,23.2
328320,24.6
328380,23.4
328440,24.2
328500,22.8
328560,24.2
328620,23.6
328680,23.2
328740,23.2
328800,23.6
328860,23.8
328920,25.2
328980,23.0
329040,24.0
329100,23.2
329160,24.4
329220,25.0
329280,23.8
329340,24.2
329400,23.6
329460,25.2
329520,23.6
329580,24.8
329640,24.0
329700,23.2
329760,24.4
329820,25.6
329880,24.6
329940,25.4
330000,24.6
330060,26.0
330120,24.6
330180,25.0
330240,23.6
330300,24.2
330360,25.6
330420,24.6
330480,24.4
330540,24.6
330600,24.8
330660,24.8
330720,24.8
330780,24.8
330840,23.2
330900,26.0
330960,26.0
331020,24.0
331080,25.4
331140,23.8
331200,23.8
331260,25.0
331320,24.8
331380,26.0
331440,25.8
331500,23.4
331560,23.2
331620,23.6
331680,24.8
331740,24.8
331800,24.0
331860,24.0
331920,24.6
331980,24.4
332040,24.6
332100,24.2
332160,25.2
332220,24.4
332280,24.4
332340,25.2
332400,25.4
332460,24.4
332520,23.2
332580,24.2
332640,27.2
332700,24.6
332760,25.4
332820,24.8
332880,24.0
332940,23.2
333000,22.8
333060,23.8
333120,25.2
333180,25.2
333240,25.0
333300,22.6
333360,22.6
333420,23.4
333480,23.4
333540,24.4
333600,25.0
333660,24.4
333720,24.0
333780,22.6
333840,23.8
333900,23.8
333960,24.0
334020,22.2
334080,22.6
334140,24.8
334200,23.0
334260,23.0
334320,24.4
334380,24.8
334440,24.0
334500,24.0
334560,23.2
334620,24.6
334680,23.2
334740,23.4
334800,23.8
334860,23.8
334920,24.0
334980,23.6
335040,25.0
335100,24.0
335160,24.0
335220,24.8
335280,25.4
335340,24.2
335400,22.6
335460,24.4
335520,23.2
335580,22.8
335640,24.4
335700,23.8
335760,24.2
335820,26.0
335880,24.6
335940,23.8
336000,24.2
336060,22.8
336120,23.0
336180,23.8
336240,23.6
336300,22.6
336360,22.2
336420,24.0
336480,23.8
336540,22.6
336600,23.6
336660,23.8
336720,24.2
336780,24.0
336840,24.4
336900,24.0
336960,23.4
337020,23.8
337080,22.8
337140,25.0
337200,23.4
337260,24.2
337320,24.0
337380,23.6
337440,24.2
337500,25.6
337560,23.8
337620,22.6
337680,25.2
337740,24.6
337800,24.0
337860,24.0
337920,23.8
337980,23.8
338040,24.0
338100,24.8
338160,24.8
338220,26.2
338280,24.6
338340,24.4
338400,24.6
338460,24.8
338520,25.6
338580,25.6
338640,25.0
338700,24.4
338760,24.8
338820,25.6
338880,25.8
338940,25.2
339000,24.2
339060,23.4
339120,24.4
339180,23.2
339240,25.4
339300,24.6
339360,25.8
339420,24.2
339480,25.0
339540,23.0
339600,23.8
339660,24.4
339720,23.8
339780,25.2
339840,24.4
339900,24.8
339960,24.2
340020,24.6
340080,25.0
340140,25.2
340200,24.2
340260,24.4
340320,24.6
340380,23.6
340440,24.8
340500,24.4
340560,25.6
340620,25.6
340680,26.2
340740,23.6
340800,24.0
340860,23.4
340920,25.4
340980,24.8
341040,24.0
341100,23.8
341160,24.0
341220,24.4
341280,24.0
341340,23.0
341400,24.2
341460,24.4
341520,24.6
341580,24.6
341640,23.6
341700,23.8
341760,24.2
341820,25.8
341880,24.8
341940,24.8
342000,25.4
342060,26.2
342120,24.6
342180,25.8
342240,24.4
342300,24.4
342360,25.4
342420,25.8
342480,24.8
342540,24.0
342600,22.2
342660,23.6
342720,23.6
342780,23.2
342840,23.8
342900,23.4
342960,24.4
343020,22.0
343080,25.6
343140,23.6
343200,22.2
343260,22.8
343320,24.4
343380,22.2
343440,24.4
343500,24.6
343560,22.4
343620,22.0
343680,22.0
343740,22.0
343800,22.4
343860,22.4
343920,22.2
343980,22.4
344040,21.8
344100,21.6
344160,21.8
344220,23.0
344280,24.0
344340,22.2
344400,24.2
344460,22.8
344520,24.4
344580,24.2
344640,24.2
344700,25.8
344760,23.8
344820,24.0
344880,23.0
344940,25.2
345000,24.6
345060,23.6
345120,23.8
345180,23.2
345240,23.4
345300,24.6
345360,23.4
345420,24.6
345480,23.4
345540,24.4
345600,25.2
345660,23.2
345720,23.8
345780,24.6
345840,24.8
345900,22.8
345960,24.2
346020,24.4
346080,24.0
346140,23.4
346200,24.4
346260,25.6
346320,24.0
346380,24.4
346440,23.6
346500,23.0
346560,25.0
346620,24.2
346680,25.4
346740,26.0
346800,25.4
346860,25.6
346920,24.6
346980,24.8
347040,24.4
347100,24.4
347160,23.6
347220,23.6
347280,24.2
347340,25.0
347400,23.6
347460,25.4
347520,24.4
347580,24.2
347640,24.8
347700,23.2
347760,23.4
347820,25.0
347880,24.2
347940,24.0
348000,25.0
348060,24.8
348120,24.0
348180,24.2
348240,23.6
348300,24.8
348360,24.8
348420,25.6
348480,25.2
348540,23.8
348600,23.8
348660,23.4
348720,24.8
348780,23.0
348840,24.8
348900,22.8
348960,24.4
349020,26.6
349080,24.2
349140,24.0
349200,24.8
349260,23.0
349320,23.8
349380,25.4
349440,23.0
349500,25.4
349560,22.6
349620,26.0
349680,23.0
349740,24.6
349800,23.8
349860,26.6
349920,25.0
349980,25.6
350040,24.6
350100,25.6
350160,23.8
350220,25.2
350280,24.2
350340,23.6
350400,23.0
350460,24.6
350520,24.0
350580,24.2
350640,24.8
350700,26.0
350760,23.6
350820,24.6
350880,24.6
350940,24.0
351000,25.8
351060,25.2
351120,24.8
351180,24.4
351240,25.0
351300,26.0
351360,25.8
351420,24.2
351480,24.4
351540,23.2
351600,24.4
351660,25.4
351720,24.8
351780,25.0
351840,24.4
351900,24.0
351960,25.6
352020,26.2
352080,24.2
352140,25.6
352200,23.6
352260,26.0
352320,24.8
352380,24.0
352440,25.2
352500,24.4
352560,24.4
352620,25.4
352680,23.4
352740,26.2
352800,26.0
352860,25.4
352920,24.6
352980,25.4
353040,25.0
353100,24.8
353160,24.2
353220,25.4
353280,24.6
353340,23.8
353400,25.6
353460,24.2
353520,24.2
353580,25.2
353640,25.2
353700,26.6
353760,25.0
353820,23.0
353880,25.2
353940,24.8
354000,24.0
354060,24.8
354120,22.4
354180,24.8
354240,25.0
354300,23.8
354360,25.6
354420,23.2
354480,25.0
354540,24.6
354600,23.6
354660,24.4
354720,24.8
354780,23.0
354840,24.2
354900,22.4
354960,25.8
355020,24.8
355080,24.0
355140,24.0
355200,23.8
355260,23.6
355320,24.2
355380,23.8
355440,22.4
355500,24.0
355560,24.8
355620,24.4
355680,23.0
355740,23.0
355800,23.4
355860,22.2
355920,24.4
355980,22.6
356040,22.6
356100,22.8
356160,21.6
356220,23.2
356280,23.6
356340,22.2
356400,24.6
356460,23.2
356520,23.2
356580,22.8
356640,24.8
356700,23.2
356760,23.2
356820,24.8
356880,21.0
356940,22.6
357000,22.0
357060,23.4
357120,23.4
357180,23.2
357240,21.0
357300,23.0
357360,23.4
357420,23.6
357480,22.4
357540,23.0
357600,21.8
357660,21.6
357720,22.8
357780,23.2
357840,22.0
357900,22.6
357960,21.8
358020,21.6
358080,23.8
358140,22.6
358200,21.0
358260,23.0
358320,21.2
358380,21.0
358440,22.6
358500,23.0
358560,22.0
358620,23.6
358680,24.0
358740,22.4
358800,23.4
358860,23.2
358920,23.0
358980,23.2
359040,22.6
359100,22.6
359160,22.2
359220,22.0
359280,22.6
359340,22.4
359400,23.2
359460,22.8
359520,24.0
359580,23.2
359640,20.6
359700,25.0
359760,22.2
359820,22.6
359880,22.0
359940,24.0
360000,22.8
360060,22.4
360120,23.2
360180,22.6
360240,24.0
360300,23.0
360360,24.8
360420,23.2
360480,22.8
360540,23.0
360600,23.8
360660,23.4
360720,25.0
360780,23.6
360840,23.2
360900,23.0
360960,22.8
361020,24.2
361080,23.8
361140,24.0
361200,24.2
361260,25.0
361320,23.8
361380,23.0
361440,23.6
361500,23.4
361560,24.6
361620,24.0
361680,23.2
361740,23.4
361800,23.4
361860,23.0
361920,24.0
361980,24.8
362040,24.2
362100,24.0
362160,23.6
362220,24.6
362280,24.0
362340,24.6
362400,24.6
362460,24.8
362520,24.8
362580,24.6
362640,24.2
362700,23.2
362760,25.0
362820,24.4
362880,25.4
362940,23.8
363000,25.2
363060,25.8
363120,24.4
363180,24.0
363240,24.2
363300,25.2
363360,25.0
363420,25.0
363480,24.2
363540,23.0
363600,23.8
363660,25.6
363720,24.4
363780,25.4
363840,25.2
363900,24.6
363960,24.4
364020,23.4
364080,22.8
364140,23.2
364200,23.8
364260,24.4
364320,26.2
364380,24.2
364440,24.8
364500,26.0
364560,25.0
364620,25.4
364680,25.0
364740,23.8
364800,23.2
364860,24.8
364920,23.2
364980,23.2
365040,24.8
365100,24.6
365160,24.2
365220,24.2
365280,23.8
365340,24.2
365400,24.4
365460,24.4
365520,25.0
365580,25.8
365640,24.2
365700,23.8
365760,25.4
365820,25.4
365880,24.6
365940,24.8
366000,24.4
366060,26.0
366120,26.2
366180,24.4
366240,25.2
366300,24.0
366360,23.8
366420,24.0
366480,23.0
366540,23.8
366600,24.0
366660,21.8
366720,24.2
366780,22.8
366840,26.2
366900,24.8
366960,24.0
367020,24.6
367080,23.8
367140,23.4
367200,23.6
367260,23.6
367320,23.6
367380,23.8
367440,24.0
367500,24.6
367560,22.0
367620,23.4
367680,23.6
367740,24.4
367800,23.2
367860,23.8
367920,24.6
367980,24.0
368040,25.2
368100,24.4
368160,22.8
368220,24.8
368280,24.0
368340,23.6
368400,24.4
368460,26.2
368520,24.4
368580,23.6
368640,24.6
368700,23.8
368760,23.2
368820,24.2
368880,24.2
368940,25.0
369000,24.6
369060,23.0
369120,24.4
369180,24.2
369240,25.0
369300,25.0
369360,23.4
369420,23.4
369480,23.0
369540,23.8
369600,24.4
369660,22.4
369720,23.0
369780,23.4
369840,24.0
369900,23.2
369960,22.2
370020,22.4
370080,22.0
370140,23.2
370200,21.2
370260,24.6
370320,21.0
370380,21.8
370440,22.0
370500,20.8
370560,22.2
370620,22.6
370680,22.6
370740,22.2
370800,22.2
370860,23.6
370920,20.8
370980,22.4
371040,22.2
371100,23.2
371160,23.2
371220,23.4
371280,21.8
371340,21.2
371400,22.6
371460,22.6
371520,22.2
371580,22.6
371640,23.4
371700,23.0
371760,21.8
371820,23.4
371880,22.6
371940,23.0
372000,23.6
372060,23.6
372120,24.0
372180,23.8
372240,22.4
372300,24.6
372360,22.2
372420,24.2
372480,21.2
372540,24.0
372600,22.8
372660,24.0
372720,25.0
372780,24.0
372840,24.2
372900,23.6
372960,25.4
373020,23.0
373080,25.0
373140,24.2
373200,22.4
373260,25.0
373320,23.4
373380,23.2
373440,23.6
373500,24.6
373560,25.4
373620,23.4
373680,23.4
373740,23.0
373800,24.0
373860,25.6
373920,25.4
373980,22.8
374040,24.2
374100,25.0
374160,24.0
374220,24.2
374280,24.4
374340,25.8
374400,23.0
374460,24.4
374520,24.8
374580,25.2
374640,24.2
374700,24.6
374760,24.8
374820,25.4
374880,25.2
374940,24.8
375000,25.0
375060,24.8
375120,24.8
375180,25.0
375240,25.0
375300,24.6
375360,24.0
375420,23.8
375480,24.4
375540,23.8
375600,25.2
375660,24.0
375720,24.4
375780,24.2
375840,25.0
375900,24.0
375960,24.2
376020,24.4
376080,24.0
376140,23.8
376200,24.4
376260,24.6
376320,23.8
376380,24.2
376440,25.6
376500,24.8
376560,25.8
376620,25.6
376680,25.0
376740,26.2
376800,25.8
376860,23.6
376920,23.4
376980,25.6
377040,23.2
377100,25.2
377160,23.6
377220,24.2
377280,24.6
377340,24.0
377400,24.6
377460,24.2
377520,24.0
377580,23.6
377640,25.4
377700,23.2
377760,24.4
377820,24.8
377880,23.2
377940,24.2
378000,23.2
378060,23.2
378120,24.2
378180,23.6
378240,23.2
378300,26.6
378360,25.2
378420,23.8
378480,24.4
378540,23.8
378600,25.8
378660,24.6
378720,25.0
378780,26.2
378840,25.0
378900,24.2
378960,23.6
379020,25.2
379080,25.0
379140,23.4
379200,25.2
379260,25.2
379320,24.6
379380,24.6
379440,25.4
379500,26.0
379560,25.6
379620,24.6
379680,24.2
379740,24.4
379800,25.0
379860,24.8
379920,24.0
379980,24.4
380040,24.6
380100,24.8
380160,25.2
380220,24.8
380280,24.4
380340,25.4
380400,23.6
380460,24.2
380520,23.4
380580,23.4
380640,23.2
380700,23.0
380760,21.8
380820,24.8
380880,22.8
380940,26.0
381000,24.8
381060,23.8
381120,23.4
381180,23.0
381240,24.2
381300,24.0
381360,23.4
381420,22.8
381480,23.4
381540,24.2
381600,24.6
381660,23.6
381720,23.8
381780,23.4
381840,23.4
381900,24.0
381960,23.8
382020,22.4
382080,26.0
382140,23.6
382200,23.6
382260,24.8
382320,23.6
382380,24.2
382440,25.0
382500,24.4
382560,24.4
382620,23.6
382680,25.8
382740,24.0
382800,23.0
382860,23.4
382920,24.8
382980,25.4
383040,24.0
383100,25.0
383160,23.0
383220,24.6
383280,24.6
383340,25.4
383400,24.4
383460,24.2
383520,26.0
383580,25.2
383640,24.2
383700,25.0
383760,24.0
383820,23.4
383880,23.2
383940,25.0
384000,25.0
384060,25.0
384120,23.2
384180,24.6
384240,24.8
384300,24.4
384360,24.4
384420,24.8
384480,23.8
384540,24.2
384600,24.8
384660,23.6
384720,23.8
384780,25.2
384840,25.6
384900,24.4
384960,23.8
385020,23.6
385080,24.8
385140,24.8
385200,24.4
385260,25.4
385320,24.6
385380,25.8
385440,24.8
385500,24.6
385560,25.8
385620,26.0
385680,25.0
385740,22.4
385800,26.2
385860,27.6
385920,26.4
385980,26.8
386040,25.2
386100,24.6
386160,26.8
386220,24.2
386280,25.0
386340,24.8
386400,25.2
386460,25.2
386520,24.8
386580,26.0
386640,25.4
386700,23.6
386760,22.6
386820,24.0
386880,24.2
386940,23.4
387000,24.8
387060,24.4
387120,24.6
387180,24.6
387240,23.6
387300,24.2
387360,24.8
387420,23.6
387480,24.2
387540,23.8
387600,25.0
387660,24.4
387720,23.6
387780,24.6
387840,23.0
387900,26.0
387960,24.2
388020,26.4
388080,23.6
388140,25.0
388200,25.6
388260,24.6
388320,24.2
388380,25.2
388440,24.8
388500,24.2
388560,24.6
388620,24.4
388680,25.0
388740,26.2
388800,24.0
388860,25.8
388920,25.0
388980,23.4
389040,25.0
389100,24.6
389160,25.2
389220,24.2
389280,24.0
389340,24.8
389400,25.6
389460,25.2
389520,24.0
389580,25.8
389640,25.4
389700,24.6
389760,23.6
389820,25.8
389880,25.4
389940,24.8
390000,24.8
390060,24.6
390120,24.6
390180,25.4
390240,25.2
390300,24.6
390360,25.2
390420,23.6
390480,24.0
390540,25.4
390600,24.0
390660,23.8
390720,24.0
390780,23.4
390840,23.0
390900,24.6
390960,24.2
391020,23.6
391080,22.8
391140,25.0
391200,22.4
391260,24.6
391320,24.8
391380,23.6
391440,24.2
391500,23.6
391560,25.0
391620,24.8
391680,24.2
391740,24.4
391800,22.8
391860,23.8
391920,24.8
391980,25.0
392040,26.0
392100,23.8
392160,24.2
392220,25.0
392280,24.2
392340,25.2
392400,24.6
392460,25.6
392520,25.6
392580,25.6
392640,25.0
392700,25.6
392760,24.6
392820,24.4
392880,24.6
392940,25.0
393000,23.8
393060,25.4
393120,23.8
393180,25.0
393240,26.4
393300,23.8
393360,23.6
393420,25.4
393480,25.0
393540,25.4
393600,25.4
393660,25.6
393720,24.6
393780,24.8
393840,23.4
393900,24.4
393960,24.6
394020,25.2
394080,24.4
394140,23.6
394200,26.6
394260,23.8
394320,24.2
394380,24.4
394440,25.2
394500,25.0
394560,23.2
394620,25.0
394680,25.2
394740,24.6
394800,25.4
394860,24.2
394920,23.6
394980,25.4
395040,25.0
395100,24.2
395160,24.6
395220,25.4
395280,23.8
395340,25.2
395400,24.4
395460,24.0
395520,25.0
395580,24.6
395640,25.4
395700,24.8
395760,24.0
395820,24.2
395880,24.8
395940,24.0
396000,24.2
396060,25.4
396120,25.4
396180,23.4
396240,24.2
396300,23.8
396360,25.2
396420,24.4
396480,24.0
396540,25.8
396600,26.4
396660,26.0
396720,25.6
396780,24.6
396840,25.6
396900,24.6
396960,24.8
397020,24.8
397080,23.4
397140,25.8
397200,26.0
397260,24.4
397320,24.0
397380,24.2
397440,24.2
397500,23.4
397560,26.0
397620,27.2
397680,27.2
397740,24.8
397800,25.8
397860,25.2
397920,24.0
397980,24.6
398040,25.6
398100,24.6
398160,24.8
398220,25.6
398280,24.4
398340,25.8
398400,24.4
398460,24.6
398520,25.8
398580,25.2
398640,22.8
398700,24.2
398760,25.6
398820,24.6
398880,23.6
398940,24.0
399000,26.0
399060,25.0
399120,25.6
399180,24.4
399240,24.4
399300,25.2
399360,24.4
399420,23.2
399480,25.0
399540,25.0
399600,23.8
399660,24.6
399720,25.4
399780,24.8
399840,24.8
399900,24.0
399960,24.0
400020,24.2
400080,23.8
400140,25.2
400200,25.6
400260,24.4
400320,24.4
400380,24.4
400440,25.6
400500,24.6
400560,23.6
400620,25.4
400680,24.8
400740,25.4
400800,24.4
400860,23.2
400920,24.8
400980,25.6
401040,25.2
401100,25.2
401160,24.8
401220,24.6
401280,26.2
401340,24.2
401400,25.8
401460,24.6
401520,25.0
401580,26.0
401640,24.8
401700,23.6
401760,23.8
401820,24.0
401880,24.8
401940,25.6
402000,25.0
402060,25.2
402120,24.4
402180,24.6
402240,25.2
402300,25.2
402360,25.0
402420,24.0
402480,26.2
402540,24.2
402600,24.2
402660,24.2
402720,25.4
402780,24.4
402840,25.6
402900,24.6
402960,26.0
403020,24.6
403080,24.4
403140,23.8
403200,24.6
403260,24.8
403320,24.0
403380,23.0
403440,23.6
403500,24.0
403560,23.6
403620,24.6
403680,23.4
403740,23.8
403800,24.0
403860,23.2
403920,23.6
403980,25.0
404040,25.2
404100,23.0
404160,25.2
404220,23.8
404280,22.8
404340,23.8
404400,23.2
404460,23.8
404520,25.6
404580,23.8
404640,25.0
404700,22.8
404760,25.0
404820,23.2
404880,25.4
404940,24.0
405000,23.8
405060,23.6
405120,24.4
405180,25.4
405240,24.2
405300,23.8
405360,25.8
405420,23.0
405480,23.8
405540,23.6
405600,23.2
405660,24.2
405720,22.4
405780,24.4
405840,24.2
405900,24.8
405960,24.4
406020,23.6
406080,23.8
406140,24.6
406200,23.0
406260,23.8
406320,22.2
406380,24.0
406440,24.4
406500,23.8
406560,25.0
406620,24.2
406680,24.4
406740,23.6
406800,23.8
406860,23.6
406920,23.6
406980,24.4
407040,24.0
407100,24.0
407160,23.2
407220,24.8
407280,24.2
407340,24.6
407400,25.2
407460,25.2
407520,24.6
407580,23.2
407640,24.6
407700,24.2
407760,25.4
407820,24.4
407880,23.8
407940,23.0
408000,25.6
408060,23.8
408120,22.2
408180,24.6
408240,23.4
408300,24.2
408360,24.0
408420,21.8
408480,23.6
408540,22.4
408600,23.4
408660,23.2
408720,21.8
408780,23.6
408840,23.2
408900,23.4
408960,23.0
409020,24.2
409080,23.0
409140,23.2
409200,24.4
409260,22.6
409320,23.6
409380,24.4
409440,24.4
409500,23.0
409560,25.0
409620,23.8
409680,24.2
409740,25.2
409800,24.2
409860,24.2
409920,25.6
409980,24.8
410040,25.2
410100,24.8
410160,23.6
410220,23.4
410280,25.0
410340,24.0
410400,23.0
410460,23.6
410520,24.0
410580,23.0
410640,24.8
410700,25.0
410760,23.8
410820,24.2
410880,23.4
410940,24.6
411000,23.2
411060,26.4
411120,25.6
411180,23.2
411240,23.2
411300,23.8
411360,26.0
411420,25.8
411480,23.6
411540,24.8
411600,24.4
411660,25.2
411720,24.0
411780,24.4
411840,26.0
411900,25.4
411960,24.8
412020,24.4
412080,25.4
412140,24.4
412200,24.2
412260,25.0
412320,26.2
412380,24.4
412440,24.6
412500,24.0
412560,24.8
412620,25.0
412680,23.6
412740,26.2
412800,24.2
412860,25.4
412920,24.0
412980,25.6
413040,24.6
413100,24.6
413160,24.4
413220,24.6
413280,24.0
413340,22.6
413400,25.6
413460,23.4
413520,22.8
413580,23.0
413640,23.4
413700,24.0
413760,23.0
413820,22.6
413880,22.8
413940,22.8
414000,21.6
414060,23.8
414120,23.8
414180,23.8
414240,25.6
414300,24.6
414360,24.2
414420,24.6
414480,23.4
414540,24.6
414600,24.0
414660,24.0
414720,24.0
414780,25.2
414840,21.6
414900,24.6
414960,23.2
415020,25.0
415080,25.4
415140,24.8
415200,24.4
415260,25.0
415320,24.6
415380,24.2
415440,26.6
415500,25.6
415560,24.0
415620,24.6
415680,25.4
415740,23.4
415800,24.0
415860,24.4
415920,23.8
415980,23.8
416040,22.4
416100,22.6
416160,22.6
416220,23.0
416280,22.8
416340,22.2
416400,24.2
416460,25.0
416520,24.0
416580,24.2
416640,24.2
416700,22.4
416760,24.6
416820,24.6
416880,24.8
416940,23.2
417000,24.4
417060,24.0
417120,23.2
417180,25.2
417240,24.2
417300,25.4
417360,24.2
417420,24.6
417480,24.8
417540,24.4
417600,24.8
417660,24.2
417720,23.8
417780,23.2
417840,25.2
417900,24.6
417960,25.6
418020,23.8
418080,24.8
418140,24.2
418200,24.2
418260,23.8
418320,23.0
418380,23.4
418440,24.0
418500,22.0
418560,23.8
418620,21.8
418680,24.6
418740,23.4
418800,23.6
418860,24.2
418920,23.4
418980,24.0
419040,22.6
419100,23.8
419160,24.2
419220,23.2
419280,22.6
419340,23.6
419400,23.2
419460,24.8
419520,23.4
419580,23.0
419640,22.6
419700,24.0
419760,22.8
419820,23.4
419880,22.0
419940,25.8
420000,24.6
420060,24.2
420120,23.0
420180,23.8
420240,25.8
420300,25.4
420360,25.8
420420,25.0
420480,23.8
420540,24.8
420600,24.6
420660,26.0
420720,23.6
420780,25.0
420840,24.8
420900,25.2
420960,26.4
421020,25.6
421080,24.0
421140,25.4
421200,24.0
421260,24.8
421320,25.0
421380,25.6
421440,23.2
421500,23.4
421560,23.8
421620,25.4
421680,24.6
421740,23.4
421800,26.4
421860,24.0
421920,25.2
421980,25.0
422040,25.2
422100,24.8
422160,24.6
422220,25.6
422280,25.2
422340,24.8
422400,24.6
422460,24.6
422520,24.0
422580,25.6
422640,24.0
422700,25.2
422760,25.0
422820,26.4
422880,25.6
422940,23.2
423000,24.2
423060,23.8
423120,24.2
423180,24.8
423240,25.4
423300,24.0
423360,25.6
423420,25.2
423480,23.0
423540,25.2
423600,25.6
423660,24.4
423720,25.6
423780,25.0
423840,24.8
423900,25.0
423960,25.6
424020,25.8
424080,24.8
424140,25.4
424200,24.8
424260,25.2
424320,24.4
424380,25.8
424440,24.8
424500,25.4
424560,25.8
424620,25.6
424680,24.4
424740,23.6
424800,24.4
424860,26.4
424920,26.4
424980,25.8
425040,26.0
425100,24.6
425160,24.8
425220,23.0
425280,25.8
425340,26.8
425400,24.0
425460,24.0
425520,25.6
425580,24.2
425640,26.2
425700,24.8
425760,24.6
425820,25.8
425880,24.8
425940,26.0
426000,26.4
426060,25.8
426120,24.2
426180,25.0
426240,24.6
426300,26.6
426360,25.2
426420,25.4
426480,25.8
426540,25.0
426600,25.0
426660,26.0
426720,26.0
426780,24.6
426840,25.4
426900,24.4
426960,25.2
427020,25.4
427080,27.4
427140,25.8
427200,25.8
427260,24.2
427320,24.8
427380,25.4
427440,25.6
427500,25.6
427560,26.2
427620,26.2
427680,25.8
427740,26.6
427800,25.4
427860,24.2
427920,26.0
427980,25.4
428040,26.4
428100,24.6
428160,26.2
428220,24.8
428280,25.6
428340,26.0
428400,26.2
428460,25.8
428520,24.0
428580,24.6
428640,24.8
428700,25.8
428760,25.4
428820,26.4
428880,24.8
428940,26.0
429000,24.4
429060,25.6
429120,25.2
429180,24.4
429240,25.8
429300,24.4
429360,24.8
429420,25.8
429480,26.4
429540,24.4
429600,25.0
429660,26.6
429720,27.0
429780,24.2
429840,25.8
429900,26.2
429960,25.2
430020,25.6
430080,25.0
430140,25.0
430200,27.0
430260,25.8
430320,24.8
430380,25.2
430440,25.2
430500,24.4
430560,25.8
430620,24.4
430680,25.4
430740,24.4
430800,26.0
430860,25.4
430920,24.8
430980,26.6
431040,26.4
431100,24.4
431160,26.0
431220,23.6
431280,25.8
431340,25.2
431400,24.8
431460,27.8
431520,25.6
431580,26.2
431640,23.6
431700,25.6
431760,25.6
431820,25.4
431880,25.2
431940,25.8
432000,24.2
432060,25.2
432120,24.6
432180,24.4
432240,26.0
432300,26.2
432360,25.2
432420,25.6
432480,25.4
432540,24.2
432600,24.4
432660,26.4
432720,26.0
432780,24.6
432840,24.6
432900,24.6
432960,25.2
433020,26.4
433080,26.0
433140,25.8
433200,26.4
433260,25.4
433320,26.0
433380,26.4
433440,26.6
433500,27.2
433560,26.8
433620,24.8
433680,25.8
433740,25.4
433800,25.8
433860,25.2
433920,25.0
433980,25.4
434040,26.0
434100,25.8
434160,25.8
434220,26.0
434280,25.6
434340,26.2
434400,24.6
434460,25.4
434520,25.4
434580,26.6
434640,25.8
434700,26.4
434760,24.8
434820,25.4
434880,27.0
434940,26.0
435000,25.8
435060,27.8
435120,26.2
435180,24.8
435240,23.8
435300,24.6
435360,25.8
435420,25.6
435480,24.6
435540,24.6
435600,24.2
435660,25.6
435720,24.6
435780,25.6
435840,24.0
435900,25.2
435960,25.8
436020,24.6
436080,25.0
436140,25.6
436200,26.0
436260,25.2
436320,26.0
436380,23.2
436440,23.2
436500,26.2
436560,25.6
436620,25.2
436680,23.8
436740,24.4
436800,25.4
436860,24.6
436920,25.2
436980,24.0
437040,25.4
437100,25.8
437160,25.4
437220,25.2
437280,25.2
437340,26.4
437400,26.0
437460,25.6
437520,23.8
437580,24.6
437640,24.6
437700,25.8
437760,25.2
437820,26.2
437880,25.0
437940,25.6
438000,25.4
438060,25.0
438120,26.2
438180,24.6
438240,24.4
438300,25.4
438360,25.6
438420,26.2
438480,24.6
438540,25.6
438600,25.8
438660,24.6
438720,24.4
438780,25.6
438840,25.6
438900,25.2
438960,25.8
439020,26.6
439080,26.4
439140,25.0
439200,26.4
439260,24.0
439320,26.6
439380,25.8
439440,26.2
439500,25.8
439560,25.0
439620,24.0
439680,26.2
439740,27.4
439800,27.0
439860,25.4
439920,25.2
439980,25.2
440040,24.2
440100,24.6
440160,26.0
440220,24.4
440280,26.4
440340,25.4
440400,26.2
440460,24.6
440520,24.8
440580,24.6
440640,24.8
440700,25.2
440760,23.6
440820,25.8
440880,25.2
440940,25.2
441000,27.8
441060,26.8
441120,26.0
441180,25.8
441240,26.6
441300,25.4
441360,25.8
441420,25.0
441480,25.8
441540,26.8
441600,24.8
441660,24.8
441720,25.2
441780,25.6
441840,24.8
441900,25.4
441960,25.4
442020,25.8
442080,24.6
442140,24.2
442200,27.0
442260,25.8
442320,25.4
442380,26.2
442440,26.6
442500,24.8
442560,26.0
442620,26.6
442680,25.2
442740,23.8
442800,26.4
442860,27.2
442920,24.6
442980,26.0
443040,24.4
443100,25.2
443160,25.8
443220,25.8
443280,24.8
443340,25.2
443400,25.4
443460,24.0
443520,25.4
443580,25.8
443640,25.6
443700,25.4
443760,24.8
443820,23.2
443880,24.4
443940,25.8
444000,25.8
444060,26.4
444120,25.4
444180,25.4
444240,25.4
444300,24.8
444360,24.0
444420,26.4
444480,25.0
444540,25.4
444600,25.0
444660,25.4
444720,25.2
444780,26.0
444840,24.4
444900,24.2
444960,25.2
445020,24.4
445080,24.6
445140,24.8
445200,25.0
445260,25.6
445320,26.2
445380,24.4
445440,25.6
445500,24.4
445560,25.8
445620,25.4
445680,25.4
445740,25.2
445800,24.8
445860,24.8
445920,25.6
445980,25.0
446040,25.4
446100,23.8
446160,24.8
446220,26.6
446280,23.8
446340,24.4
446400,23.8
446460,25.2
446520,26.2
446580,25.6
446640,26.0
446700,25.4
446760,25.6
446820,24.4
446880,25.8
446940,25.8
447000,26.6
447060,24.6
447120,24.8
447180,24.2
447240,24.6
447300,25.8
447360,26.2
447420,25.0
447480,25.2
447540,24.6
447600,25.4
447660,24.8
447720,24.6
447780,26.4
447840,23.4
447900,24.6
447960,24.6
448020,25.0
448080,24.0
448140,23.6
448200,23.8
448260,26.2
448320,25.0
448380,26.8
448440,24.0
448500,24.4
448560,26.8
448620,25.0
448680,24.4
448740,25.8
448800,24.6
448860,25.4
448920,25.6
448980,24.4
449040,25.6
449100,23.6
449160,24.0
449220,23.6
449280,23.6
449340,25.0
449400,24.2
449460,26.2
449520,25.4
449580,24.8
449640,24.8
449700,25.6
449760,24.2
449820,24.6
449880,25.4
449940,24.0
450000,24.4
450060,25.4
450120,24.0
450180,25.2
450240,24.8
450300,25.6
450360,24.2
450420,23.6
450480,25.0
450540,23.6
450600,23.2
450660,24.2
450720,23.6
450780,26.4
450840,25.6
450900,24.8
450960,25.6
451020,24.2
451080,24.0
451140,24.4
451200,23.8
451260,23.0
451320,24.4
451380,24.8
451440,23.2
451500,23.6
451560,24.2
451620,23.2
451680,23.6
451740,24.4
451800,24.4
451860,24.4
451920,24.2
451980,24.8
452040,24.8
452100,24.6
452160,23.8
452220,23.6
452280,24.4
452340,25.0
452400,22.4
452460,24.8
452520,25.0
452580,25.4
452640,24.8
452700,25.0
452760,25.2
452820,25.2
452880,23.8
452940,24.6
453000,24.2
453060,24.2
453120,24.2
453180,25.6
453240,25.0
453300,24.0
453360,26.4
453420,24.6
453480,24.8
453540,23.8
453600,25.0
453660,24.8
453720,23.8
453780,24.4
453840,24.0
453900,24.2
453960,23.6
454020,24.4
454080,25.2
454140,24.0
454200,24.2
454260,24.8
454320,25.4
454380,24.4
454440,23.6
454500,24.2
454560,24.8
454620,23.6
454680,24.8
454740,26.4
454800,24.6
454860,24.8
454920,25.2
454980,24.0
455040,23.6
455100,26.0
455160,24.4
455220,23.6
455280,23.2
455340,24.8
455400,25.8
455460,25.0
455520,24.0
455580,26.0
455640,25.4
455700,24.4
455760,25.8
455820,27.0
455880,23.2
455940,24.2
456000,26.2
456060,25.0
456120,24.8
456180,25.2
456240,24.4
456300,25.2
456360,23.6
456420,26.0
456480,24.0
456540,24.4
456600,25.6
456660,23.8
456720,24.8
456780,25.4
456840,24.8
456900,24.8
456960,23.8
457020,26.2
457080,25.6
457140,24.6
457200,23.4
457260,25.0
457320,24.6
457380,25.4
457440,24.8
457500,24.8
457560,25.0
457620,24.0
457680,25.4
457740,24.6
457800,25.6
457860,24.0
457920,24.6
457980,23.4
458040,25.4
458100,26.2
458160,25.6
458220,26.2
458280,24.6
458340,25.2
458400,23.4
458460,25.2
458520,26.4
458580,24.6
458640,24.8
458700,24.8
458760,24.6
458820,24.6
458880,26.2
458940,24.8
459000,24.8
459060,25.8
459120,23.6
459180,25.0
459240,25.6
459300,25.8
459360,24.2
459420,24.8
459480,26.0
459540,24.4
459600,22.8
459660,26.4
459720,24.2
459780,24.4
459840,27.6
459900,23.8
459960,25.2
460020,28.2
460080,26.0
460140,26.2
460200,25.2
460260,26.2
460320,25.4
460380,25.8
460440,25.4
460500,26.0
460560,25.6
460620,25.2
460680,24.8
460740,24.6
460800,24.6
460860,24.0
460920,25.6
460980,25.4
461040,25.4
461100,25.4
461160,25.8
461220,25.6
461280,26.2
461340,25.2
461400,24.6
461460,26.4
461520,25.8
461580,24.0
461640,22.6
461700,27.0
461760,24.8
461820,25.0
461880,25.6
461940,23.8
462000,24.8
462060,23.0
462120,23.6
462180,25.0
462240,23.4
462300,24.2
462360,25.0
462420,25.0
462480,25.8
462540,25.4
462600,24.4
462660,25.6
462720,26.4
462780,24.0
462840,24.2
462900,25.0
462960,24.0
463020,23.4
463080,23.6
463140,26.0
463200,25.0
463260,23.8
463320,24.2
463380,23.4
463440,24.8
463500,24.4
463560,23.8
463620,23.2
463680,23.0
463740,23.8
463800,24.0
463860,25.4
463920,23.0
463980,24.4
464040,24.6
464100,22.6
464160,22.2
464220,23.8
464280,24.2
464340,23.4
464400,23.8
464460,25.0
464520,26.2
464580,24.0
464640,23.2
464700,24.2
464760,24.6
464820,23.4
464880,23.6
464940,23.8
465000,24.0
465060,24.0
465120,24.4
465180,25.6
465240,25.6
465300,23.8
465360,25.2
465420,24.6
465480,25.4
465540,23.6
465600,24.6
465660,25.2
465720,23.8
465780,25.6
465840,26.0
465900,25.4
465960,25.0
466020,25.0
466080,24.4
466140,25.6
466200,24.2
466260,25.2
466320,23.4
466380,25.0
466440,24.4
466500,25.4
466560,26.0
466620,24.4
466680,27.4
466740,24.6
466800,24.4
466860,26.0
466920,24.8
466980,24.4
467040,25.6
467100,24.4
467160,23.8
467220,24.6
467280,23.8
467340,26.8
467400,23.8
467460,24.0
467520,25.6
467580,25.4
467640,24.0
467700,24.4
467760,25.4
467820,25.0
467880,24.0
467940,25.8
468000,23.0
468060,25.2
468120,25.0
468180,24.8
468240,23.2
468300,24.4
468360,24.6
468420,24.6
468480,23.2
468540,23.4
468600,23.2
468660,23.4
468720,24.6
468780,24.8
468840,23.2
468900,23.0
468960,24.6
469020,26.4
469080,24.8
469140,26.2
469200,24.8
469260,25.2
469320,25.4
469380,25.2
469440,27.2
469500,25.4
469560,25.6
469620,25.6
469680,26.2
469740,24.4
469800,25.2
469860,25.0
469920,23.6
469980,25.0
470040,25.0
470100,24.6
470160,26.6
470220,24.0
470280,24.6
470340,25.6
470400,24.6
470460,24.6
470520,25.2
470580,24.6
470640,24.6
470700,24.4
470760,25.6
470820,23.2
470880,26.6
470940,25.8
471000,26.4
471060,24.8
471120,26.8
471180,26.2
471240,25.0
471300,25.8
471360,25.4
471420,25.2
471480,25.6
471540,25.8
471600,25.2
471660,26.2
471720,24.6
471780,25.8
471840,25.0
471900,26.0
471960,25.4
472020,24.4
472080,23.8
472140,26.6
472200,24.8
472260,25.4
472320,25.6
472380,26.8
472440,26.8
472500,27.0
472560,26.2
472620,25.2
472680,24.6
472740,25.8
472800,26.0
472860,24.4
472920,25.2
472980,25.4
473040,24.6
473100,25.6
473160,26.6
473220,26.0
473280,24.8
473340,25.8
473400,26.2
473460,24.4
473520,25.4
473580,25.0
473640,26.2
473700,25.0
473760,25.0
473820,25.8
473880,25.8
473940,25.4
474000,26.6
474060,25.0
474120,27.0
474180,24.6
474240,25.8
474300,25.2
474360,25.4
474420,25.4
474480,26.2
474540,25.6
474600,26.8
474660,25.8
474720,26.8
474780,25.6
474840,23.6
474900,24.8
474960,26.4
475020,24.8
475080,25.2
475140,24.4
475200,24.6
475260,26.8
475320,25.8
475380,25.8
475440,25.4
475500,25.0
475560,24.8
475620,26.4
475680,26.4
475740,25.0
475800,26.0
475860,25.6
475920,24.4
475980,24.6
476040,24.4
476100,24.8
476160,26.0
476220,26.0
476280,25.4
476340,25.4
476400,25.2
476460,25.2
476520,24.2
476580,25.0
476640,25.2
476700,25.6
476760,26.0
476820,25.8
476880,25.0
476940,25.2
477000,24.6
477060,26.8
477120,24.8
477180,24.8
477240,25.4
477300,24.0
477360,24.2
477420,26.2
477480,25.0
477540,25.0
477600,25.4
477660,26.0
477720,26.0
477780,23.6
477840,25.6
477900,25.4
477960,27.6
478020,25.8
478080,24.8
478140,26.6
478200,26.2
478260,25.6
478320,26.4
478380,25.8
478440,26.0
478500,26.6
478560,24.4
478620,25.2
478680,26.2
478740,24.6
478800,24.6
478860,26.0
478920,25.0
478980,25.4
479040,25.2
479100,24.2
479160,25.0
479220,25.4
479280,25.0
479340,24.8
479400,26.0
479460,25.2
479520,24.6
479580,25.6
479640,26.2
479700,26.4
479760,24.6
479820,25.8
479880,27.2
479940,25.2
480000,25.8
480060,25.8
480120,25.0
480180,26.4
480240,25.4
480300,25.0
480360,25.8
480420,25.2
480480,25.0
480540,24.2
480600,25.0
480660,26.6
480720,26.2
480780,25.6
480840,26.4
480900,27.2
480960,25.4
481020,24.0
481080,25.6
481140,26.2
481200,26.6
481260,26.2
481320,25.2
481380,25.8
481440,24.8
481500,26.4
481560,25.4
481620,26.0
481680,24.6
481740,25.6
481800,24.4
481860,24.4
481920,27.0
481980,24.8
482040,25.8
482100,23.8
482160,26.4
482220,24.4
482280,25.6
482340,25.6
482400,26.0
482460,26.2
482520,25.6
482580,25.6
482640,25.4
482700,25.0
482760,25.6
482820,26.2
482880,25.2
482940,25.4
483000,25.2
483060,25.2
483120,25.4
483180,26.0
483240,24.6
483300,26.6
483360,25.0
483420,26.2
483480,24.8
483540,25.0
483600,24.2
483660,25.6
483720,23.8
483780,27.2
483840,25.6
483900,25.4
483960,24.2
484020,24.0
484080,25.4
484140,26.4
484200,25.2
484260,25.6
484320,23.0
484380,25.6
484440,26.2
484500,24.2
484560,26.2
484620,25.4
484680,26.4
484740,24.8
484800,25.6
484860,25.2
484920,24.8
484980,25.2
485040,24.0
485100,24.4
485160,27.6
485220,25.2
485280,24.6
485340,24.2
485400,27.8
485460,24.8
485520,25.2
485580,24.2
485640,25.8
485700,25.2
485760,24.8
485820,26.2
485880,25.4
485940,25.0
486000,25.2
486060,26.8
486120,24.4
486180,24.8
486240,24.8
486300,25.4
486360,24.4
486420,25.4
486480,26.4
486540,25.0
486600,26.0
486660,25.2
486720,27.0
486780,25.6
486840,25.0
486900,25.4
486960,25.4
487020,23.4
487080,24.8
487140,25.0
487200,26.6
487260,24.8
487320,24.6
487380,27.2
487440,24.4
487500,25.6
487560,26.2
487620,24.8
487680,25.2
487740,25.0
487800,24.6
487860,25.4
487920,24.6
487980,26.0
488040,25.6
488100,24.4
488160,24.2
488220,25.6
488280,24.8
488340,25.8
488400,26.0
488460,25.0
488520,24.2
488580,27.0
488640,24.8
488700,24.8
488760,25.6
488820,25.4
488880,26.2
488940,26.6
489000,26.0
489060,25.0
489120,25.8
489180,26.6
489240,26.2
489300,27.0
489360,24.8
489420,26.0
489480,25.4
489540,25.2
489600,25.6
489660,25.0
489720,26.0
489780,24.0
489840,24.4
489900,25.4
489960,25.2
490020,24.6
490080,26.2
490140,25.2
490200,25.2
490260,25.4
490320,24.0
490380,26.2
490440,24.4
490500,23.8
490560,24.0
490620,24.0
490680,24.8
490740,26.0
490800,23.8
490860,25.6
490920,24.2
490980,25.8
491040,25.4
491100,24.2
491160,26.2
491220,25.8
491280,24.6
491340,26.0
491400,25.2
491460,22.8
491520,25.4
491580,23.6
491640,26.0
491700,25.2
491760,24.4
491820,26.0
491880,25.6
491940,25.4
492000,25.0
492060,26.0
492120,24.0
492180,25.4
492240,23.6
492300,25.4
492360,25.4
492420,24.0
492480,24.4
492540,26.2
492600,25.0
492660,23.4
492720,24.4
492780,24.4
492840,25.2
492900,22.6
492960,24.2
493020,23.8
493080,23.2
493140,23.8
493200,25.6
493260,23.2
493320,25.2
493380,24.6
493440,23.6
493500,24.4
493560,24.8
493620,23.4
493680,23.8
493740,25.0
493800,24.4
493860,24.8
493920,23.6
493980,24.8
494040,24.8
494100,25.0
494160,25.0
494220,25.8
494280,24.8
494340,24.0
494400,24.2
494460,26.2
494520,25.4
494580,23.6
494640,25.8
494700,24.0
494760,22.8
494820,25.6
494880,24.2
494940,26.4
495000,24.4
495060,25.2
495120,24.8
495180,24.6
495240,24.2
495300,25.0
495360,26.0
495420,25.4
495480,25.4
495540,25.6
495600,25.8
495660,24.6
495720,24.6
495780,24.8
495840,24.8
495900,24.8
495960,26.4
496020,24.8
496080,24.6
496140,25.4
496200,25.2
496260,23.4
496320,24.0
496380,25.4
496440,25.2
496500,24.2
496560,26.0
496620,23.8
496680,24.8
496740,24.0
496800,26.2
496860,24.0
496920,24.8
496980,24.4
497040,24.6
497100,24.8
497160,25.2
497220,25.4
497280,25.6
497340,24.4
497400,25.4
497460,25.8
497520,23.8
497580,23.8
497640,24.4
497700,23.6
497760,24.2
497820,23.4
497880,24.0
497940,22.8
498000,23.4
498060,24.0
498120,22.8
498180,24.2
498240,24.8
498300,25.4
498360,23.8
498420,24.4
498480,24.0
498540,25.4
498600,23.2
498660,24.4
498720,23.8
498780,23.0
498840,22.6
498900,24.8
498960,24.2
499020,25.0
499080,23.0
499140,25.0
499200,23.6
499260,23.2
499320,24.2
499380,24.6
499440,22.4
499500,25.0
499560,24.2
499620,24.6
499680,23.6
499740,23.6
499800,24.6
499860,24.2
499920,24.6
499980,25.0
500040,24.6
500100,24.6
500160,25.0
500220,23.6
500280,24.4
500340,24.2
500400,24.8
500460,24.6
500520,24.8
500580,24.4
500640,23.8
500700,26.2
500760,25.0
500820,24.6
500880,24.8
500940,25.0
501000,23.0
501060,25.4
501120,24.4
501180,24.8
501240,25.8
501300,23.2
501360,25.6
501420,25.4
501480,25.4
501540,25.2
501600,22.4
501660,24.6
501720,25.0
501780,23.4
501840,24.4
501900,24.2
501960,23.2
502020,23.4
502080,25.4
502140,23.8
502200,23.2
502260,23.4
502320,24.2
502380,23.8
502440,24.4
502500,23.4
502560,23.4
502620,23.8
502680,23.0
502740,22.0
502800,22.6
502860,22.8
502920,23.4
502980,24.0
503040,22.8
503100,22.2
503160,23.2
503220,23.0
503280,24.0
503340,22.4
503400,23.6
503460,23.0
503520,22.0
503580,24.8
503640,22.4
503700,22.8
503760,23.6
503820,24.4
503880,24.6
503940,22.8
504000,22.6
504060,22.6
504120,23.2
504180,23.2
504240,24.4
504300,23.4
504360,23.6
