#Steps,score
60,1.6
120,2.2
180,0.0
240,0.8
300,0.8
360,2.4
420,1.6
480,1.2
540,0.8
600,1.6
660,1.4
720,0.8
780,1.0
840,1.2
900,0.8
960,1.4
1020,1.2
1080,0.8
1140,1.0
1200,0.8
1260,1.0
1320,1.8
1380,1.2
1440,2.2
1500,0.6
1560,1.2
1620,1.6
1680,1.4
1740,1.0
1800,1.8
1860,1.6
1920,1.2
1980,0.2
2040,1.6
2100,0.8
2160,0.8
2220,0.6
2280,1.8
2340,1.0
2400,1.0
2460,1.6
2520,1.0
2580,1.0
2640,1.4
2700,1.8
2760,1.4
2820,1.2
2880,0.6
2940,1.0
3000,0.8
3060,0.8
3120,0.2
3180,1.6
3240,1.0
3300,1.2
3360,1.0
3420,1.8
3480,1.2
3540,0.8
3600,1.4
3660,1.2
3720,1.4
3780,1.0
3840,1.2
3900,1.0
3960,0.4
4020,1.2
4080,0.4
4140,1.2
4200,1.0
4260,1.2
4320,2.2
4380,0.4
4440,0.8
4500,1.0
4560,1.4
4620,1.2
4680,1.2
4740,0.8
4800,1.2
4860,0.8
4920,1.6
4980,0.8
5040,1.6
5100,1.0
5160,2.2
5220,0.8
5280,0.4
5340,1.4
5400,1.2
5460,1.2
5520,1.6
5580,1.0
5640,1.6
5700,0.6
5760,0.6
5820,1.4
5880,1.2
5940,2.0
6000,1.6
6060,2.0
6120,1.2
6180,1.2
6240,0.4
6300,1.2
6360,1.2
6420,0.8
6480,0.8
6540,2.0
6600,0.6
6660,1.4
6720,1.4
6780,0.4
6840,1.2
6900,1.4
6960,2.0
7020,1.2
7080,1.0
7140,0.8
7200,0.6
7260,0.6
7320,0.2
7380,0.6
7440,1.4
7500,1.8
7560,1.6
7620,0.6
7680,0.6
7740,1.2
7800,2.0
7860,1.8
7920,1.2
7980,1.0
8040,1.4
8100,1.6
8160,1.4
8220,1.2
8280,1.6
8340,1.6
8400,2.2
8460,2.2
8520,1.2
8580,0.4
8640,1.0
8700,0.6
8760,1.4
8820,1.0
8880,2.0
8940,1.4
9000,1.0
9060,0.8
9120,0.4
9180,1.0
9240,2.0
9300,2.0
9360,0.8
9420,1.6
9480,1.6
9540,1.4
9600,0.4
9660,0.6
9720,0.4
9780,2.2
9840,1.0
9900,2.2
9960,1.6
10020,1.4
10080,1.2
10140,0.4
10200,0.2
10260,1.4
10320,2.2
10380,1.8
10440,1.2
10500,1.2
10560,1.6
10620,1.6
10680,1.0
10740,0.6
10800,1.6
10860,0.6
10920,0.4
10980,0.8
11040,1.0
11100,1.8
11160,1.4
11220,1.4
11280,1.6
11340,1.2
11400,0.6
11460,1.6
11520,0.8
11580,0.6
11640,1.8
11700,2.0
11760,1.0
11820,1.2
11880,1.4
11940,1.2
12000,1.4
12060,1.2
12120,2.0
12180,1.8
12240,1.2
12300,0.6
12360,1.0
12420,0.4
12480,1.4
12540,0.6
12600,0.8
12660,1.2
12720,0.4
12780,0.8
12840,1.2
12900,1.6
12960,1.4
13020,1.0
13080,1.2
13140,1.6
13200,1.6
13260,2.0
13320,1.0
13380,1.0
13440,1.0
13500,1.8
13560,1.2
13620,1.4
13680,1.4
13740,1.8
13800,1.4
13860,1.2
13920,1.4
13980,1.0
14040,0.8
14100,1.0
14160,1.6
14220,1.4
14280,1.0
14340,0.6
14400,1.6
14460,1.2
14520,1.4
14580,1.8
14640,1.0
14700,1.2
14760,1.2
14820,1.4
14880,2.4
14940,1.2
15000,1.2
15060,1.4
15120,1.4
15180,0.6
15240,1.2
15300,1.4
15360,1.8
15420,1.4
15480,1.4
15540,1.4
15600,1.6
15660,1.6
15720,1.6
15780,1.2
15840,1.2
15900,1.8
15960,1.8
16020,0.8
16080,1.0
16140,0.4
16200,0.8
16260,1.0
16320,1.8
16380,1.0
16440,1.2
16500,1.2
16560,1.6
16620,1.4
16680,1.6
16740,1.2
16800,0.4
16860,0.4
16920,1.8
16980,0.8
17040,1.4
17100,0.4
17160,1.4
17220,0.8
17280,1.2
17340,1.0
17400,1.4
17460,0.8
17520,2.4
17580,1.6
17640,1.6
17700,0.8
17760,0.8
17820,1.6
17880,1.4
17940,0.8
18000,1.2
18060,0.6
18120,1.4
18180,1.2
18240,0.8
18300,1.2
18360,0.8
18420,0.8
18480,1.6
18540,1.2
18600,1.0
18660,1.2
18720,1.0
18780,1.0
18840,2.0
18900,0.8
18960,1.2
19020,0.6
19080,1.4
19140,2.2
19200,0.6
19260,1.8
19320,1.8
19380,0.8
19440,1.4
19500,0.2
19560,1.2
19620,2.4
19680,1.4
19740,1.4
19800,1.0
19860,1.2
19920,1.6
19980,1.4
20040,1.8
20100,2.0
20160,1.0
20220,1.4
20280,0.6
20340,0.8
20400,2.0
20460,1.2
20520,1.4
20580,1.2
20640,1.2
20700,1.2
20760,1.6
20820,1.0
20880,1.0
20940,1.6
21000,1.8
21060,0.6
21120,1.0
21180,1.4
21240,0.8
21300,2.2
21360,1.6
21420,2.0
21480,1.6
21540,1.0
21600,2.2
21660,0.8
21720,1.2
21780,1.4
21840,1.6
21900,1.0
21960,1.6
22020,0.6
22080,1.2
22140,1.4
22200,1.0
22260,1.8
22320,1.6
22380,1.0
22440,1.4
22500,1.2
22560,0.6
22620,0.6
22680,2.2
22740,1.2
22800,0.8
22860,1.2
22920,1.6
22980,1.6
23040,0.6
23100,1.0
23160,1.2
23220,0.6
23280,1.2
23340,1.2
23400,1.4
23460,1.6
23520,0.4
23580,0.4
23640,2.0
23700,1.6
23760,1.0
23820,2.0
23880,0.8
23940,0.8
24000,1.4
24060,1.2
24120,1.4
24180,1.0
24240,1.2
24300,1.2
24360,1.4
24420,1.4
24480,2.0
24540,1.4
24600,0.8
24660,2.6
24720,1.6
24780,1.2
24840,2.4
24900,1.0
24960,1.6
25020,0.8
25080,1.2
25140,1.0
25200,1.8
25260,0.6
25320,1.2
25380,1.4
25440,1.6
25500,1.6
25560,1.6
25620,0.6
25680,1.4
25740,1.6
25800,1.2
25860,1.2
25920,1.0
25980,1.2
26040,1.2
26100,1.2
26160,0.8
26220,1.8
26280,2.2
26340,1.6
26400,0.6
26460,0.4
26520,1.4
26580,1.8
26640,1.0
26700,1.4
26760,1.6
26820,1.2
26880,2.2
26940,1.0
27000,0.4
27060,2.2
27120,1.4
27180,1.4
27240,0.4
27300,1.4
27360,1.4
27420,0.4
27480,1.4
27540,1.0
27600,1.8
27660,2.0
27720,2.4
27780,0.4
27840,1.6
27900,1.6
27960,1.4
28020,1.0
28080,1.4
28140,1.2
28200,1.4
28260,1.6
28320,0.8
28380,2.0
28440,1.4
28500,1.6
28560,1.0
28620,1.2
28680,1.2
28740,1.6
28800,1.6
28860,1.4
28920,2.2
28980,1.4
29040,1.4
29100,1.4
29160,0.6
29220,0.8
29280,2.2
29340,1.6
29400,1.0
29460,1.8
29520,1.6
29580,1.4
29640,1.4
29700,1.2
29760,1.6
29820,2.4
29880,2.2
29940,1.8
30000,0.8
30060,2.2
30120,1.6
30180,1.4
30240,1.2
30300,0.8
30360,0.8
30420,1.8
30480,2.0
30540,1.2
30600,1.2
30660,1.4
30720,1.8
30780,2.2
30840,0.8
30900,1.0
30960,1.0
31020,1.4
31080,1.8
31140,1.6
31200,2.0
31260,0.6
31320,2.8
31380,1.0
31440,1.8
31500,2.6
31560,1.0
31620,1.0
31680,1.6
31740,2.0
31800,1.0
31860,0.8
31920,2.0
31980,1.8
32040,1.0
32100,2.4
32160,1.0
32220,1.6
32280,1.8
32340,1.0
32400,1.2
32460,1.2
32520,1.8
32580,1.6
32640,1.4
32700,1.4
32760,1.2
32820,1.0
32880,1.0
32940,1.8
33000,2.4
33060,1.0
33120,0.6
33180,1.2
33240,2.2
33300,1.6
33360,2.0
33420,1.8
33480,0.6
33540,1.6
33600,0.6
33660,1.0
33720,1.6
33780,1.8
33840,1.4
33900,2.2
33960,1.0
34020,1.2
34080,1.4
34140,1.0
34200,1.4
34260,1.0
34320,0.8
34380,1.6
34440,1.6
34500,1.8
34560,1.8
34620,2.2
34680,1.4
34740,2.2
34800,2.2
34860,1.0
34920,1.8
34980,2.0
35040,2.0
35100,1.2
35160,1.6
35220,2.0
35280,1.8
35340,0.6
35400,2.0
35460,1.8
35520,1.0
35580,1.4
35640,1.2
35700,1.0
35760,1.8
35820,2.2
35880,1.8
35940,2.2
36000,0.8
36060,1.2
36120,3.0
36180,1.4
36240,1.2
36300,1.6
36360,1.4
36420,1.0
36480,1.4
36540,1.4
36600,2.2
36660,0.8
36720,1.8
36780,1.8
36840,1.0
36900,0.8
36960,1.2
37020,2.0
37080,1.0
37140,1.4
37200,1.6
37260,2.0
37320,1.0
37380,1.4
37440,1.8
37500,0.8
37560,1.4
37620,1.4
37680,1.0
37740,2.0
37800,1.6
37860,1.2
37920,1.4
37980,1.4
38040,1.6
38100,1.2
38160,1.6
38220,1.6
38280,1.4
38340,1.4
38400,0.8
38460,1.6
38520,1.4
38580,1.8
38640,1.4
38700,1.6
38760,1.2
38820,2.0
38880,2.4
38940,1.2
39000,1.2
39060,2.6
39120,2.2
39180,1.6
39240,2.6
39300,1.4
39360,1.4
39420,1.0
39480,1.6
39540,2.8
39600,0.6
39660,0.8
39720,1.4
39780,2.4
39840,1.4
39900,1.6
39960,1.2
40020,2.2
40080,2.0
40140,1.6
40200,1.6
40260,2.0
40320,1.8
40380,0.8
40440,1.0
40500,2.6
40560,2.0
40620,1.4
40680,1.0
40740,1.6
40800,1.2
40860,2.2
40920,0.8
40980,2.0
41040,1.4
41100,1.0
41160,2.0
41220,2.0
41280,1.6
41340,2.0
41400,2.0
41460,1.2
41520,0.6
41580,1.4
41640,2.0
41700,1.4
41760,1.8
41820,2.4
41880,2.2
41940,1.6
42000,0.8
42060,1.4
42120,2.2
42180,2.2
42240,0.6
42300,1.0
42360,0.8
42420,1.4
42480,1.0
42540,2.2
42600,0.4
42660,1.2
42720,1.6
42780,1.6
42840,1.6
42900,2.0
42960,0.8
43020,2.0
43080,0.8
43140,1.2
43200,2.0
43260,1.2
43320,1.2
43380,1.0
43440,1.8
43500,2.6
43560,1.6
43620,1.8
43680,1.0
43740,1.6
43800,1.2
43860,2.0
43920,1.6
43980,1.4
44040,1.4
44100,1.2
44160,0.8
44220,1.4
44280,0.8
44340,1.8
44400,1.8
44460,1.2
44520,1.0
44580,0.8
44640,1.4
44700,1.4
44760,1.0
44820,0.8
44880,2.4
44940,1.8
45000,1.2
45060,1.2
45120,0.8
45180,2.0
45240,1.8
45300,3.0
45360,2.4
45420,1.4
45480,2.4
45540,0.8
45600,1.8
45660,2.0
45720,1.8
45780,1.4
45840,1.8
45900,1.6
45960,0.8
46020,1.8
46080,1.8
46140,1.2
46200,0.8
46260,1.8
46320,2.2
46380,2.2
46440,1.6
46500,1.2
46560,0.4
46620,2.4
46680,1.4
46740,1.8
46800,1.4
46860,2.6
46920,1.4
46980,2.0
47040,1.4
47100,1.8
47160,1.8
47220,1.0
47280,1.0
47340,0.8
47400,1.0
47460,0.8
47520,2.0
47580,1.2
47640,1.4
47700,2.2
47760,1.0
47820,1.6
47880,2.0
47940,0.8
48000,1.4
48060,1.8
48120,1.0
48180,1.8
48240,1.6
48300,2.2
48360,2.2
48420,1.0
48480,1.8
48540,1.8
48600,1.0
48660,1.4
48720,1.4
48780,1.2
48840,1.6
48900,1.2
48960,2.0
49020,2.8
49080,2.2
49140,2.2
49200,2.4
49260,2.4
49320,1.6
49380,1.2
49440,2.4
49500,1.4
49560,1.2
49620,2.0
49680,0.4
49740,1.6
49800,1.4
49860,2.2
49920,0.8
49980,1.8
50040,1.2
50100,1.6
50160,1.6
50220,1.2
50280,1.8
50340,1.4
50400,2.4
50460,1.8
50520,2.6
50580,2.0
50640,2.6
50700,0.8
50760,1.0
50820,1.8
50880,2.8
50940,2.0
51000,0.8
51060,1.4
51120,0.6
51180,1.0
51240,2.2
51300,1.6
51360,2.2
51420,1.6
51480,0.8
51540,1.2
51600,0.8
51660,1.8
51720,1.6
51780,1.0
51840,1.2
51900,2.2
51960,1.8
52020,1.6
52080,1.6
52140,2.0
52200,0.8
52260,0.8
52320,2.0
52380,2.6
52440,1.2
52500,1.2
52560,1.4
52620,2.0
52680,1.8
52740,2.0
52800,1.0
52860,2.2
52920,1.4
52980,1.2
53040,1.4
53100,1.4
53160,1.8
53220,3.0
53280,1.6
53340,1.0
53400,1.4
53460,2.6
53520,1.6
53580,2.0
53640,0.8
53700,1.8
53760,2.2
53820,1.4
53880,1.2
53940,0.8
54000,1.4
54060,1.6
54120,2.8
54180,1.2
54240,2.2
54300,1.4
54360,0.8
54420,1.6
54480,2.8
54540,1.4
54600,1.4
54660,1.4
54720,1.4
54780,2.0
54840,1.8
54900,1.6
54960,2.6
55020,3.0
55080,1.8
55140,1.6
55200,2.0
55260,1.2
55320,1.8
55380,1.4
55440,1.6
55500,1.4
55560,1.6
55620,2.0
55680,2.4
55740,2.2
55800,1.4
55860,1.2
55920,2.0
55980,1.0
56040,2.4
56100,3.0
56160,0.8
56220,1.2
56280,1.4
56340,1.8
56400,2.4
56460,2.0
56520,1.6
56580,1.4
56640,2.0
56700,1.6
56760,1.6
56820,1.6
56880,1.8
56940,2.2
57000,1.4
57060,1.4
57120,1.2
57180,2.0
57240,1.4
57300,2.0
57360,2.6
57420,2.4
57480,2.2
57540,1.0
57600,1.8
57660,2.6
57720,1.8
57780,2.0
57840,1.8
57900,1.8
57960,1.0
58020,2.0
58080,1.6
58140,2.0
58200,1.8
58260,2.6
58320,1.8
58380,1.6
58440,2.4
58500,1.0
58560,1.4
58620,0.8
58680,2.2
58740,2.0
58800,2.4
58860,2.0
58920,0.8
58980,1.4
59040,0.6
59100,1.0
59160,2.2
59220,1.6
59280,1.4
59340,2.4
59400,2.4
59460,1.4
59520,2.0
59580,1.2
59640,1.4
59700,1.2
59760,0.8
59820,1.2
59880,1.0
59940,2.0
60000,2.4
60060,0.8
60120,1.6
60180,2.0
60240,1.2
60300,2.0
60360,2.8
60420,1.0
60480,1.2
60540,2.0
60600,1.0
60660,2.6
60720,1.4
60780,1.2
60840,1.4
60900,2.0
60960,2.4
61020,1.8
61080,2.2
61140,2.2
61200,3.0
61260,2.4
61320,0.8
61380,1.2
61440,2.0
61500,1.4
61560,1.8
61620,1.2
61680,1.2
61740,1.4
61800,1.4
61860,1.2
61920,1.8
61980,1.8
62040,0.8
62100,2.0
62160,2.2
62220,1.2
62280,1.8
62340,1.2
62400,0.4
62460,1.0
62520,1.4
62580,1.2
62640,1.4
62700,1.2
62760,0.4
62820,2.4
62880,1.4
62940,0.8
63000,1.4
63060,1.8
63120,1.4
63180,2.6
63240,1.8
63300,2.0
63360,1.4
63420,2.4
63480,2.4
63540,1.2
63600,1.2
63660,1.6
63720,0.6
63780,1.2
63840,1.0
63900,1.4
63960,1.4
64020,2.2
64080,1.2
64140,1.4
64200,1.2
64260,1.2
64320,1.4
64380,1.0
64440,2.0
64500,1.6
64560,0.8
64620,1.0
64680,1.2
64740,2.2
64800,1.2
64860,1.4
64920,1.6
64980,1.6
65040,1.4
65100,0.8
65160,2.0
65220,1.4
65280,0.8
65340,1.8
65400,0.6
65460,1.6
65520,1.0
65580,1.8
65640,1.2
65700,0.4
65760,1.2
65820,1.0
65880,1.0
65940,2.2
66000,1.6
66060,1.8
66120,0.8
66180,1.2
66240,1.0
66300,1.2
66360,1.6
66420,2.0
66480,1.2
66540,2.0
66600,1.6
66660,1.6
66720,1.8
66780,1.6
66840,1.2
66900,0.8
66960,1.6
67020,1.6
67080,1.8
67140,0.8
67200,2.6
67260,1.6
67320,1.8
67380,2.0
67440,1.0
67500,0.4
67560,1.2
67620,1.8
67680,2.0
67740,1.4
67800,0.4
67860,1.6
67920,1.2
67980,1.6
68040,2.6
68100,2.0
68160,1.4
68220,1.2
68280,2.6
68340,1.6
68400,1.0
68460,1.8
68520,1.4
68580,2.0
68640,1.8
68700,1.8
68760,0.8
68820,2.4
68880,1.2
68940,1.6
69000,1.4
69060,1.6
69120,1.2
69180,2.6
69240,0.2
69300,1.8
69360,2.6
69420,1.4
69480,1.6
69540,1.6
69600,2.8
69660,1.8
69720,2.0
69780,1.6
69840,1.4
69900,0.6
69960,0.6
70020,2.0
70080,2.8
70140,2.8
70200,1.8
70260,1.2
70320,1.4
70380,1.0
70440,2.4
70500,1.8
70560,2.0
70620,1.6
70680,1.6
70740,0.6
70800,0.6
70860,1.2
70920,1.4
70980,1.6
71040,1.6
71100,1.6
71160,1.8
71220,2.4
71280,1.4
71340,0.6
71400,2.4
71460,1.6
71520,1.0
71580,1.2
71640,1.4
71700,1.4
71760,2.2
71820,1.2
71880,1.4
71940,1.6
72000,0.8
72060,1.6
72120,1.8
72180,0.2
72240,1.8
72300,3.0
72360,2.2
72420,1.6
72480,2.2
72540,2.2
72600,2.0
72660,1.2
72720,1.4
72780,1.6
72840,1.2
72900,1.4
72960,1.8
73020,2.4
73080,1.6
73140,1.0
73200,2.2
73260,1.8
73320,1.6
73380,1.0
73440,1.6
73500,1.8
73560,1.0
73620,1.6
73680,1.0
73740,1.8
73800,1.4
73860,1.4
73920,1.2
73980,1.8
74040,1.0
74100,1.2
74160,1.6
74220,1.8
74280,1.6
74340,2.4
74400,1.6
74460,1.0
74520,1.2
74580,1.6
74640,1.8
74700,1.4
74760,2.4
74820,1.4
74880,1.6
74940,1.8
75000,1.4
75060,2.4
75120,1.8
75180,1.4
75240,1.8
75300,1.2
75360,2.4
75420,1.6
75480,1.6
75540,0.8
75600,2.0
75660,1.2
75720,2.6
75780,0.8
75840,1.6
75900,1.0
75960,1.4
76020,1.4
76080,1.2
76140,1.0
76200,2.6
76260,1.2
76320,1.0
76380,1.8
76440,1.4
76500,2.2
76560,1.8
76620,2.0
76680,2.4
76740,2.2
76800,1.6
76860,1.0
76920,2.2
76980,2.2
77040,1.0
77100,2.8
77160,2.2
77220,1.4
77280,2.6
77340,2.8
77400,1.8
77460,1.0
77520,2.4
77580,1.4
77640,1.8
77700,1.2
77760,1.2
77820,1.6
77880,1.2
77940,2.4
78000,1.8
78060,1.8
78120,1.4
78180,2.0
78240,1.8
78300,2.2
78360,1.4
78420,1.8
78480,2.4
78540,1.6
78600,1.6
78660,1.0
78720,2.0
78780,0.8
78840,2.6
78900,2.4
78960,1.8
79020,2.6
79080,2.0
79140,1.8
79200,3.8
79260,1.8
79320,1.8
79380,2.2
79440,2.8
79500,1.8
79560,2.4
79620,2.6
79680,2.6
79740,2.4
79800,1.4
79860,0.4
79920,2.4
79980,1.6
80040,1.8
80100,1.6
80160,2.2
80220,3.2
80280,0.6
80340,1.4
80400,2.2
80460,3.0
80520,1.4
80580,1.6
80640,1.8
80700,2.0
80760,1.2
80820,1.4
80880,0.6
80940,2.8
81000,0.8
81060,2.6
81120,1.8
81180,2.0
81240,2.2
81300,1.0
81360,1.6
81420,2.8
81480,1.4
81540,2.0
81600,1.4
81660,1.4
81720,2.8
81780,1.4
81840,2.0
81900,1.2
81960,1.6
82020,1.6
82080,2.2
82140,2.0
82200,1.0
82260,1.8
82320,1.8
82380,1.2
82440,1.6
82500,1.0
82560,2.0
82620,2.2
82680,1.8
82740,2.2
82800,2.6
82860,2.6
82920,1.4
82980,2.8
83040,2.0
83100,2.0
83160,2.2
83220,1.0
83280,2.0
83340,2.0
83400,1.4
83460,0.8
83520,1.2
83580,0.8
83640,1.4
83700,1.0
83760,1.6
83820,1.8
83880,1.4
83940,1.0
84000,2.0
84060,1.0
84120,1.8
84180,1.6
84240,2.0
84300,1.6
84360,0.2
84420,1.8
84480,2.4
84540,1.6
84600,1.2
84660,2.0
84720,1.8
84780,1.6
84840,2.0
84900,1.4
84960,2.0
85020,2.4
85080,1.6
85140,2.4
85200,1.6
85260,1.4
85320,2.2
85380,1.4
85440,2.2
85500,2.0
85560,1.2
85620,2.2
85680,1.4
85740,1.2
85800,1.8
85860,1.2
85920,3.0
85980,1.0
86040,1.6
86100,1.8
86160,2.4
86220,1.0
86280,1.8
86340,2.4
86400,2.0
86460,2.0
86520,1.2
86580,2.0
86640,1.2
86700,2.2
86760,1.6
86820,1.8
86880,1.2
86940,1.8
87000,3.6
87060,1.2
87120,2.6
87180,2.2
87240,1.2
87300,2.2
87360,1.6
87420,0.6
87480,2.0
87540,1.4
87600,1.8
87660,1.6
87720,1.6
87780,2.6
87840,1.8
87900,1.6
87960,1.8
88020,1.6
88080,1.8
88140,2.0
88200,2.4
88260,2.4
88320,2.2
88380,2.0
88440,2.0
88500,1.8
88560,2.0
88620,2.0
88680,1.8
88740,1.6
88800,1.6
88860,2.2
88920,2.4
88980,1.8
89040,2.8
89100,1.4
89160,1.6
89220,2.4
89280,2.2
89340,2.6
89400,1.6
89460,1.6
89520,1.0
89580,1.4
89640,2.0
89700,1.0
89760,1.6
89820,1.0
89880,2.0
89940,1.2
90000,1.8
90060,2.4
90120,3.0
90180,1.8
90240,1.6
90300,2.0
90360,2.6
90420,2.4
90480,1.4
90540,2.0
90600,1.8
90660,1.8
90720,0.8
90780,2.2
90840,1.0
90900,2.2
90960,0.8
91020,2.2
91080,1.6
91140,1.0
91200,2.2
91260,1.4
91320,2.6
91380,1.4
91440,1.8
91500,1.8
91560,2.4
91620,1.6
91680,1.8
91740,1.4
91800,2.2
91860,1.0
91920,1.8
91980,3.6
92040,1.6
92100,1.6
92160,0.8
92220,1.0
92280,1.6
92340,1.6
92400,1.6
92460,2.2
92520,0.6
92580,1.4
92640,1.8
92700,2.2
92760,1.6
92820,2.4
92880,1.8
92940,2.4
93000,2.0
93060,1.2
93120,3.0
93180,1.2
93240,2.2
93300,1.8
93360,1.6
93420,1.8
93480,1.2
93540,2.8
93600,2.2
93660,2.0
93720,1.0
93780,1.6
93840,1.8
93900,2.4
93960,1.0
94020,1.0
94080,1.2
94140,1.8
94200,2.2
94260,1.6
94320,1.6
94380,2.0
94440,2.0
94500,1.8
94560,0.8
94620,1.4
94680,2.0
94740,1.2
94800,1.4
94860,1.8
94920,0.4
94980,1.8
95040,2.2
95100,1.2
95160,1.2
95220,2.2
95280,0.8
95340,1.2
95400,2.0
95460,1.8
95520,2.0
95580,1.4
95640,1.8
95700,1.4
95760,1.8
95820,2.4
95880,1.6
95940,2.2
96000,2.0
96060,2.2
96120,0.8
96180,1.6
96240,2.4
96300,1.4
96360,1.2
96420,1.8
96480,3.0
96540,1.8
96600,2.4
96660,2.2
96720,0.8
96780,0.6
96840,1.8
96900,1.8
96960,1.8
97020,2.2
97080,1.2
97140,2.2
97200,2.6
97260,2.2
97320,2.4
97380,2.2
97440,2.0
97500,1.6
97560,1.2
97620,1.0
97680,1.0
97740,1.0
97800,1.8
97860,1.8
97920,2.2
97980,1.4
98040,3.0
98100,1.4
98160,1.8
98220,1.2
98280,2.0
98340,1.8
98400,2.0
98460,0.8
98520,1.6
98580,1.4
98640,1.4
98700,1.2
98760,2.2
98820,1.8
98880,1.2
98940,1.8
99000,2.2
99060,2.2
99120,1.6
99180,1.6
99240,0.8
99300,1.4
99360,2.6
99420,2.4
99480,1.8
99540,2.0
99600,1.0
99660,2.0
99720,1.8
99780,1.8
99840,1.0
99900,1.8
99960,1.6
100020,1.4
100080,2.6
100140,2.0
100200,1.4
100260,3.0
100320,1.8
100380,1.4
100440,3.6
100500,2.4
100560,1.6
100620,1.4
100680,0.8
100740,1.8
100800,1.4
100860,1.6
100920,2.6
100980,2.4
101040,2.2
101100,2.0
101160,3.0
101220,1.8
101280,2.6
101340,2.0
101400,2.0
101460,1.2
101520,1.2
101580,2.0
101640,3.0
101700,1.0
101760,2.4
101820,1.4
101880,2.2
101940,1.4
102000,2.2
102060,1.6
102120,2.8
102180,1.0
102240,2.2
102300,2.0
102360,1.8
102420,1.4
102480,1.0
102540,2.6
102600,2.6
102660,1.6
102720,3.0
102780,1.6
102840,3.4
102900,2.4
102960,1.6
103020,1.8
103080,1.4
103140,2.4
103200,2.4
103260,1.4
103320,3.0
103380,2.4
103440,2.6
103500,1.4
103560,2.4
103620,1.8
103680,2.2
103740,2.0
103800,1.4
103860,2.2
103920,2.4
103980,2.0
104040,1.0
104100,2.0
104160,0.8
104220,2.8
104280,2.6
104340,1.4
104400,1.4
104460,1.6
104520,2.0
104580,2.2
104640,1.4
104700,2.4
104760,1.2
104820,2.0
104880,2.4
104940,1.8
105000,2.0
105060,1.2
105120,1.6
105180,2.0
105240,2.2
105300,2.4
105360,1.4
105420,2.8
105480,1.4
105540,1.0
105600,1.4
105660,2.6
105720,2.0
105780,2.0
105840,2.2
105900,1.8
105960,1.6
106020,1.4
106080,2.4
106140,1.4
106200,1.6
106260,1.6
106320,1.6
106380,2.0
106440,1.6
106500,2.0
106560,2.2
106620,2.0
106680,1.6
106740,1.0
106800,2.2
106860,2.4
106920,2.6
106980,1.2
107040,2.0
107100,2.8
107160,1.4
107220,0.8
107280,1.8
107340,1.6
107400,2.0
107460,1.8
107520,3.2
107580,2.0
107640,2.4
107700,2.2
107760,2.6
107820,3.0
107880,2.0
107940,1.4
108000,1.4
108060,1.4
108120,2.8
108180,2.6
108240,2.8
108300,2.4
108360,2.6
108420,2.0
108480,1.0
108540,2.8
108600,2.6
108660,2.6
108720,2.2
108780,2.0
108840,1.8
108900,2.4
108960,2.4
109020,2.8
109080,1.6
109140,2.4
109200,1.6
109260,1.6
109320,1.8
109380,1.6
109440,1.8
109500,1.2
109560,2.4
109620,1.8
109680,1.6
109740,2.2
109800,2.6
109860,2.0
109920,2.4
109980,1.8
110040,2.8
110100,1.8
110160,1.0
110220,2.4
110280,2.4
110340,2.0
110400,1.8
110460,1.8
110520,1.2
110580,2.6
110640,1.6
110700,2.2
110760,1.4
110820,2.2
110880,2.2
110940,1.8
111000,2.0
111060,2.6
111120,2.6
111180,1.8
111240,2.2
111300,3.0
111360,1.8
111420,2.4
111480,2.8
111540,1.6
111600,2.8
111660,2.8
111720,2.0
111780,2.2
111840,1.6
111900,2.4
111960,2.0
112020,1.8
112080,1.8
112140,1.6
112200,2.6
112260,2.6
112320,1.6
112380,2.0
112440,1.8
112500,2.4
112560,2.0
112620,1.4
112680,2.0
112740,3.2
112800,1.6
112860,2.4
112920,2.2
112980,3.0
113040,2.2
113100,1.2
113160,1.4
113220,1.4
113280,3.0
113340,3.4
113400,2.0
113460,2.8
113520,1.4
113580,2.4
113640,2.2
113700,2.6
113760,3.0
113820,1.8
113880,1.8
113940,3.2
114000,1.8
114060,1.2
114120,2.6
114180,2.4
114240,2.2
114300,2.8
114360,2.2
114420,2.6
114480,1.6
114540,2.0
114600,2.8
114660,1.6
114720,2.4
114780,2.6
114840,1.4
114900,3.0
114960,2.2
115020,1.2
115080,2.4
115140,2.4
115200,2.4
115260,1.2
115320,2.4
115380,3.2
115440,3.2
115500,4.0
115560,4.0
115620,2.6
115680,2.8
115740,2.8
115800,3.2
115860,1.8
115920,1.8
115980,2.4
116040,3.8
116100,2.6
116160,2.2
116220,2.2
116280,3.2
116340,3.8
116400,2.4
116460,3.4
116520,3.4
116580,4.0
116640,4.6
116700,3.6
116760,4.0
116820,4.6
116880,3.6
116940,5.0
117000,5.8
117060,4.0
117120,5.2
117180,5.6
117240,5.4
117300,5.2
117360,4.6
117420,5.8
117480,4.4
117540,6.0
117600,5.4
117660,4.8
117720,4.8
117780,5.6
117840,6.6
117900,5.0
117960,5.0
118020,6.0
118080,5.2
118140,6.4
118200,4.0
118260,7.0
118320,3.2
118380,4.2
118440,5.4
118500,5.2
118560,3.4
118620,3.4
118680,3.8
118740,4.8
118800,4.8
118860,4.2
118920,2.8
118980,3.6
119040,3.2
119100,3.0
119160,3.4
119220,3.2
119280,2.8
119340,3.4
119400,2.6
119460,1.8
119520,3.4
119580,5.2
119640,2.8
119700,3.0
119760,2.2
119820,2.4
119880,2.8
119940,2.8
120000,4.0
120060,2.0
120120,4.4
120180,3.6
120240,3.6
120300,2.8
120360,2.8
120420,3.2
120480,2.2
120540,3.8
120600,3.2
120660,2.6
120720,3.8
120780,3.6
120840,3.6
120900,4.6
120960,4.8
121020,4.2
121080,3.4
121140,4.2
121200,2.4
121260,3.2
121320,2.6
121380,3.0
121440,3.6
121500,3.4
121560,2.6
121620,4.8
121680,3.2
121740,3.0
121800,4.4
121860,4.2
121920,5.0
121980,4.8
122040,4.4
122100,4.6
122160,4.2
122220,2.8
122280,4.0
122340,4.2
122400,4.8
122460,4.0
122520,4.0
122580,4.2
122640,4.8
122700,5.4
122760,2.8
122820,3.2
122880,4.6
122940,4.0
123000,4.0
123060,4.0
123120,3.4
123180,3.2
123240,2.8
123300,5.2
123360,3.6
123420,4.4
123480,3.2
123540,5.0
123600,3.8
123660,5.6
123720,5.0
123780,5.0
123840,4.0
123900,4.4
123960,4.0
124020,4.2
124080,3.6
124140,4.8
124200,4.4
124260,5.6
124320,4.0
124380,5.0
124440,4.8
124500,5.6
124560,5.4
124620,5.2
124680,4.6
124740,3.4
124800,5.2
124860,5.6
124920,3.8
124980,3.6
125040,4.2
125100,5.0
125160,4.6
125220,4.4
125280,6.4
125340,4.0
125400,3.0
125460,5.2
125520,5.0
125580,4.0
125640,4.4
125700,6.2
125760,6.0
125820,6.4
125880,4.8
125940,4.0
126000,3.0
126060,5.2
126120,5.6
126180,5.4
126240,4.4
126300,4.8
126360,5.2
126420,6.2
126480,5.2
126540,5.8
126600,6.6
126660,4.6
126720,3.8
126780,5.0
126840,6.0
126900,6.2
126960,5.4
127020,6.2
127080,6.6
127140,5.0
127200,6.4
127260,5.0
127320,5.2
127380,6.2
127440,4.6
127500,5.2
127560,6.4
127620,5.8
127680,6.0
127740,6.2
127800,5.6
127860,4.6
127920,5.4
127980,4.2
128040,4.8
128100,4.6
128160,4.6
128220,6.2
128280,4.6
128340,7.2
128400,4.8
128460,3.0
128520,5.4
128580,5.6
128640,3.2
128700,4.4
128760,6.4
128820,4.8
128880,5.2
128940,4.6
129000,3.0
129060,6.0
129120,4.0
129180,5.2
129240,3.8
129300,4.0
129360,4.2
129420,3.8
129480,4.6
129540,4.6
129600,4.6
129660,4.8
129720,6.2
129780,4.6
129840,5.8
129900,4.8
129960,5.0
130020,4.2
130080,4.8
130140,6.2
130200,4.8
130260,3.8
130320,5.0
130380,4.6
130440,4.4
130500,5.0
130560,4.0
130620,5.0
130680,4.0
130740,4.8
130800,4.8
130860,6.2
130920,4.2
130980,4.0
131040,3.2
131100,4.2
131160,5.0
131220,4.4
131280,1.2
131340,4.8
131400,5.0
131460,4.4
131520,3.8
131580,5.2
131640,5.0
131700,3.6
131760,5.0
131820,4.6
131880,5.2
131940,5.0
132000,3.8
132060,5.4
132120,6.0
132180,5.6
132240,4.8
132300,4.2
132360,4.8
132420,5.2
132480,4.6
132540,5.0
132600,4.6
132660,5.6
132720,4.6
132780,3.6
132840,5.8
132900,4.6
132960,5.0
133020,3.6
133080,4.4
133140,3.6
133200,4.4
133260,5.2
133320,5.2
133380,5.0
133440,3.0
133500,4.4
133560,3.6
133620,3.0
133680,3.0
133740,4.2
133800,4.8
133860,7.2
133920,5.2
133980,5.4
134040,4.0
134100,6.2
134160,4.2
134220,5.8
134280,6.0
134340,4.8
134400,3.0
134460,3.8
134520,3.2
134580,5.4
134640,3.4
134700,5.2
134760,4.6
134820,4.6
134880,5.2
134940,5.2
135000,6.0
135060,4.4
135120,5.8
135180,5.6
135240,3.4
135300,6.2
135360,3.6
135420,4.8
135480,4.4
135540,5.6
135600,6.2
135660,5.8
135720,5.2
135780,6.6
135840,5.6
135900,4.8
135960,4.6
136020,5.2
136080,5.8
136140,5.8
136200,6.0
136260,5.8
136320,4.4
136380,5.4
136440,5.0
136500,5.8
136560,5.0
136620,5.4
136680,6.2
136740,4.4
136800,5.4
136860,4.4
136920,4.6
136980,5.2
137040,4.0
137100,4.6
137160,5.4
137220,4.0
137280,2.4
137340,4.2
137400,4.0
137460,4.8
137520,5.2
137580,5.4
137640,6.2
137700,6.2
137760,6.2
137820,5.8
137880,4.8
137940,4.2
138000,5.2
138060,4.8
138120,5.8
138180,5.2
138240,6.8
138300,4.4
138360,5.8
138420,5.2
138480,3.8
138540,5.0
138600,5.4
138660,6.0
138720,3.8
138780,7.2
138840,6.2
138900,5.0
138960,4.2
139020,6.2
139080,4.2
139140,4.6
139200,4.4
139260,5.6
139320,5.4
139380,6.4
139440,3.8
139500,6.0
139560,4.8
139620,5.2
139680,4.4
139740,5.8
139800,3.6
139860,4.2
139920,4.0
139980,4.8
140040,5.2
140100,6.4
140160,4.2
140220,4.8
140280,5.4
140340,3.2
140400,4.2
140460,4.6
140520,4.6
140580,3.4
140640,7.0
140700,5.2
140760,4.2
140820,4.8
140880,5.8
140940,4.2
141000,6.8
141060,5.8
141120,5.0
141180,6.0
141240,8.2
141300,7.4
141360,5.2
141420,6.2
141480,6.8
141540,5.6
141600,5.6
141660,5.6
141720,7.4
141780,6.6
141840,4.8
141900,6.6
141960,6.4
142020,6.8
142080,6.8
142140,5.0
142200,3.8
142260,4.8
142320,3.8
142380,5.2
142440,5.6
142500,4.2
142560,4.8
142620,4.8
142680,5.4
142740,4.6
142800,6.2
142860,7.0
142920,5.4
142980,7.4
143040,6.6
143100,6.2
143160,4.6
143220,4.6
143280,6.4
143340,5.8
143400,5.4
143460,5.4
143520,5.6
143580,4.8
143640,5.6
143700,5.6
143760,5.8
143820,5.4
143880,4.0
143940,4.8
144000,4.6
144060,6.4
144120,4.4
144180,4.8
144240,4.4
144300,5.2
144360,4.6
144420,6.4
144480,3.8
144540,5.8
144600,6.8
144660,4.6
144720,6.0
144780,4.8
144840,3.8
144900,6.2
144960,5.4
145020,4.4
145080,5.6
145140,3.2
145200,5.4
145260,3.4
145320,4.6
145380,4.6
145440,6.2
145500,4.8
145560,4.6
145620,4.0
145680,3.6
145740,5.4
145800,5.0
145860,5.2
145920,6.2
145980,4.8
146040,4.6
146100,6.0
146160,6.2
146220,6.2
146280,4.6
146340,5.0
146400,4.6
146460,4.6
146520,5.2
146580,3.8
146640,3.4
146700,4.4
146760,5.2
146820,4.6
146880,5.8
146940,4.0
147000,4.6
147060,5.0
147120,4.2
147180,3.4
147240,4.6
147300,4.2
147360,5.8
147420,4.6
147480,3.8
147540,3.2
147600,6.8
147660,5.2
147720,6.0
147780,5.6
147840,4.4
147900,5.2
147960,4.0
148020,4.0
148080,5.0
148140,3.8
148200,5.8
148260,3.6
148320,3.6
148380,4.4
148440,5.2
148500,4.6
148560,4.4
148620,4.8
148680,3.8
148740,5.8
148800,4.6
148860,4.2
148920,4.4
148980,5.8
149040,4.4
149100,6.4
149160,4.2
149220,6.4
149280,4.8
149340,4.8
149400,5.8
149460,4.0
149520,4.8
149580,4.0
149640,5.6
149700,5.4
149760,5.4
149820,3.8
149880,5.0
149940,5.2
150000,4.6
150060,5.2
150120,6.0
150180,5.2
150240,4.8
150300,4.6
150360,5.0
150420,5.6
150480,4.2
150540,4.6
150600,2.4
150660,4.4
150720,5.6
150780,3.6
150840,5.8
150900,5.8
150960,4.4
151020,4.6
151080,5.0
151140,4.4
151200,3.6
151260,4.6
151320,6.2
151380,4.2
151440,6.4
151500,4.8
151560,5.2
151620,4.6
151680,4.4
151740,4.0
151800,5.2
151860,5.6
151920,4.8
151980,3.2
152040,3.0
152100,4.0
152160,4.8
152220,5.2
152280,3.8
152340,6.2
152400,4.2
152460,5.2
152520,5.0
152580,3.8
152640,4.2
152700,6.8
152760,3.2
152820,5.0
152880,5.2
152940,4.4
153000,4.8
153060,4.4
153120,5.0
153180,5.6
153240,4.8
153300,5.6
153360,6.6
153420,3.8
153480,5.0
153540,4.2
153600,7.0
153660,5.8
153720,5.4
153780,6.0
153840,6.0
153900,6.0
153960,4.4
154020,4.2
154080,3.2
154140,5.4
154200,4.4
154260,6.0
154320,5.8
154380,7.8
154440,4.8
154500,4.8
154560,7.6
154620,6.4
154680,7.0
154740,5.6
154800,4.6
154860,6.2
154920,3.6
154980,4.0
155040,4.8
155100,5.0
155160,5.2
155220,3.8
155280,3.2
155340,6.0
155400,3.6
155460,3.6
155520,5.0
155580,5.8
155640,5.4
155700,6.6
155760,6.0
155820,6.0
155880,5.0
155940,4.8
156000,4.0
156060,4.8
156120,4.8
156180,6.0
156240,5.2
156300,5.6
156360,5.8
156420,4.6
156480,6.4
156540,5.4
156600,6.2
156660,6.2
156720,7.2
156780,3.2
156840,4.6
156900,6.6
156960,5.8
157020,4.2
157080,4.8
157140,4.0
157200,5.8
157260,5.2
157320,4.4
157380,6.0
157440,5.6
157500,5.8
157560,6.2
157620,6.2
157680,5.8
157740,6.2
157800,4.2
157860,6.0
157920,5.6
157980,5.8
158040,4.8
158100,7.4
158160,3.8
158220,6.0
158280,4.4
158340,6.6
158400,5.4
158460,5.6
158520,6.4
158580,6.0
158640,5.0
158700,5.4
158760,4.8
158820,7.0
158880,5.0
158940,4.8
159000,6.4
159060,5.0
159120,5.6
159180,6.2
159240,6.4
159300,3.6
159360,6.0
159420,5.6
159480,4.0
159540,6.4
159600,4.8
159660,5.0
159720,3.8
159780,5.8
159840,3.4
159900,4.4
159960,6.8
160020,5.2
160080,4.6
160140,3.6
160200,3.8
160260,4.6
160320,4.6
160380,5.4
160440,6.6
160500,5.6
160560,5.2
160620,5.0
160680,6.4
160740,7.2
160800,5.6
160860,5.4
160920,7.2
160980,6.0
161040,6.8
161100,5.2
161160,3.8
161220,5.6
161280,6.0
161340,6.0
161400,5.2
161460,6.2
161520,6.2
161580,4.2
161640,4.8
161700,6.2
161760,7.4
161820,6.8
161880,7.2
161940,5.0
162000,5.6
162060,7.4
162120,4.8
162180,4.2
162240,4.4
162300,5.4
162360,4.2
162420,5.4
162480,6.0
162540,5.2
162600,4.8
162660,5.8
162720,5.2
162780,5.4
162840,6.6
162900,5.4
162960,6.0
163020,5.0
163080,4.4
163140,6.0
163200,5.8
163260,6.2
163320,3.8
163380,7.0
163440,6.2
163500,5.2
163560,7.2
163620,4.4
163680,6.0
163740,6.4
163800,5.2
163860,5.4
163920,4.2
163980,5.8
164040,5.6
164100,4.0
164160,6.4
164220,3.8
164280,5.2
164340,5.4
164400,4.2
164460,3.6
164520,4.2
164580,4.2
164640,6.0
164700,5.8
164760,4.2
164820,6.6
164880,4.8
164940,4.0
165000,6.2
165060,5.2
165120,5.0
165180,4.6
165240,6.8
165300,3.6
165360,6.0
165420,5.6
165480,7.2
165540,6.2
165600,5.6
165660,5.0
165720,4.8
165780,5.2
165840,3.2
165900,7.0
165960,5.4
166020,4.2
166080,6.6
166140,4.6
166200,4.4
166260,4.8
166320,5.8
166380,5.0
166440,1.6
166500,5.6
166560,3.8
166620,4.4
166680,5.6
166740,4.6
166800,5.6
166860,6.0
166920,5.2
166980,4.6
167040,6.0
167100,4.8
167160,5.0
167220,6.6
167280,4.4
167340,6.0
167400,4.6
167460,6.2
167520,4.6
167580,6.2
167640,4.2
167700,4.8
167760,6.0
167820,5.8
167880,7.0
167940,5.4
168000,4.6
168060,4.6
168120,5.2
168180,5.6
168240,6.4
168300,5.2
168360,7.4
168420,6.0
168480,6.6
168540,6.8
168600,6.6
168660,6.4
168720,3.8
168780,5.0
168840,4.4
168900,5.0
168960,6.2
169020,5.0
169080,5.2
169140,5.2
169200,5.4
169260,6.2
169320,5.2
169380,5.2
169440,3.8
169500,4.0
169560,6.2
169620,6.2
169680,5.6
169740,4.6
169800,4.8
169860,5.6
169920,5.8
169980,7.2
170040,5.2
170100,3.8
170160,6.2
170220,4.4
170280,6.4
170340,6.4
170400,4.6
170460,6.8
170520,3.4
170580,4.4
170640,6.0
170700,5.6
170760,5.0
170820,4.8
170880,5.0
170940,6.4
171000,5.6
171060,4.6
171120,6.2
171180,5.6
171240,4.8
171300,3.0
171360,5.4
171420,6.6
171480,5.0
171540,7.0
171600,2.4
171660,5.4
171720,6.2
171780,5.0
171840,3.8
171900,5.0
171960,4.6
172020,6.8
172080,5.0
172140,6.8
172200,5.4
172260,3.8
172320,5.4
172380,5.0
172440,6.6
172500,4.0
172560,5.0
172620,4.8
172680,5.0
172740,5.8
172800,5.2
172860,5.4
172920,6.2
172980,5.4
173040,6.2
173100,6.0
173160,4.2
173220,5.6
173280,7.2
173340,6.8
173400,6.2
173460,6.0
173520,6.0
173580,8.2
173640,5.2
173700,4.2
173760,6.8
173820,3.4
173880,5.4
173940,4.8
174000,6.4
174060,5.2
174120,4.6
174180,4.8
174240,5.6
174300,6.0
174360,5.4
174420,4.8
174480,6.2
174540,5.2
174600,4.8
174660,6.4
174720,3.6
174780,5.8
174840,6.4
174900,5.4
174960,5.0
175020,5.4
175080,5.4
175140,5.6
175200,6.0
175260,5.4
175320,6.6
175380,5.0
175440,5.8
175500,5.6
175560,4.0
175620,3.6
175680,5.6
175740,3.4
175800,2.8
175860,3.2
175920,5.2
175980,7.0
176040,4.2
176100,6.4
176160,4.2
176220,3.2
176280,4.4
176340,4.6
176400,3.4
176460,4.2
176520,4.8
176580,4.6
176640,5.2
176700,4.4
176760,4.4
176820,6.2
176880,6.0
176940,5.0
177000,5.2
177060,5.0
177120,4.6
177180,4.6
177240,6.8
177300,3.8
177360,5.8
177420,5.8
177480,7.0
177540,4.8
177600,6.0
177660,5.0
177720,4.4
177780,6.4
177840,6.0
177900,5.6
177960,6.0
178020,3.6
178080,5.2
178140,4.0
178200,5.0
178260,4.6
178320,5.8
178380,4.0
178440,6.6
178500,3.2
178560,4.2
178620,6.8
178680,5.0
178740,6.6
178800,7.0
178860,4.0
178920,6.6
178980,7.4
179040,5.2
179100,4.8
179160,6.8
179220,4.8
179280,5.2
179340,3.8
179400,4.6
179460,6.4
179520,6.6
179580,3.2
179640,5.0
179700,5.2
179760,5.4
179820,4.2
179880,6.6
179940,4.2
180000,5.6
180060,3.0
180120,5.4
180180,3.6
180240,6.2
180300,6.8
180360,4.0
180420,8.8
180480,7.0
180540,5.4
180600,4.0
180660,4.4
180720,5.6
180780,5.2
180840,6.2
180900,3.2
180960,5.8
181020,5.4
181080,5.0
181140,5.6
181200,5.0
181260,6.0
181320,6.4
181380,5.2
181440,7.2
181500,6.4
181560,3.6
181620,5.6
181680,4.4
181740,5.6
181800,5.2
181860,5.2
181920,6.2
181980,5.2
182040,4.4
182100,4.8
182160,3.6
182220,5.2
182280,6.6
182340,5.0
182400,5.4
182460,5.8
182520,2.4
182580,7.2
182640,5.4
182700,6.6
182760,4.4
182820,7.2
182880,6.4
182940,5.8
183000,6.8
183060,2.6
183120,5.6
183180,5.4
183240,5.4
183300,7.4
183360,6.6
183420,6.6
183480,5.6
183540,5.8
183600,4.0
183660,7.0
183720,6.4
183780,6.0
183840,4.4
183900,7.2
183960,4.8
184020,6.0
184080,5.4
184140,5.2
184200,4.6
184260,5.6
184320,7.0
184380,5.2
184440,5.0
184500,5.2
184560,8.6
184620,5.6
184680,7.6
184740,7.2
184800,6.4
184860,6.6
184920,5.0
184980,5.6
185040,6.6
185100,4.8
185160,6.2
185220,5.0
185280,6.2
185340,6.4
185400,3.8
185460,4.8
185520,3.6
185580,5.8
185640,5.6
185700,6.0
185760,4.8
185820,4.6
185880,7.8
185940,5.2
186000,4.4
186060,5.2
186120,5.6
186180,5.4
186240,6.8
186300,5.2
186360,6.0
186420,5.2
186480,5.6
186540,5.6
186600,5.0
186660,6.4
186720,6.4
186780,7.2
186840,5.0
186900,4.6
186960,5.2
187020,5.8
187080,6.6
187140,7.2
187200,4.6
187260,6.0
187320,4.8
187380,5.0
187440,6.2
187500,7.0
187560,5.4
187620,3.8
187680,8.2
187740,4.0
187800,5.6
187860,6.6
187920,7.0
187980,6.8
188040,5.4
188100,4.6
188160,4.8
188220,6.0
188280,6.8
188340,6.0
188400,6.6
188460,5.4
188520,4.8
188580,4.8
188640,5.0
188700,4.4
188760,6.0
188820,4.4
188880,5.2
188940,6.6
189000,4.8
189060,4.0
189120,4.8
189180,5.2
189240,5.0
189300,4.8
189360,5.8
189420,6.8
189480,3.6
189540,4.2
189600,3.6
189660,4.8
189720,5.8
189780,5.8
189840,4.4
189900,4.8
189960,5.4
190020,7.0
190080,5.0
190140,6.0
190200,4.6
190260,4.4
190320,5.2
190380,5.8
190440,4.0
190500,4.6
190560,5.6
190620,6.6
190680,6.6
190740,7.0
190800,4.6
190860,5.0
190920,5.0
190980,4.2
191040,5.8
191100,5.2
191160,5.6
191220,3.2
191280,5.4
191340,4.6
191400,4.8
191460,4.4
191520,4.6
191580,6.2
191640,4.8
191700,4.2
191760,4.6
191820,6.6
191880,5.8
191940,5.6
192000,5.2
192060,4.6
192120,7.0
192180,7.0
192240,5.6
192300,5.0
192360,6.4
192420,6.6
192480,4.8
192540,4.4
192600,5.4
192660,7.2
192720,6.4
192780,5.8
192840,2.6
192900,4.8
192960,6.6
193020,3.6
193080,7.0
193140,5.4
193200,7.8
193260,6.2
193320,7.6
193380,6.0
193440,7.6
193500,6.2
193560,6.4
193620,4.2
193680,5.8
193740,6.8
193800,5.4
193860,4.4
193920,5.8
193980,6.0
194040,4.4
194100,5.6
194160,5.4
194220,6.4
194280,6.6
194340,4.8
194400,5.0
194460,6.8
194520,5.8
194580,6.8
194640,8.0
194700,5.6
194760,7.0
194820,6.2
194880,5.4
194940,7.2
195000,6.6
195060,6.0
195120,6.6
195180,6.0
195240,6.2
195300,7.0
195360,7.4
195420,7.2
195480,7.0
195540,5.6
195600,7.2
195660,6.4
195720,6.6
195780,7.6
195840,6.2
195900,6.0
195960,8.2
196020,8.2
196080,5.6
196140,7.0
196200,7.2
196260,6.2
196320,6.4
196380,5.8
196440,5.6
196500,7.8
196560,5.8
196620,8.0
196680,6.8
196740,6.8
196800,5.0
196860,7.4
196920,7.2
196980,4.4
197040,6.2
197100,6.0
197160,7.6
197220,7.6
197280,4.0
197340,5.8
197400,7.2
197460,4.8
197520,4.8
197580,8.2
197640,6.2
197700,6.8
197760,5.0
197820,7.2
197880,6.2
197940,5.4
198000,5.0
198060,5.6
198120,5.6
198180,4.8
198240,5.0
198300,6.4
198360,5.8
198420,5.8
198480,6.2
198540,2.8
198600,5.4
198660,8.4
198720,5.8
198780,7.2
198840,5.0
198900,5.2
198960,4.6
199020,6.2
199080,5.0
199140,5.2
199200,6.0
199260,7.0
199320,3.2
199380,5.2
199440,5.8
199500,5.0
199560,6.4
199620,5.6
199680,6.0
199740,7.8
199800,4.2
199860,4.8
199920,4.6
199980,5.0
200040,6.2
200100,6.0
200160,8.4
200220,5.8
200280,5.0
200340,7.2
200400,7.0
200460,5.6
200520,7.0
200580,6.6
200640,6.8
200700,6.8
200760,6.0
200820,7.6
200880,7.0
200940,5.4
201000,6.4
201060,7.0
201120,8.8
201180,6.4
201240,7.0
201300,4.6
201360,7.8
201420,7.6
201480,5.2
201540,5.6
201600,6.4
201660,5.2
201720,5.8
201780,4.6
201840,5.4
201900,7.2
201960,6.2
202020,7.6
202080,6.2
202140,6.4
202200,5.4
202260,7.6
202320,5.8
202380,6.4
202440,5.4
202500,6.8
202560,5.2
202620,5.0
202680,7.6
202740,5.2
202800,5.4
202860,5.2
202920,7.2
202980,4.6
203040,5.6
203100,6.0
203160,5.8
203220,6.4
203280,6.2
203340,4.6
203400,6.0
203460,5.8
203520,6.0
203580,7.8
203640,9.0
203700,6.4
203760,6.4
203820,6.4
203880,6.6
203940,4.6
204000,6.4
204060,8.4
204120,8.2
204180,6.0
204240,6.4
204300,5.8
204360,7.0
204420,6.4
204480,9.0
204540,8.2
204600,7.4
204660,7.4
204720,7.6
204780,7.6
204840,7.6
204900,8.6
204960,9.0
205020,7.6
205080,9.2
205140,8.0
205200,9.0
205260,7.6
205320,8.4
205380,9.4
205440,9.2
205500,10.2
205560,7.8
205620,8.8
205680,8.0
205740,7.4
205800,6.6
205860,7.4
205920,7.2
205980,6.4
206040,7.2
206100,6.8
206160,6.4
206220,7.8
206280,6.0
206340,7.0
206400,6.0
206460,6.8
206520,8.4
206580,7.6
206640,6.0
206700,8.2
206760,6.4
206820,4.6
206880,8.2
206940,5.8
207000,7.0
207060,6.8
207120,7.6
207180,6.2
207240,5.4
207300,7.2
207360,7.8
207420,7.8
207480,8.0
207540,7.0
207600,7.8
207660,7.4
207720,5.4
207780,6.4
207840,7.0
207900,7.2
207960,7.2
208020,7.0
208080,6.8
208140,8.8
208200,6.2
208260,6.8
208320,8.2
208380,7.4
208440,7.0
208500,8.0
208560,8.2
208620,8.2
208680,7.0
208740,7.8
208800,7.4
208860,8.0
208920,6.8
208980,6.6
209040,8.2
209100,6.4
209160,8.8
209220,8.0
209280,7.0
209340,6.2
209400,7.6
209460,7.8
209520,7.2
209580,6.8
209640,8.6
209700,7.8
209760,8.6
209820,8.8
209880,9.2
209940,7.8
210000,8.2
210060,8.2
210120,7.8
210180,9.4
210240,7.8
210300,8.6
210360,7.8
210420,7.0
210480,7.4
210540,8.4
210600,8.0
210660,8.0
210720,8.6
210780,7.6
210840,7.4
210900,8.8
210960,7.6
211020,8.0
211080,9.2
211140,8.8
211200,8.6
211260,7.4
211320,6.8
211380,7.4
211440,6.8
211500,8.0
211560,6.8
211620,8.8
211680,6.2
211740,6.6
211800,6.4
211860,7.6
211920,7.0
211980,8.2
212040,9.0
212100,8.0
212160,7.8
212220,7.0
212280,7.8
212340,8.8
212400,7.0
212460,8.6
212520,9.0
212580,7.6
212640,8.2
212700,7.2
212760,6.8
212820,9.8
212880,8.0
212940,9.4
213000,9.0
213060,9.0
213120,8.2
213180,9.0
213240,8.4
213300,8.6
213360,7.8
213420,9.2
213480,9.0
213540,9.4
213600,8.2
213660,9.0
213720,9.8
213780,8.4
213840,10.0
213900,10.2
213960,8.6
214020,10.4
214080,9.6
214140,8.6
214200,9.2
214260,8.6
214320,9.8
214380,9.8
214440,8.6
214500,7.4
214560,9.4
214620,6.8
214680,8.2
214740,8.4
214800,8.6
214860,6.8
214920,8.8
214980,8.6
215040,7.6
215100,10.4
215160,9.4
215220,8.0
215280,9.0
215340,7.8
215400,7.6
215460,8.8
215520,9.0
215580,8.4
215640,8.0
215700,9.2
215760,9.0
215820,8.6
215880,8.4
215940,9.0
216000,9.6
216060,10.0
216120,10.2
216180,10.4
216240,9.6
216300,8.6
216360,9.4
216420,9.2
216480,10.6
216540,11.0
216600,11.0
216660,10.2
216720,9.8
216780,11.2
216840,10.6
216900,10.0
216960,9.0
217020,10.8
217080,9.2
217140,9.2
217200,8.2
217260,8.2
217320,8.8
217380,9.8
217440,10.0
217500,8.6
217560,10.0
217620,11.2
217680,7.2
217740,10.4
217800,9.2
217860,8.0
217920,9.4
217980,9.6
218040,8.8
218100,9.4
218160,10.4
218220,10.4
218280,11.6
218340,11.0
218400,11.0
218460,10.0
218520,12.2
218580,9.8
218640,10.8
218700,10.0
218760,11.6
218820,10.6
218880,10.8
218940,10.2
219000,11.0
219060,9.6
219120,11.0
219180,9.8
219240,9.0
219300,9.2
219360,10.6
219420,10.2
219480,11.4
219540,10.0
219600,12.4
219660,10.6
219720,12.4
219780,10.2
219840,12.2
219900,12.0
219960,10.0
220020,11.4
220080,11.2
220140,11.4
220200,10.2
220260,10.4
220320,10.4
220380,10.0
220440,10.0
220500,10.0
220560,9.6
220620,10.4
220680,10.0
220740,12.0
220800,9.8
220860,9.2
220920,10.4
220980,10.4
221040,10.6
221100,11.4
221160,9.8
221220,11.4
221280,12.0
221340,10.8
221400,10.8
221460,10.0
221520,10.2
221580,10.0
221640,10.4
221700,10.8
221760,10.2
221820,10.6
221880,10.8
221940,10.2
222000,10.2
222060,11.6
222120,10.2
222180,10.2
222240,10.6
222300,11.2
222360,10.8
222420,11.4
222480,11.0
222540,9.8
222600,10.6
222660,10.0
222720,11.4
222780,10.6
222840,9.6
222900,11.4
222960,10.6
223020,9.8
223080,12.0
223140,11.0
223200,11.2
223260,10.4
223320,11.8
223380,11.4
223440,11.4
223500,11.2
223560,12.2
223620,12.0
223680,11.4
223740,11.8
223800,10.4
223860,10.8
223920,11.6
223980,11.8
224040,10.0
224100,11.0
224160,12.0
224220,12.6
224280,10.8
224340,11.8
224400,11.0
224460,11.8
224520,11.8
224580,11.2
224640,11.4
224700,11.0
224760,11.2
224820,9.6
224880,10.4
224940,10.4
225000,10.0
225060,9.8
225120,11.4
225180,11.0
225240,10.4
225300,10.6
225360,11.4
225420,10.2
225480,10.6
225540,11.6
225600,12.2
225660,11.6
225720,10.8
225780,10.6
225840,10.6
225900,11.2
225960,10.6
226020,11.2
226080,11.6
226140,10.4
226200,11.2
226260,12.2
226320,10.8
226380,11.8
226440,10.4
226500,10.0
226560,11.4
226620,11.2
226680,11.0
226740,12.8
226800,10.2
226860,10.8
226920,11.4
226980,11.2
227040,10.6
227100,12.0
227160,9.2
227220,11.8
227280,10.2
227340,11.4
227400,10.2
227460,11.2
227520,10.4
227580,11.6
227640,11.2
227700,12.6
227760,9.8
227820,10.8
227880,11.8
227940,11.0
228000,11.8
228060,10.8
228120,11.4
228180,11.8
228240,11.6
228300,11.6
228360,11.2
228420,12.0
228480,12.6
228540,11.2
228600,11.6
228660,13.0
228720,10.6
228780,10.6
228840,12.4
228900,12.2
228960,10.8
229020,12.2
229080,12.6
229140,13.0
229200,11.2
229260,11.6
229320,11.0
229380,12.0
229440,12.4
229500,12.4
229560,11.6
229620,11.8
229680,13.2
229740,11.8
229800,11.8
229860,11.4
229920,11.4
229980,11.8
230040,11.6
230100,13.0
230160,12.2
230220,12.8
230280,10.8
230340,11.4
230400,11.0
230460,12.2
230520,11.6
230580,11.0
230640,13.0
230700,10.0
230760,11.2
230820,11.6
230880,10.8
230940,12.0
231000,11.8
231060,11.8
231120,13.4
231180,11.8
231240,12.0
231300,11.4
231360,11.0
231420,12.2
231480,11.6
231540,12.6
231600,12.0
231660,11.2
231720,12.2
231780,11.6
231840,11.0
231900,12.6
231960,10.6
232020,12.0
232080,11.0
232140,11.8
232200,12.8
232260,12.2
232320,11.4
232380,11.8
232440,11.0
232500,11.8
232560,11.8
232620,11.8
232680,11.4
232740,11.8
232800,11.6
232860,11.4
232920,11.6
232980,11.4
233040,11.6
233100,11.0
233160,13.4
233220,11.4
233280,11.2
233340,12.2
233400,11.6
233460,13.0
233520,11.8
233580,12.2
233640,11.8
233700,13.2
233760,13.4
233820,12.4
233880,14.0
233940,12.0
234000,12.4
234060,12.2
234120,14.2
234180,10.8
234240,12.0
234300,13.2
234360,13.0
234420,12.0
234480,12.6
234540,11.8
234600,11.6
234660,13.6
234720,10.8
234780,11.8
234840,12.2
234900,12.0
234960,12.4
235020,12.4
235080,10.6
235140,13.4
235200,13.0
235260,11.4
235320,14.0
235380,12.6
235440,14.2
235500,13.6
235560,12.8
235620,12.6
235680,14.6
235740,13.2
235800,14.0
235860,14.2
235920,12.6
235980,13.4
236040,13.2
236100,12.8
236160,13.4
236220,15.2
236280,14.8
236340,14.4
236400,13.2
236460,14.2
236520,13.6
236580,13.0
236640,15.0
236700,13.8
236760,13.4
236820,13.8
236880,13.6
236940,13.2
237000,13.8
237060,15.0
237120,14.6
237180,14.0
237240,13.2
237300,14.4
237360,14.4
237420,14.2
237480,12.2
237540,15.2
237600,14.0
237660,14.4
237720,14.0
237780,13.8
237840,15.0
237900,15.0
237960,15.0
238020,15.4
238080,15.2
238140,12.6
238200,15.8
238260,14.2
238320,15.8
238380,15.6
238440,14.8
238500,13.8
238560,13.6
238620,15.4
238680,15.2
238740,13.4
238800,12.8
238860,13.4
238920,14.0
238980,12.8
239040,13.6
239100,14.2
239160,14.2
239220,13.8
239280,13.4
239340,13.4
239400,13.2
239460,14.2
239520,13.0
239580,13.2
239640,13.6
239700,13.6
239760,15.6
239820,14.2
239880,14.2
239940,14.8
240000,13.4
240060,15.8
240120,15.0
240180,15.4
240240,15.0
240300,16.0
240360,14.2
240420,15.0
240480,16.0
240540,15.4
240600,16.2
240660,15.8
240720,14.8
240780,15.2
240840,15.2
240900,13.8
240960,14.0
241020,13.0
241080,14.2
241140,13.8
241200,12.8
241260,14.4
241320,13.2
241380,13.2
241440,12.8
241500,12.8
241560,13.8
241620,13.6
241680,14.2
241740,14.4
241800,14.0
241860,12.2
241920,12.2
241980,12.0
242040,12.6
242100,12.4
242160,12.6
242220,11.6
242280,12.0
242340,11.6
242400,13.0
242460,12.8
242520,11.2
242580,11.8
242640,10.8
242700,11.8
242760,12.0
242820,12.8
242880,13.0
242940,12.6
243000,12.8
243060,12.4
243120,12.2
243180,13.4
243240,14.8
243300,13.8
243360,14.0
243420,13.8
243480,12.8
243540,14.6
243600,13.0
243660,14.6
243720,16.2
243780,15.4
243840,14.0
243900,14.6
243960,14.8
244020,15.0
244080,13.6
244140,14.8
244200,13.0
244260,15.6
244320,14.8
244380,14.8
244440,13.8
244500,15.2
244560,13.4
244620,14.8
244680,16.8
244740,15.0
244800,16.8
244860,15.8
244920,17.2
244980,15.4
245040,16.2
245100,15.6
245160,17.6
245220,16.0
245280,16.2
245340,15.6
245400,16.8
245460,17.0
245520,17.4
245580,16.6
245640,17.8
245700,17.2
245760,16.6
245820,16.2
245880,18.2
245940,17.6
246000,17.0
246060,15.8
246120,16.6
246180,15.8
246240,14.4
246300,15.4
246360,16.2
246420,17.0
246480,17.4
246540,16.2
246600,16.4
246660,15.4
246720,17.6
246780,15.4
246840,16.2
246900,16.0
246960,16.0
247020,13.8
247080,16.2
247140,15.4
247200,16.2
247260,15.6
247320,14.2
247380,15.6
247440,15.4
247500,14.6
247560,15.2
247620,16.6
247680,16.4
247740,16.4
247800,16.6
247860,16.8
247920,16.4
247980,16.2
248040,17.0
248100,16.8
248160,17.0
248220,17.4
248280,16.6
248340,17.0
248400,15.8
248460,16.4
248520,16.8
248580,17.0
248640,16.6
248700,16.6
248760,15.6
248820,14.0
248880,14.4
248940,13.6
249000,15.4
249060,16.8
249120,14.4
249180,13.8
249240,17.4
249300,15.6
249360,16.6
249420,15.6
249480,17.8
249540,16.6
249600,15.2
249660,17.0
249720,17.4
249780,18.8
249840,17.0
249900,16.0
249960,17.2
250020,17.4
250080,16.0
250140,15.8
250200,17.0
250260,16.8
250320,18.2
250380,17.6
250440,17.0
250500,15.2
250560,17.0
250620,16.8
250680,16.4
250740,16.6
250800,16.8
250860,16.0
250920,15.8
250980,16.0
251040,17.0
251100,15.6
251160,15.4
251220,16.0
251280,16.8
251340,16.4
251400,16.2
251460,16.0
251520,18.4
251580,18.2
251640,16.6
251700,17.0
251760,16.6
251820,16.4
251880,16.2
251940,17.0
252000,16.4
252060,17.6
252120,17.0
252180,17.0
252240,17.8
252300,16.8
252360,17.4
252420,17.8
252480,17.2
252540,13.8
252600,17.4
252660,15.8
252720,17.6
252780,14.8
252840,15.8
252900,17.2
252960,15.6
253020,17.0
253080,14.4
253140,17.2
253200,17.0
253260,15.2
253320,13.4
253380,17.2
253440,16.6
253500,14.4
253560,16.6
253620,15.4
253680,16.0
253740,15.0
253800,14.6
253860,15.6
253920,16.8
253980,17.0
254040,16.6
254100,17.6
254160,15.0
254220,16.4
254280,16.6
254340,15.6
254400,17.0
254460,16.0
254520,15.8
254580,15.2
254640,16.2
254700,15.8
254760,16.2
254820,16.4
254880,15.6
254940,17.2
255000,14.8
255060,16.4
255120,15.6
255180,16.6
255240,15.0
255300,16.4
255360,15.2
255420,15.6
255480,16.2
255540,16.0
255600,16.4
255660,16.4
255720,16.2
255780,17.0
255840,16.4
255900,16.4
255960,17.6
256020,15.6
256080,16.4
256140,17.0
256200,17.6
256260,16.2
256320,15.6
256380,18.4
256440,16.0
256500,16.8
256560,16.8
256620,16.2
256680,17.8
256740,16.8
256800,17.4
256860,17.2
256920,16.8
256980,17.6
257040,17.2
257100,17.0
257160,18.4
257220,17.4
257280,17.2
257340,16.4
257400,18.8
257460,17.8
257520,16.8
257580,17.6
257640,17.8
257700,16.2
257760,17.0
257820,17.6
257880,18.0
257940,17.6
258000,18.2
258060,17.2
258120,17.4
258180,16.4
258240,16.2
258300,17.2
258360,14.6
258420,15.2
258480,17.6
258540,15.8
258600,16.4
258660,16.8
258720,17.0
258780,14.4
258840,14.2
258900,15.2
258960,14.6
259020,14.6
259080,13.8
259140,13.4
259200,14.4
259260,16.8
259320,13.4
259380,15.0
259440,15.2
259500,15.2
259560,14.0
259620,15.2
259680,14.8
259740,14.6
259800,13.4
259860,15.8
259920,14.4
259980,14.8
260040,15.8
260100,15.0
260160,16.0
260220,16.4
260280,14.6
260340,16.8
260400,15.8
260460,14.6
260520,17.4
260580,16.0
260640,17.0
260700,16.8
260760,16.2
260820,15.6
260880,18.6
260940,17.4
261000,16.6
261060,16.6
261120,18.0
261180,17.6
261240,17.2
261300,17.6
261360,17.0
261420,18.2
261480,16.8
261540,17.2
261600,16.2
261660,18.0
261720,17.4
261780,17.0
261840,17.2
261900,16.6
261960,17.6
262020,18.4
262080,18.4
262140,18.2
262200,17.0
262260,16.8
262320,17.0
262380,17.6
262440,15.8
262500,17.4
262560,18.6
262620,16.6
262680,16.8
262740,17.4
262800,17.6
262860,16.8
262920,17.4
262980,17.8
263040,17.0
263100,16.0
263160,15.6
263220,18.2
263280,16.6
263340,17.6
263400,17.2
263460,17.0
263520,16.2
263580,16.6
263640,17.2
263700,16.6
263760,16.2
263820,19.0
263880,15.6
263940,16.2
264000,16.4
264060,17.8
264120,17.0
264180,15.0
264240,16.6
264300,16.8
264360,17.4
264420,17.0
264480,16.6
264540,17.2
264600,16.6
264660,18.4
264720,16.8
264780,17.2
264840,16.8
264900,17.6
264960,16.2
265020,17.4
265080,16.2
265140,16.4
265200,17.4
265260,18.8
265320,18.4
265380,17.0
265440,17.6
265500,17.6
265560,19.2
265620,17.4
265680,18.0
265740,17.4
265800,16.6
265860,16.8
265920,16.2
265980,16.8
266040,16.6
266100,16.6
266160,16.4
266220,16.4
266280,15.6
266340,13.6
266400,15.6
266460,16.8
266520,17.6
266580,16.0
266640,15.8
266700,15.4
266760,17.8
266820,15.8
266880,16.2
266940,16.8
267000,15.8
267060,17.2
267120,15.6
267180,16.0
267240,16.4
267300,16.0
267360,16.0
267420,18.6
267480,16.6
267540,16.6
267600,16.0
267660,16.8
267720,17.2
267780,17.8
267840,16.6
267900,18.2
267960,17.6
268020,17.8
268080,18.0
268140,17.4
268200,17.4
268260,18.4
268320,16.8
268380,16.2
268440,16.0
268500,18.0
268560,17.4
268620,18.0
268680,17.2
268740,17.8
268800,17.8
268860,17.0
268920,17.6
268980,17.6
269040,16.6
269100,17.4
269160,17.2
269220,17.2
269280,17.0
269340,18.0
269400,17.4
269460,17.2
269520,17.6
269580,16.0
269640,16.0
269700,16.4
269760,18.0
269820,15.6
269880,15.2
269940,16.0
270000,17.6
270060,17.2
270120,18.0
270180,17.4
270240,16.4
270300,17.4
270360,18.6
270420,16.4
270480,18.0
270540,18.4
270600,17.4
270660,17.6
270720,18.0
270780,17.8
270840,19.0
270900,18.0
270960,18.8
271020,18.0
271080,18.6
271140,18.0
271200,17.4
271260,17.8
271320,18.0
271380,17.2
271440,17.4
271500,18.6
271560,16.0
271620,17.2
271680,18.0
271740,16.6
271800,16.6
271860,18.0
271920,18.0
271980,17.4
272040,18.2
272100,18.2
272160,17.8
272220,18.0
272280,16.8
272340,18.0
272400,18.6
272460,17.4
272520,16.8
272580,19.8
272640,18.8
272700,18.8
272760,18.4
272820,19.0
272880,17.8
272940,19.0
273000,17.6
273060,17.4
273120,18.8
273180,17.4
273240,17.2
273300,17.6
273360,17.4
273420,18.6
273480,18.0
273540,17.4
273600,16.4
273660,16.6
273720,18.6
273780,16.4
273840,17.2
273900,17.2
273960,17.0
274020,17.6
274080,18.0
274140,18.2
274200,17.8
274260,19.2
274320,18.2
274380,17.6
274440,19.6
274500,18.2
274560,17.8
274620,18.0
274680,17.8
274740,17.6
274800,17.6
274860,18.0
274920,18.0
274980,19.0
275040,18.6
275100,17.6
275160,17.4
275220,18.6
275280,16.4
275340,18.4
275400,17.4
275460,18.0
275520,19.2
275580,18.8
275640,19.0
275700,18.6
275760,17.8
275820,17.8
275880,17.4
275940,17.4
276000,16.6
276060,17.4
276120,18.2
276180,17.8
276240,18.0
276300,17.2
276360,17.6
276420,17.4
276480,16.8
276540,18.2
276600,17.6
276660,17.4
276720,18.0
276780,17.8
276840,19.0
276900,19.0
276960,18.4
277020,17.8
277080,17.8
277140,17.8
277200,18.8
277260,17.8
277320,17.8
277380,17.0
277440,19.6
277500,17.0
277560,18.6
277620,17.4
277680,17.2
277740,18.4
277800,21.2
277860,17.2
277920,19.2
277980,18.2
278040,19.0
278100,17.8
278160,17.8
278220,18.8
278280,18.0
278340,17.8
278400,17.2
278460,18.0
278520,17.4
278580,18.4
278640,19.0
278700,18.8
278760,18.0
278820,18.0
278880,18.0
278940,18.6
279000,18.6
279060,18.6
279120,18.6
279180,18.6
279240,18.2
279300,18.0
279360,17.8
279420,18.0
279480,18.4
279540,17.8
279600,18.6
279660,17.0
279720,19.4
279780,19.6
279840,18.6
279900,17.0
279960,19.2
280020,16.6
280080,18.8
280140,18.8
280200,18.0
280260,18.6
280320,19.8
280380,18.6
280440,20.0
280500,19.0
280560,19.0
280620,18.8
280680,18.8
280740,17.8
280800,17.8
280860,18.4
280920,16.6
280980,17.8
281040,18.2
281100,18.8
281160,18.6
281220,19.2
281280,17.4
281340,17.6
281400,17.8
281460,17.8
281520,19.2
281580,19.6
281640,17.8
281700,17.6
281760,19.4
281820,17.8
281880,18.4
281940,18.0
282000,18.8
282060,19.0
282120,18.4
282180,16.8
282240,17.6
282300,18.2
282360,17.6
282420,18.2
282480,19.0
282540,17.8
282600,19.4
282660,17.8
282720,18.8
282780,18.2
282840,18.2
282900,17.6
282960,18.6
283020,18.6
283080,18.6
283140,17.6
283200,16.2
283260,17.4
283320,19.0
283380,20.4
283440,18.0
283500,18.6
283560,17.6
283620,19.4
283680,17.6
283740,18.8
283800,18.0
283860,17.2
283920,17.2
283980,18.4
284040,17.8
284100,19.2
284160,19.2
284220,17.8
284280,18.0
284340,20.0
284400,19.2
284460,17.8
284520,18.6
284580,18.2
284640,18.6
284700,18.8
284760,18.2
284820,17.2
284880,17.8
284940,17.4
285000,18.0
285060,17.6
285120,18.0
285180,18.6
285240,17.6
285300,19.0
285360,17.2
285420,17.2
285480,16.4
285540,19.0
285600,17.2
285660,17.6
285720,18.4
285780,17.2
285840,17.6
285900,17.2
285960,16.8
286020,17.0
286080,18.4
286140,18.0
286200,18.0
286260,18.0
286320,18.0
286380,17.2
286440,17.8
286500,17.8
286560,17.6
286620,19.0
286680,18.2
286740,19.0
286800,17.8
286860,17.4
286920,18.6
286980,18.0
287040,17.8
287100,17.6
287160,18.4
287220,19.0
287280,19.0
287340,17.2
287400,18.2
287460,19.6
287520,18.4
287580,18.2
287640,19.2
287700,18.2
287760,19.2
287820,19.4
287880,19.6
287940,19.0
288000,18.4
288060,18.8
288120,18.6
288180,21.4
288240,19.6
288300,19.0
288360,20.2
288420,18.8
288480,18.6
288540,18.8
288600,18.2
288660,19.8
288720,18.0
288780,18.8
288840,17.4
288900,18.8
288960,19.4
289020,20.0
289080,19.0
289140,18.2
289200,19.6
289260,18.6
289320,19.4
289380,18.0
289440,19.0
289500,19.4
289560,19.2
289620,18.8
289680,18.6
289740,19.0
289800,19.8
289860,18.8
289920,17.4
289980,17.8
290040,19.4
290100,19.6
290160,18.0
290220,18.0
290280,20.0
290340,20.0
290400,19.6
290460,19.2
290520,19.0
290580,18.4
290640,18.8
290700,18.6
290760,18.2
290820,18.4
290880,19.0
290940,19.0
291000,18.2
291060,17.4
291120,16.8
291180,17.2
291240,18.8
291300,18.6
291360,17.0
291420,17.6
291480,17.2
291540,18.2
291600,18.2
291660,17.8
291720,16.6
291780,18.6
291840,18.0
291900,18.2
291960,17.2
292020,18.0
292080,19.0
292140,18.0
292200,18.8
292260,17.8
292320,18.0
292380,18.0
292440,18.4
292500,18.6
292560,19.4
292620,18.6
292680,18.6
292740,18.8
292800,18.0
292860,20.6
292920,18.8
292980,19.2
293040,19.6
293100,19.2
293160,18.4
293220,18.6
293280,18.0
293340,19.4
293400,19.4
293460,18.8
293520,19.8
293580,17.4
293640,19.4
293700,17.2
293760,17.0
293820,19.2
293880,19.0
293940,18.2
294000,18.2
294060,18.4
294120,18.2
294180,19.6
294240,18.0
294300,19.8
294360,17.8
294420,17.8
294480,18.8
294540,19.8
294600,18.6
294660,18.6
294720,18.6
294780,19.0
294840,18.4
294900,18.0
294960,19.4
295020,18.2
295080,19.6
295140,19.4
295200,18.4
295260,20.8
295320,19.8
295380,19.0
295440,19.2
295500,20.2
295560,21.0
295620,18.8
295680,18.6
295740,17.8
295800,20.8
295860,19.2
295920,18.2
295980,18.8
296040,18.8
296100,18.6
296160,18.2
296220,18.8
296280,18.8
296340,19.6
296400,18.4
296460,19.8
296520,18.8
296580,19.8
296640,19.2
296700,19.2
296760,20.4
296820,20.8
296880,18.6
296940,19.4
297000,19.6
297060,19.0
297120,19.4
297180,19.6
297240,18.8
297300,20.2
297360,18.8
297420,19.2
297480,19.0
297540,19.2
297600,18.2
297660,17.6
297720,19.6
297780,20.2
297840,18.6
297900,19.2
297960,18.6
298020,18.8
298080,19.2
298140,19.4
298200,18.2
298260,19.6
298320,19.6
298380,19.0
298440,19.0
298500,19.6
298560,18.6
298620,19.6
298680,19.8
298740,19.0
298800,19.2
298860,19.2
298920,19.2
298980,19.2
299040,19.4
299100,18.4
299160,17.6
299220,18.8
299280,18.2
299340,17.4
299400,17.6
299460,16.8
299520,17.2
299580,17.8
299640,18.2
299700,18.4
299760,19.4
299820,18.2
299880,18.0
299940,18.2
300000,18.2
300060,17.8
300120,17.8
300180,19.6
300240,19.2
300300,17.8
300360,18.4
300420,17.2
300480,19.4
300540,18.0
300600,20.2
300660,19.4
300720,18.8
300780,17.4
300840,19.0
300900,18.6
300960,18.4
301020,18.2
301080,18.0
301140,19.6
301200,19.0
301260,18.2
301320,19.2
301380,18.2
301440,17.8
301500,19.2
301560,19.6
301620,19.6
301680,17.2
301740,17.4
301800,19.0
301860,18.6
301920,18.4
301980,20.0
302040,19.6
302100,18.6
302160,19.6
302220,18.8
302280,19.0
302340,19.8
302400,18.2
302460,19.4
302520,19.4
302580,19.0
302640,19.0
302700,19.0
302760,19.4
302820,18.8
302880,19.4
302940,20.6
303000,18.4
303060,19.2
303120,19.8
303180,19.4
303240,18.8
303300,18.6
303360,18.6
303420,19.0
303480,19.4
303540,18.4
303600,19.4
303660,18.4
303720,19.0
303780,18.6
303840,18.6
303900,18.4
303960,19.2
304020,18.6
304080,20.8
304140,20.6
304200,19.0
304260,20.0
304320,18.8
304380,19.4
304440,19.6
304500,19.6
304560,19.6
304620,19.0
304680,19.6
304740,19.4
304800,19.8
304860,17.8
304920,19.2
304980,19.8
305040,20.2
305100,19.4
305160,19.0
305220,19.6
305280,20.4
305340,19.2
305400,19.0
305460,18.2
305520,20.8
305580,18.8
305640,19.8
305700,18.8
305760,18.6
305820,18.4
305880,19.6
305940,17.6
306000,18.6
306060,19.8
306120,18.8
306180,19.2
306240,19.0
306300,21.6
306360,21.0
306420,19.0
306480,21.0
306540,19.4
306600,20.0
306660,20.6
306720,21.0
306780,18.0
306840,20.4
306900,17.8
306960,20.6
307020,20.6
307080,17.6
307140,20.2
307200,19.4
307260,20.6
307320,20.6
307380,19.6
307440,20.6
307500,18.6
307560,19.4
307620,20.6
307680,21.0
307740,19.2
307800,19.0
307860,20.4
307920,20.8
307980,19.0
308040,20.4
308100,20.2
308160,18.4
308220,20.8
308280,20.0
308340,19.4
308400,18.2
308460,20.6
308520,19.6
308580,19.4
308640,20.2
308700,19.4
308760,19.6
308820,18.4
308880,19.4
308940,19.2
309000,19.6
309060,20.4
309120,19.2
309180,19.0
309240,20.0
309300,19.4
309360,19.2
309420,19.0
309480,19.4
309540,19.8
309600,18.4
309660,20.8
309720,18.8
309780,19.0
309840,19.6
309900,19.8
309960,19.6
310020,18.8
310080,19.8
310140,19.4
310200,20.2
310260,20.6
310320,20.8
310380,20.0
310440,20.6
310500,19.0
310560,19.4
310620,20.6
310680,20.0
310740,19.8
310800,20.2
310860,21.8
310920,20.4
310980,19.8
311040,20.2
311100,20.2
311160,21.0
311220,20.2
311280,21.2
311340,19.0
311400,19.8
311460,19.2
311520,21.2
311580,19.8
311640,20.4
311700,20.0
311760,20.2
311820,20.0
311880,20.0
311940,19.6
312000,21.4
312060,19.8
312120,21.0
312180,19.6
312240,19.2
312300,21.0
312360,18.4
312420,20.2
312480,18.8
312540,20.6
312600,20.0
312660,20.2
312720,19.4
312780,18.4
312840,20.2
312900,19.0
312960,21.4
313020,19.0
313080,20.6
313140,18.2
313200,21.2
313260,20.0
313320,19.4
313380,20.6
313440,18.6
313500,20.8
313560,19.0
313620,20.4
313680,19.0
313740,20.4
313800,19.4
313860,20.2
313920,19.4
313980,19.8
314040,20.6
314100,19.4
314160,20.0
314220,19.2
314280,18.8
314340,19.8
314400,20.4
314460,20.2
314520,19.0
314580,19.6
314640,20.2
314700,20.4
314760,19.6
314820,19.8
314880,20.2
314940,20.0
315000,18.8
315060,19.2
315120,20.4
315180,18.4
315240,19.6
315300,20.2
315360,20.2
315420,18.2
315480,21.0
315540,20.0
315600,21.0
315660,19.8
315720,20.0
315780,21.2
315840,20.8
315900,21.4
315960,20.0
316020,20.6
316080,21.4
316140,20.2
316200,20.0
316260,19.8
316320,20.4
316380,21.0
316440,19.0
316500,20.8
316560,21.8
316620,21.2
316680,22.2
316740,20.6
316800,20.6
316860,20.6
316920,22.2
316980,21.2
317040,20.0
317100,20.4
317160,20.4
317220,22.2
317280,22.0
317340,20.0
317400,21.6
317460,20.8
317520,19.2
317580,20.4
317640,20.0
317700,20.6
317760,21.4
317820,21.0
317880,20.8
317940,21.8
318000,20.0
318060,20.6
318120,21.2
318180,21.6
318240,19.6
318300,20.4
318360,21.0
318420,20.4
318480,21.2
318540,20.6
318600,20.4
318660,20.8
318720,21.8
318780,19.2
318840,19.4
318900,20.8
318960,20.6
319020,20.6
319080,19.4
319140,20.2
319200,21.2
319260,21.0
319320,21.0
319380,22.0
319440,20.8
319500,20.6
319560,19.8
319620,19.6
319680,20.6
319740,21.4
319800,20.6
319860,20.4
319920,20.0
319980,22.0
320040,20.8
320100,21.0
320160,21.8
320220,20.8
320280,21.8
320340,20.6
320400,21.0
320460,21.0
320520,21.0
320580,21.2
320640,19.0
320700,21.2
320760,20.4
320820,20.4
320880,20.6
320940,20.8
321000,20.0
321060,20.4
321120,21.0
321180,20.6
321240,20.6
321300,20.8
321360,19.6
321420,21.4
321480,21.0
321540,18.0
321600,20.8
321660,21.8
321720,20.2
321780,19.8
321840,20.8
321900,21.6
321960,20.6
322020,22.2
322080,20.2
322140,20.2
322200,22.4
322260,21.4
322320,20.8
322380,20.6
322440,21.6
322500,21.0
322560,20.6
322620,21.6
322680,20.6
322740,22.0
322800,21.0
322860,21.8
322920,22.4
322980,20.2
323040,20.2
323100,21.0
323160,20.8
323220,20.0
323280,21.2
323340,21.6
323400,21.4
323460,19.4
323520,21.4
323580,20.4
323640,20.6
323700,20.0
323760,20.6
323820,19.2
323880,19.6
323940,21.0
324000,19.6
324060,20.8
324120,21.0
324180,20.6
324240,20.8
324300,20.0
324360,20.4
324420,20.2
324480,19.2
324540,20.4
324600,20.8
324660,21.4
324720,20.6
324780,22.0
324840,20.2
324900,20.8
324960,21.6
325020,20.8
325080,20.8
325140,21.8
325200,21.4
325260,20.2
325320,22.0
325380,20.4
325440,18.4
325500,20.4
325560,21.0
325620,20.4
325680,20.8
325740,20.4
325800,21.2
325860,19.6
325920,21.6
325980,19.6
326040,20.8
326100,21.4
326160,21.4
326220,21.4
326280,21.6
326340,21.0
326400,21.2
326460,21.6
326520,21.6
326580,20.4
326640,21.4
326700,21.6
326760,21.4
326820,20.2
326880,21.8
326940,19.4
327000,21.4
327060,20.0
327120,22.0
327180,20.0
327240,20.8
327300,20.2
327360,21.6
327420,20.0
327480,20.2
327540,21.0
327600,20.0
327660,20.2
327720,19.8
327780,20.6
327840,20.2
327900,19.6
327960,20.2
328020,21.2
328080,20.0
328140,19.8
328200,19.8
328260,20.0
328320,20.2
328380,21.2
328440,20.4
328500,20.6
328560,21.0
328620,20.0
328680,20.4
328740,22.2
328800,20.6
328860,20.4
328920,21.6
328980,20.2
329040,21.0
329100,20.2
329160,19.8
329220,20.0
329280,19.4
329340,20.4
329400,20.8
329460,20.4
329520,19.2
329580,19.2
329640,19.4
329700,19.6
329760,18.4
329820,21.0
329880,19.2
329940,18.0
330000,18.4
330060,19.2
330120,18.6
330180,20.4
330240,18.2
330300,19.4
330360,20.6
330420,19.8
330480,19.2
330540,19.6
330600,20.6
330660,19.8
330720,21.2
330780,19.2
330840,20.0
330900,19.2
330960,19.6
331020,19.8
331080,20.6
331140,20.0
331200,21.2
331260,20.0
331320,19.4
331380,20.8
331440,20.2
331500,21.8
331560,19.6
331620,21.8
331680,20.8
331740,20.0
331800,22.0
331860,20.6
331920,19.8
331980,22.6
332040,21.6
332100,21.0
332160,21.2
332220,19.2
332280,20.8
332340,20.2
332400,20.8
332460,21.8
332520,23.0
332580,22.0
332640,21.0
332700,21.0
332760,22.2
332820,21.0
332880,22.0
332940,21.4
333000,20.6
333060,22.8
333120,20.4
333180,20.2
333240,20.0
333300,21.6
333360,21.2
333420,20.4
333480,21.2
333540,20.0
333600,20.6
333660,20.6
333720,20.6
333780,21.0
333840,21.2
333900,21.6
333960,21.4
334020,20.2
334080,20.6
334140,20.6
334200,21.2
334260,22.2
334320,22.6
334380,19.6
334440,21.2
334500,21.2
334560,20.0
334620,20.2
334680,20.4
334740,21.6
334800,21.0
334860,19.8
334920,20.2
334980,20.2
335040,20.4
335100,22.0
335160,21.0
335220,19.6
335280,20.2
335340,21.0
335400,20.0
335460,19.6
335520,20.4
335580,21.0
335640,20.0
335700,21.0
335760,21.6
335820,21.0
335880,22.8
335940,20.8
336000,20.0
336060,21.0
336120,21.6
336180,20.2
336240,22.6
336300,21.2
336360,21.8
336420,21.4
336480,22.0
336540,22.4
336600,21.4
336660,19.0
336720,21.2
336780,20.8
336840,20.6
336900,21.4
336960,22.8
337020,23.2
337080,22.0
337140,23.4
337200,22.0
337260,21.4
337320,21.2
337380,21.8
337440,20.4
337500,20.4
337560,22.0
337620,21.2
337680,21.0
337740,20.4
337800,21.2
337860,21.0
337920,20.8
337980,20.6
338040,20.0
338100,21.6
338160,22.0
338220,20.8
338280,21.0
338340,21.0
338400,21.2
338460,22.0
338520,21.4
338580,21.0
338640,21.6
338700,20.8
338760,20.6
338820,20.8
338880,20.6
338940,20.8
339000,20.4
339060,21.0
339120,20.4
339180,20.8
339240,20.0
339300,21.0
339360,21.6
339420,20.2
339480,22.0
339540,20.0
339600,21.4
339660,20.6
339720,20.4
339780,20.4
339840,22.0
339900,21.0
339960,20.2
340020,21.8
340080,20.0
340140,21.4
340200,21.6
340260,21.4
340320,21.0
340380,20.4
340440,21.8
340500,22.0
340560,21.6
340620,21.4
340680,21.2
340740,21.4
340800,20.8
340860,19.8
340920,21.0
340980,20.0
341040,22.0
341100,20.4
341160,21.8
341220,21.2
341280,21.6
341340,20.6
341400,20.6
341460,22.8
341520,19.8
341580,22.2
341640,21.8
341700,20.8
341760,22.4
341820,21.6
341880,21.6
341940,21.6
342000,20.8
342060,22.0
342120,19.8
342180,20.8
342240,20.2
342300,20.8
342360,20.4
342420,20.8
342480,20.8
342540,21.6
342600,20.6
342660,20.2
342720,22.2
342780,21.4
342840,20.8
342900,21.8
342960,20.8
343020,20.8
343080,21.4
343140,21.4
343200,20.8
343260,21.2
343320,21.8
343380,21.8
343440,22.4
343500,21.6
343560,20.2
343620,20.6
343680,22.4
343740,22.0
343800,19.8
343860,20.6
343920,22.2
343980,21.6
344040,21.0
344100,20.2
344160,21.4
344220,20.4
344280,19.8
344340,21.0
344400,20.2
344460,21.6
344520,20.6
344580,21.8
344640,23.4
344700,22.6
344760,21.4
344820,21.8
344880,20.8
344940,21.2
345000,20.0
345060,21.4
345120,22.0
345180,20.2
345240,22.2
345300,21.2
345360,20.0
345420,20.0
345480,19.8
345540,21.0
345600,20.4
345660,22.2
345720,20.0
345780,21.6
345840,22.4
345900,21.6
345960,21.6
346020,21.4
346080,20.6
346140,22.6
346200,22.2
346260,23.2
346320,23.2
346380,20.4
346440,21.4
346500,20.6
346560,21.2
346620,21.4
346680,21.4
346740,21.8
346800,22.2
346860,20.6
346920,21.0
346980,19.8
347040,20.8
347100,22.8
347160,21.0
347220,21.2
347280,20.2
347340,21.6
347400,21.8
347460,22.2
347520,20.0
347580,20.0
347640,21.8
347700,21.0
347760,21.0
347820,21.8
347880,22.2
347940,20.8
348000,20.4
348060,21.2
348120,21.2
348180,21.8
348240,20.8
348300,21.2
348360,20.8
348420,21.2
348480,22.4
348540,22.4
348600,20.2
348660,21.6
348720,22.0
348780,20.6
348840,21.8
348900,20.2
348960,22.4
349020,22.2
349080,22.6
349140,21.2
349200,21.8
349260,20.8
349320,22.4
349380,19.4
349440,20.8
349500,21.0
349560,21.0
349620,20.4
349680,20.8
349740,20.4
349800,20.8
349860,22.2
349920,20.4
349980,20.6
350040,21.8
350100,21.6
350160,21.4
350220,21.4
350280,21.4
350340,22.4
350400,21.4
350460,20.6
350520,20.6
350580,20.6
350640,22.4
350700,20.4
350760,21.6
350820,20.2
350880,22.2
350940,21.8
351000,22.2
351060,21.6
351120,20.0
351180,20.4
351240,21.6
351300,20.2
351360,19.8
351420,21.6
351480,21.0
351540,22.2
351600,22.6
351660,20.8
351720,20.2
351780,20.8
351840,20.2
351900,22.6
351960,22.0
352020,22.4
352080,20.8
352140,22.2
352200,20.6
352260,20.8
352320,20.2
352380,20.2
352440,21.6
352500,20.6
352560,21.6
352620,20.4
352680,22.2
352740,20.4
352800,20.4
352860,21.6
352920,22.2
352980,20.0
353040,20.6
353100,21.2
353160,21.6
353220,20.4
353280,22.8
353340,22.0
353400,21.0
353460,21.2
353520,21.8
353580,22.4
353640,20.8
353700,20.6
353760,21.8
353820,22.2
353880,21.8
353940,21.4
354000,21.0
354060,21.2
354120,22.2
354180,20.4
354240,21.0
354300,21.8
354360,21.2
354420,21.6
354480,21.6
354540,21.6
354600,20.6
354660,22.0
354720,20.8
354780,21.0
354840,22.8
354900,22.0
354960,21.2
355020,21.4
355080,20.8
355140,20.0
355200,21.8
355260,21.6
355320,22.2
355380,21.0
355440,21.2
355500,21.4
355560,20.0
355620,21.0
355680,21.4
355740,20.6
355800,20.8
355860,21.2
355920,20.4
355980,20.0
356040,20.0
356100,19.6
356160,20.8
356220,20.6
356280,21.2
356340,19.0
356400,20.6
356460,19.6
356520,20.4
356580,20.4
356640,19.6
356700,19.8
356760,19.6
356820,18.8
356880,19.8
356940,20.0
357000,19.8
357060,19.8
357120,18.4
357180,18.8
357240,19.6
357300,19.8
357360,19.8
357420,19.6
357480,20.6
357540,18.6
357600,20.4
357660,19.8
357720,19.0
357780,18.8
357840,19.8
357900,21.0
357960,19.6
358020,20.6
358080,20.0
358140,18.0
358200,19.4
358260,19.2
358320,20.2
358380,20.2
358440,19.0
358500,19.6
358560,18.8
358620,20.2
358680,21.0
358740,19.8
358800,19.2
358860,18.8
358920,20.2
358980,20.8
359040,21.0
359100,20.2
359160,19.8
359220,20.0
359280,19.0
359340,19.8
359400,21.6
359460,18.8
359520,19.4
359580,19.2
359640,20.6
359700,20.6
359760,19.8
359820,19.4
359880,19.6
359940,20.2
360000,19.6
360060,19.8
360120,19.4
360180,20.4
360240,20.0
360300,20.4
360360,19.4
360420,20.8
360480,21.0
360540,20.6
360600,21.6
360660,19.8
360720,21.4
360780,20.6
360840,20.0
360900,20.4
360960,20.8
361020,22.2
361080,21.2
361140,21.0
361200,21.6
361260,21.0
361320,22.4
361380,20.6
361440,21.4
361500,22.4
361560,21.0
361620,20.8
361680,21.6
361740,20.8
361800,20.4
361860,21.2
361920,21.0
361980,20.0
362040,20.8
362100,21.6
362160,20.6
362220,20.6
362280,20.2
362340,21.2
362400,21.6
362460,19.6
362520,20.8
362580,19.2
362640,20.0
362700,21.6
362760,21.6
362820,20.8
362880,20.0
362940,19.6
363000,20.8
363060,22.0
363120,20.0
363180,21.6
363240,20.2
363300,20.0
363360,21.0
363420,19.8
363480,20.6
363540,19.2
363600,20.2
363660,20.4
363720,20.4
363780,21.4
363840,19.6
363900,19.8
363960,20.0
364020,20.8
364080,20.2
364140,19.4
364200,21.2
364260,20.6
364320,21.0
364380,20.0
364440,21.4
364500,19.2
364560,18.2
364620,22.2
364680,21.0
364740,21.2
364800,19.4
364860,20.8
364920,21.6
364980,20.0
365040,21.2
365100,20.6
365160,20.4
365220,20.4
365280,21.2
365340,20.4
365400,19.6
365460,20.6
365520,19.8
365580,19.8
365640,20.8
365700,20.8
365760,20.4
365820,21.0
365880,21.2
365940,20.8
366000,21.2
366060,20.4
366120,20.0
366180,20.4
366240,20.8
366300,20.2
366360,21.2
366420,21.2
366480,20.8
366540,20.2
366600,19.8
366660,21.8
366720,21.8
366780,21.0
366840,20.8
366900,20.8
366960,21.4
367020,20.0
367080,21.4
367140,21.0
367200,20.6
367260,20.0
367320,20.2
367380,22.0
367440,19.8
367500,20.6
367560,20.6
367620,20.6
367680,19.6
367740,20.8
367800,20.6
367860,22.4
367920,21.0
367980,20.6
368040,20.2
368100,21.2
368160,20.0
368220,22.0
368280,20.0
368340,19.4
368400,20.2
368460,21.2
368520,22.4
368580,19.2
368640,20.2
368700,20.4
368760,21.2
368820,20.8
368880,21.4
368940,21.8
369000,20.2
369060,21.4
369120,21.2
369180,20.0
369240,21.6
369300,20.4
369360,21.8
369420,21.4
369480,21.6
369540,20.8
369600,20.8
369660,21.8
369720,20.8
369780,20.6
369840,21.0
369900,20.4
369960,22.4
370020,21.4
370080,19.8
370140,20.8
370200,21.2
370260,21.6
370320,20.8
370380,21.8
370440,20.8
370500,21.2
370560,20.2
370620,20.6
370680,21.2
370740,20.6
370800,21.2
370860,21.4
370920,22.2
370980,19.8
371040,20.4
371100,21.2
371160,21.2
371220,20.8
371280,21.2
371340,21.6
371400,21.4
371460,21.4
371520,20.6
371580,21.2
371640,20.6
371700,19.8
371760,20.2
371820,19.8
371880,23.2
371940,22.0
372000,20.4
372060,21.6
372120,21.2
372180,21.2
372240,21.0
372300,21.0
372360,21.8
372420,22.2
372480,20.2
372540,21.4
372600,20.6
372660,22.2
372720,21.4
372780,21.2
372840,19.6
372900,21.0
372960,20.8
373020,21.0
373080,20.8
373140,20.0
373200,22.4
373260,21.6
373320,22.4
373380,21.6
373440,20.4
373500,20.2
373560,21.2
373620,21.0
373680,21.0
373740,20.8
373800,22.8
373860,21.0
373920,20.8
373980,21.2
374040,21.2
374100,21.2
374160,22.6
374220,21.0
374280,22.6
374340,21.0
374400,23.0
374460,21.6
374520,22.0
374580,22.2
374640,22.2
374700,21.2
374760,21.8
374820,20.6
374880,21.6
374940,21.6
375000,21.8
375060,21.4
375120,21.2
375180,20.8
375240,21.6
375300,21.4
375360,20.8
375420,21.6
375480,22.0
375540,21.6
375600,21.8
375660,20.8
375720,21.0
375780,22.2
375840,21.4
375900,21.0
375960,20.2
376020,22.0
376080,22.8
376140,21.2
376200,22.2
376260,21.8
376320,21.6
376380,21.2
376440,21.8
376500,20.0
376560,21.4
376620,20.4
376680,22.6
376740,21.2
376800,21.2
376860,21.4
376920,21.2
376980,20.6
377040,20.6
377100,20.2
377160,21.0
377220,21.2
377280,20.8
377340,21.4
377400,20.4
377460,20.4
377520,20.8
377580,20.2
377640,22.0
377700,22.6
377760,22.2
377820,21.8
377880,21.0
377940,20.4
378000,22.2
378060,21.8
378120,21.8
378180,22.0
378240,21.4
378300,21.6
378360,20.4
378420,20.8
378480,21.4
378540,22.8
378600,21.6
378660,22.6
378720,21.2
378780,22.0
378840,22.2
378900,22.8
378960,22.2
379020,22.4
379080,22.6
379140,23.8
379200,21.6
379260,21.8
379320,21.8
379380,21.8
379440,22.0
379500,19.6
379560,22.0
379620,22.8
379680,21.8
379740,22.2
379800,22.0
379860,22.0
379920,21.4
379980,22.6
380040,22.6
380100,22.4
380160,23.2
380220,21.6
380280,21.6
380340,21.4
380400,21.2
380460,22.4
380520,22.0
380580,21.8
380640,20.8
380700,23.0
380760,20.2
380820,22.2
380880,22.2
380940,21.0
381000,23.0
381060,22.8
381120,21.4
381180,22.2
381240,23.0
381300,23.0
381360,21.4
381420,23.6
381480,22.6
381540,22.6
381600,21.0
381660,21.4
381720,20.8
381780,21.6
381840,23.6
381900,22.0
381960,23.0
382020,22.6
382080,21.8
382140,20.4
382200,22.6
382260,22.6
382320,22.6
382380,22.2
382440,21.0
382500,21.4
382560,23.6
382620,21.8
382680,22.8
382740,22.4
382800,22.0
382860,23.6
382920,22.6
382980,21.8
383040,21.4
383100,20.6
383160,23.6
383220,22.6
383280,22.4
383340,22.2
383400,21.4
383460,22.6
383520,22.0
383580,22.8
383640,22.2
383700,22.2
383760,21.4
383820,22.8
383880,21.4
383940,20.2
384000,22.2
384060,22.4
384120,21.6
384180,21.8
384240,21.8
384300,21.2
384360,22.8
384420,23.4
384480,22.0
384540,21.6
384600,22.8
384660,22.0
384720,20.2
384780,22.4
384840,21.4
384900,22.0
384960,20.8
385020,22.8
385080,22.6
385140,21.6
385200,20.2
385260,21.6
385320,21.2
385380,23.6
385440,21.6
385500,21.2
385560,21.6
385620,20.6
385680,21.6
385740,21.8
385800,20.8
385860,23.0
385920,21.2
385980,20.8
386040,23.8
386100,22.2
386160,20.4
386220,20.0
386280,22.2
386340,22.2
386400,21.6
386460,21.4
386520,21.0
386580,21.2
386640,21.4
386700,22.0
386760,21.4
386820,21.6
386880,22.2
386940,22.4
387000,21.0
387060,23.0
387120,21.6
387180,20.8
387240,22.0
387300,21.2
387360,22.0
387420,20.6
387480,19.6
387540,20.6
387600,20.2
387660,22.4
387720,20.8
387780,21.0
387840,21.6
387900,21.8
387960,20.8
388020,20.6
388080,21.0
388140,19.8
388200,22.6
388260,21.0
388320,21.4
388380,20.4
388440,20.0
388500,21.6
388560,22.2
388620,20.8
388680,21.4
388740,20.8
388800,21.8
388860,21.8
388920,22.0
388980,21.0
389040,21.0
389100,20.8
389160,21.4
389220,20.8
389280,20.8
389340,20.8
389400,21.6
389460,21.6
389520,21.8
389580,21.4
389640,21.8
389700,22.6
389760,20.6
389820,20.6
389880,22.4
389940,21.4
390000,20.6
390060,22.8
390120,22.0
390180,21.2
390240,20.8
390300,21.4
390360,20.8
390420,22.4
390480,22.4
390540,21.0
390600,22.0
390660,21.2
390720,22.2
390780,20.4
390840,21.4
390900,21.4
390960,21.6
391020,21.0
391080,22.4
391140,23.0
391200,22.2
391260,21.0
391320,22.2
391380,21.8
391440,22.0
391500,22.0
391560,20.4
391620,21.8
391680,21.0
391740,21.6
391800,21.8
391860,20.2
391920,22.2
391980,22.0
392040,21.8
392100,23.0
392160,20.2
392220,20.8
392280,20.6
392340,21.8
392400,22.0
392460,20.8
392520,23.4
392580,21.8
392640,21.6
392700,21.8
392760,22.0
392820,22.4
392880,22.6
392940,22.8
393000,21.4
393060,21.6
393120,23.0
393180,23.8
393240,21.0
393300,21.2
393360,21.4
393420,22.0
393480,22.6
393540,21.8
393600,22.4
393660,22.0
393720,23.2
393780,20.4
393840,23.2
393900,23.4
393960,21.4
394020,20.4
394080,19.8
394140,22.8
394200,20.6
394260,20.0
394320,22.0
394380,21.2
394440,22.4
394500,21.0
394560,20.6
394620,22.6
394680,20.2
394740,21.0
394800,20.8
394860,21.6
394920,21.2
394980,22.4
395040,21.0
395100,20.2
395160,21.4
395220,21.8
395280,22.4
395340,22.2
395400,21.6
395460,23.2
395520,21.4
395580,21.4
395640,21.6
395700,20.6
395760,21.8
395820,22.2
395880,23.2
395940,21.0
396000,20.8
396060,22.0
396120,22.4
396180,21.2
396240,22.6
396300,20.8
396360,21.6
396420,20.8
396480,20.4
396540,21.2
396600,19.6
396660,22.0
396720,19.6
396780,20.6
396840,21.8
396900,20.6
396960,21.0
397020,20.0
397080,20.0
397140,19.6
397200,20.4
397260,20.2
397320,21.6
397380,20.0
397440,19.0
397500,19.8
397560,20.8
397620,20.4
397680,19.4
397740,20.2
397800,19.6
397860,20.4
397920,19.4
397980,20.2
398040,19.2
398100,20.0
398160,20.2
398220,19.8
398280,19.6
398340,20.6
398400,21.6
398460,20.2
398520,21.2
398580,19.6
398640,22.2
398700,21.8
398760,18.6
398820,18.8
398880,20.2
398940,21.2
399000,19.6
399060,21.6
399120,21.0
399180,20.2
399240,19.8
399300,21.6
399360,21.4
399420,21.0
399480,21.2
399540,20.8
399600,21.6
399660,21.6
399720,22.4
399780,20.4
399840,20.8
399900,20.8
399960,21.0
400020,21.6
400080,21.4
400140,21.4
400200,21.4
400260,21.0
400320,20.2
400380,21.4
400440,22.4
400500,21.4
400560,20.6
400620,21.2
400680,20.8
400740,21.6
400800,22.8
400860,22.6
400920,20.6
400980,21.6
401040,21.6
401100,22.0
401160,21.8
401220,21.4
401280,22.0
401340,21.6
401400,21.6
401460,22.0
401520,21.0
401580,24.0
401640,21.2
401700,22.4
401760,21.6
401820,20.6
401880,21.4
401940,22.2
402000,21.6
402060,22.8
402120,21.2
402180,20.2
402240,21.0
402300,22.2
402360,21.2
402420,22.0
402480,22.2
402540,22.2
402600,21.0
402660,22.4
402720,21.4
402780,22.8
402840,22.0
402900,22.4
402960,22.4
403020,21.4
403080,22.4
403140,22.8
403200,22.2
403260,21.0
403320,22.8
403380,22.0
403440,22.8
403500,22.0
403560,22.2
403620,22.8
403680,21.8
403740,22.4
403800,22.2
403860,24.0
403920,22.8
403980,22.0
404040,22.8
404100,21.8
404160,20.6
404220,23.4
404280,21.8
404340,23.2
404400,22.0
404460,21.0
404520,23.0
404580,22.6
404640,22.2
404700,22.2
404760,22.6
404820,23.4
404880,23.0
404940,22.0
405000,21.8
405060,22.4
405120,21.8
405180,23.6
405240,22.0
405300,24.0
405360,23.2
405420,23.6
405480,22.4
405540,22.4
405600,22.4
405660,21.4
405720,22.6
405780,23.2
405840,21.6
405900,21.2
405960,21.6
406020,21.6
406080,20.6
406140,22.4
406200,22.0
406260,22.0
406320,21.8
406380,21.4
406440,23.4
406500,21.8
406560,22.2
406620,22.4
406680,21.4
406740,22.0
406800,23.2
406860,21.0
406920,22.0
406980,21.2
407040,21.8
407100,22.2
407160,21.4
407220,21.4
407280,22.6
407340,22.2
407400,22.0
407460,22.2
407520,21.6
407580,21.2
407640,22.6
407700,24.2
407760,22.2
407820,22.2
407880,22.2
407940,22.0
408000,22.0
408060,21.8
408120,23.2
408180,22.2
408240,21.8
408300,22.4
408360,22.4
408420,21.8
408480,23.0
408540,22.0
408600,22.0
408660,22.2
408720,22.4
408780,22.4
408840,23.0
408900,21.4
408960,20.6
409020,22.6
409080,22.0
409140,22.0
409200,22.6
409260,21.8
409320,22.0
409380,22.0
409440,22.4
409500,21.4
409560,21.0
409620,21.6
409680,21.0
409740,21.2
409800,21.6
409860,22.2
409920,21.8
409980,21.4
410040,23.6
410100,21.6
410160,22.6
410220,21.4
410280,22.8
410340,21.4
410400,22.0
410460,21.6
410520,22.4
410580,21.8
410640,21.2
410700,20.4
410760,22.4
410820,23.2
410880,22.4
410940,21.0
411000,22.4
411060,21.2
411120,21.6
411180,22.8
411240,23.0
411300,21.6
411360,21.6
411420,23.0
411480,23.4
411540,22.4
411600,22.8
411660,22.2
411720,22.0
411780,20.8
411840,22.4
411900,22.8
411960,22.4
412020,22.2
412080,23.2
412140,21.0
412200,22.4
412260,22.4
412320,22.6
412380,23.2
412440,22.4
412500,23.0
412560,22.2
412620,22.8
412680,23.8
412740,21.8
412800,21.0
412860,22.4
412920,21.8
412980,23.2
413040,22.2
413100,22.2
413160,23.8
413220,23.4
413280,24.6
413340,21.8
413400,21.6
413460,21.6
413520,21.8
413580,22.4
413640,22.6
413700,22.2
413760,21.4
413820,22.2
413880,23.4
413940,22.2
414000,20.8
414060,22.8
414120,22.2
414180,24.6
414240,21.6
414300,21.2
414360,22.2
414420,23.2
414480,22.2
414540,22.0
414600,22.2
414660,22.4
414720,22.2
414780,23.0
414840,22.0
414900,23.2
414960,22.4
415020,22.8
415080,22.0
415140,22.4
415200,23.4
415260,22.2
415320,23.8
415380,23.2
415440,23.0
415500,22.2
415560,22.4
415620,24.2
415680,22.2
415740,22.6
415800,22.0
415860,22.4
415920,23.8
415980,22.4
416040,22.6
416100,20.8
416160,22.6
416220,22.2
416280,23.2
416340,22.4
416400,21.6
416460,23.0
416520,22.6
416580,22.8
416640,23.0
416700,22.0
416760,22.2
416820,22.6
416880,21.6
416940,21.8
417000,22.6
417060,21.8
417120,23.6
417180,22.4
417240,21.6
417300,21.6
417360,21.2
417420,21.4
417480,22.2
417540,21.4
417600,21.6
417660,23.2
417720,24.2
417780,22.4
417840,22.0
417900,21.6
417960,22.0
418020,22.0
418080,22.2
418140,22.4
418200,21.6
418260,21.8
418320,22.2
418380,21.8
418440,22.2
418500,22.2
418560,22.0
418620,22.8
418680,22.0
418740,23.0
418800,22.8
418860,23.2
418920,21.8
418980,22.2
419040,23.4
419100,21.6
419160,21.4
419220,22.8
419280,22.6
419340,21.6
419400,23.2
419460,21.6
419520,21.4
419580,22.0
419640,23.2
419700,23.2
419760,21.4
419820,21.8
419880,23.2
419940,22.2
420000,22.0
420060,22.6
420120,22.4
420180,22.0
420240,23.6
420300,23.8
420360,22.4
420420,23.2
420480,21.6
420540,22.4
420600,22.8
420660,24.0
420720,24.8
420780,22.0
420840,21.4
420900,22.6
420960,21.6
421020,21.6
421080,22.6
421140,22.2
421200,21.4
421260,21.2
421320,21.4
421380,23.2
421440,22.2
421500,23.6
421560,22.2
421620,22.6
421680,22.4
421740,22.4
421800,20.8
421860,23.0
421920,21.8
421980,21.0
422040,20.2
422100,23.0
422160,22.0
422220,22.2
422280,22.0
422340,23.0
422400,21.8
422460,23.4
422520,22.8
422580,23.4
422640,22.8
422700,23.2
422760,24.4
422820,22.0
422880,23.2
422940,21.8
423000,22.8
423060,23.0
423120,21.2
423180,21.8
423240,23.2
423300,22.0
423360,23.4
423420,21.6
423480,22.4
423540,22.0
423600,23.4
423660,21.8
423720,21.8
423780,22.2
423840,23.4
423900,21.4
423960,23.6
424020,22.2
424080,23.2
424140,21.2
424200,22.2
424260,21.6
424320,21.8
424380,23.0
424440,22.4
424500,21.4
424560,22.6
424620,21.0
424680,23.8
424740,22.8
424800,23.8
424860,22.8
424920,23.6
424980,22.6
425040,21.8
425100,22.8
425160,22.4
425220,23.0
425280,23.0
425340,22.6
425400,23.8
425460,23.2
425520,23.0
425580,22.0
425640,22.0
425700,22.6
425760,22.4
425820,22.6
425880,24.0
425940,22.2
426000,22.4
426060,22.6
426120,21.0
426180,22.8
426240,23.6
426300,22.2
426360,22.2
426420,22.2
426480,21.8
426540,23.0
426600,22.2
426660,22.4
426720,22.2
426780,21.8
426840,22.8
426900,23.4
426960,22.4
427020,23.2
427080,22.6
427140,24.0
427200,23.4
427260,24.2
427320,22.8
427380,22.8
427440,23.6
427500,22.6
427560,24.2
427620,21.4
427680,22.8
427740,22.8
427800,22.0
427860,22.0
427920,23.6
427980,21.8
428040,24.6
428100,23.0
428160,23.0
428220,22.4
428280,23.8
428340,23.2
428400,22.8
428460,22.4
428520,24.0
428580,22.4
428640,23.4
428700,22.2
428760,22.4
428820,22.4
428880,24.4
428940,22.6
429000,23.6
429060,23.4
429120,23.0
429180,21.4
429240,22.6
429300,23.0
429360,22.0
429420,23.4
429480,24.4
429540,24.0
429600,22.8
429660,22.8
429720,23.2
429780,22.8
429840,23.4
429900,21.8
429960,23.6
430020,21.2
430080,22.2
430140,22.4
430200,22.4
430260,22.0
430320,23.6
430380,22.6
430440,21.6
430500,24.0
430560,22.8
430620,23.4
430680,22.2
430740,23.6
430800,22.2
430860,24.6
430920,22.4
430980,23.4
431040,23.2
431100,22.0
431160,21.4
431220,23.2
431280,23.0
431340,23.2
431400,24.0
431460,22.8
431520,21.6
431580,21.8
431640,23.4
431700,22.6
431760,22.4
431820,23.6
431880,22.4
431940,22.6
432000,23.8
432060,23.4
432120,21.8
432180,23.2
432240,21.0
432300,22.8
432360,21.6
432420,21.2
432480,23.2
432540,22.0
432600,23.2
432660,23.8
432720,22.2
432780,21.4
432840,21.4
432900,23.4
432960,23.4
433020,23.4
433080,21.0
433140,21.6
433200,22.4
433260,23.0
433320,23.2
433380,22.6
433440,22.4
433500,20.2
433560,21.4
433620,21.4
433680,21.4
433740,22.4
433800,22.4
433860,22.2
433920,23.0
433980,22.4
434040,22.0
434100,21.2
434160,21.0
434220,20.8
434280,22.4
434340,21.0
434400,20.8
434460,21.6
434520,21.6
434580,19.6
434640,22.0
434700,20.4
434760,21.8
434820,22.6
434880,19.4
434940,21.2
435000,20.8
435060,20.2
435120,20.2
435180,19.4
435240,21.4
435300,19.0
435360,20.2
435420,20.0
435480,19.4
435540,21.0
435600,19.0
435660,19.8
435720,20.2
435780,19.8
435840,20.0
435900,19.8
435960,20.4
436020,21.0
436080,20.4
436140,20.8
436200,20.4
436260,19.8
436320,21.0
436380,21.6
436440,19.4
436500,20.2
436560,20.2
436620,21.2
436680,20.2
436740,22.0
436800,20.4
436860,21.6
436920,21.2
436980,21.2
437040,21.6
437100,22.0
437160,22.6
437220,23.0
437280,22.8
437340,20.4
437400,21.4
437460,23.6
437520,22.0
437580,23.2
437640,22.0
437700,22.6
437760,23.4
437820,22.6
437880,22.6
437940,21.2
438000,22.6
438060,22.8
438120,22.4
438180,21.6
438240,21.2
438300,22.8
438360,23.0
438420,22.0
438480,22.4
438540,21.8
438600,22.4
438660,23.2
438720,22.0
438780,22.6
438840,21.2
438900,23.4
438960,22.6
439020,21.8
439080,21.8
439140,22.2
439200,22.0
439260,23.0
439320,21.2
439380,22.2
439440,23.0
439500,21.8
439560,20.8
439620,23.6
439680,22.6
439740,23.8
439800,22.4
439860,22.2
439920,21.6
439980,21.8
440040,23.0
440100,21.2
440160,21.0
440220,21.4
440280,22.2
440340,22.2
440400,21.8
440460,23.2
440520,23.0
440580,21.8
440640,22.2
440700,22.8
440760,21.2
440820,21.2
440880,21.2
440940,24.2
441000,22.2
441060,22.0
441120,22.6
441180,20.6
441240,21.4
441300,21.4
441360,22.8
441420,22.6
441480,22.8
441540,21.8
441600,22.6
441660,21.8
441720,21.2
441780,21.6
441840,21.8
441900,20.4
441960,23.4
442020,21.8
442080,22.0
442140,22.0
442200,20.6
442260,21.6
442320,23.2
442380,22.4
442440,22.2
442500,22.2
442560,22.4
442620,22.4
442680,22.4
442740,20.8
442800,22.6
442860,23.0
442920,24.4
442980,22.0
443040,21.2
443100,23.4
443160,22.2
443220,23.4
443280,21.2
443340,21.0
443400,22.0
443460,22.6
443520,22.4
443580,24.0
443640,23.0
443700,19.6
443760,21.4
443820,22.6
443880,22.2
443940,22.4
444000,20.4
444060,22.4
444120,21.8
444180,22.2
444240,21.6
444300,23.4
444360,20.0
444420,21.6
444480,21.8
444540,22.8
444600,22.8
444660,21.0
444720,22.2
444780,20.0
444840,20.2
444900,22.6
444960,22.6
445020,21.0
445080,22.2
445140,22.4
445200,23.0
445260,22.6
445320,21.6
445380,22.6
445440,21.4
445500,22.2
445560,22.4
445620,23.4
445680,21.0
445740,23.0
445800,22.4
445860,22.0
445920,22.4
445980,21.2
446040,22.8
446100,22.2
446160,22.4
446220,22.2
446280,25.2
446340,23.4
446400,22.2
446460,22.6
446520,21.6
446580,22.0
446640,22.6
446700,22.6
446760,22.8
446820,23.2
446880,22.8
446940,22.2
447000,23.4
447060,22.4
447120,21.8
447180,23.6
447240,23.2
447300,21.8
447360,22.8
447420,22.8
447480,22.2
447540,21.8
447600,21.6
447660,20.4
447720,21.8
447780,21.2
447840,23.2
447900,23.6
447960,22.4
448020,22.0
448080,21.4
448140,22.4
448200,22.8
448260,23.0
448320,23.4
448380,21.6
448440,23.4
448500,21.4
448560,22.0
448620,22.8
448680,21.4
448740,22.4
448800,21.4
448860,22.8
448920,22.4
448980,21.6
449040,23.4
449100,22.4
449160,22.2
449220,21.0
449280,21.4
449340,21.6
449400,23.6
449460,22.0
449520,22.4
449580,21.6
449640,21.6
449700,22.4
449760,21.0
449820,22.2
449880,22.4
449940,21.8
450000,21.4
450060,21.6
450120,21.8
450180,22.2
450240,22.6
450300,21.4
450360,20.6
450420,22.2
450480,22.2
450540,22.0
450600,21.6
450660,22.4
450720,22.2
450780,23.6
450840,21.0
450900,22.0
450960,22.6
451020,21.6
451080,23.4
451140,21.6
451200,22.0
451260,22.6
451320,21.2
451380,22.2
451440,22.2
451500,21.4
451560,22.0
451620,21.4
451680,21.2
451740,22.2
451800,22.4
451860,22.4
451920,21.4
451980,23.4
452040,22.2
452100,23.4
452160,21.0
452220,22.0
452280,22.4
452340,22.6
452400,21.2
452460,22.6
452520,21.6
452580,21.4
452640,22.0
452700,21.0
452760,21.4
452820,22.4
452880,23.6
452940,22.2
453000,22.2
453060,21.8
453120,22.8
453180,21.4
453240,24.6
453300,22.6
453360,21.6
453420,21.8
453480,24.0
453540,21.2
453600,22.0
453660,21.8
453720,22.6
453780,22.6
453840,21.0
453900,23.4
453960,21.4
454020,23.2
454080,22.6
454140,21.8
454200,21.6
454260,22.2
454320,23.2
454380,20.8
454440,23.8
454500,22.0
454560,21.6
454620,21.6
454680,23.4
454740,23.0
454800,22.0
454860,23.0
454920,22.2
454980,22.0
455040,23.2
455100,22.8
455160,23.0
455220,23.4
455280,22.4
455340,22.2
455400,22.6
455460,21.6
455520,22.2
455580,22.2
455640,22.2
455700,22.2
455760,23.2
455820,22.4
455880,22.8
455940,20.4
456000,21.8
456060,23.0
456120,21.8
456180,22.2
456240,23.0
456300,20.6
456360,21.4
456420,21.8
456480,21.6
456540,21.2
456600,21.6
456660,22.4
456720,22.0
456780,21.2
456840,22.6
456900,21.4
456960,23.0
457020,22.0
457080,20.2
457140,20.6
457200,21.2
457260,22.0
457320,22.2
457380,21.0
457440,21.6
457500,19.6
457560,22.6
457620,19.2
457680,21.2
457740,21.2
457800,21.4
457860,21.6
457920,21.6
457980,20.8
458040,22.8
458100,20.4
458160,22.2
458220,20.2
458280,22.4
458340,21.8
458400,22.2
458460,21.2
458520,21.2
458580,22.2
458640,22.6
458700,21.4
458760,21.8
458820,23.0
458880,22.4
458940,22.2
459000,21.0
459060,22.0
459120,21.2
459180,21.4
459240,21.4
459300,22.8
459360,20.6
459420,23.0
459480,22.4
459540,21.6
459600,21.8
459660,21.4
459720,21.2
459780,23.0
459840,21.8
459900,21.4
459960,21.4
460020,21.8
460080,20.0
460140,21.0
460200,19.6
460260,20.8
460320,21.6
460380,20.6
460440,22.0
460500,21.4
460560,22.2
460620,22.0
460680,20.2
460740,21.8
460800,21.4
460860,19.8
460920,21.4
460980,21.6
461040,21.2
461100,22.6
461160,22.2
461220,20.4
461280,22.0
461340,21.4
461400,22.0
461460,22.4
461520,22.6
461580,22.2
461640,22.8
461700,21.8
461760,20.4
461820,22.4
461880,23.0
461940,22.4
462000,22.0
462060,22.2
462120,21.2
462180,23.2
462240,21.8
462300,23.4
462360,22.0
462420,22.0
462480,21.8
462540,21.6
462600,22.0
462660,23.0
462720,21.6
462780,22.6
462840,22.2
462900,23.2
462960,22.0
463020,22.6
463080,22.6
463140,21.8
463200,22.2
463260,23.2
463320,23.0
463380,21.4
463440,21.4
463500,22.2
463560,22.8
463620,23.4
463680,22.8
463740,21.6
463800,22.8
463860,22.2
463920,22.4
463980,22.6
464040,21.8
464100,22.8
464160,22.6
464220,22.2
464280,22.8
464340,21.8
464400,21.6
464460,22.2
464520,21.2
464580,23.2
464640,21.0
464700,21.4
464760,21.6
464820,22.6
464880,23.0
464940,20.8
465000,22.2
465060,22.0
465120,22.6
465180,22.0
465240,21.8
465300,22.2
465360,21.8
465420,21.2
465480,22.2
465540,21.6
465600,21.2
465660,20.4
465720,22.0
465780,22.2
465840,22.4
465900,20.8
465960,21.2
466020,22.6
466080,21.4
466140,23.0
466200,20.8
466260,22.0
466320,21.0
466380,21.6
466440,21.8
466500,20.6
466560,21.0
466620,21.0
466680,21.6
466740,23.0
466800,21.2
466860,21.4
466920,21.2
466980,22.8
467040,22.4
467100,23.4
467160,21.4
467220,22.2
467280,22.8
467340,22.0
467400,21.4
467460,20.6
467520,22.4
467580,24.2
467640,22.8
467700,21.0
467760,21.8
467820,21.8
467880,22.2
467940,20.4
468000,23.8
468060,20.8
468120,22.0
468180,21.8
468240,22.8
468300,22.6
468360,23.0
468420,22.4
468480,21.8
468540,22.0
468600,21.6
468660,22.0
468720,22.0
468780,21.6
468840,21.6
468900,22.4
468960,21.2
469020,21.4
469080,22.4
469140,22.0
469200,22.6
469260,21.4
469320,22.2
469380,21.2
469440,21.8
469500,20.8
469560,22.0
469620,22.8
469680,21.6
469740,22.4
469800,21.0
469860,21.0
469920,21.6
469980,22.2
470040,22.4
470100,21.0
470160,22.4
470220,22.4
470280,21.4
470340,21.4
470400,20.6
470460,22.4
470520,22.8
470580,21.2
470640,20.8
470700,22.8
470760,22.4
470820,22.8
470880,23.0
470940,22.8
471000,22.0
471060,21.8
471120,21.6
471180,21.6
471240,22.0
471300,22.8
471360,21.0
471420,21.8
471480,22.4
471540,22.8
471600,22.0
471660,22.0
471720,23.2
471780,23.2
471840,22.8
471900,22.2
471960,21.6
472020,22.2
472080,23.2
472140,22.8
472200,23.2
472260,22.0
472320,21.8
472380,22.2
472440,22.8
472500,21.6
472560,21.6
472620,21.0
472680,22.0
472740,21.4
472800,22.0
472860,22.8
472920,20.8
472980,21.8
473040,23.0
473100,21.6
473160,21.4
473220,22.0
473280,24.4
473340,21.8
473400,23.2
473460,20.8
473520,22.2
473580,22.0
473640,22.4
473700,22.6
473760,23.4
473820,23.0
473880,21.8
473940,22.2
474000,23.4
474060,21.6
474120,22.4
474180,22.8
474240,21.0
474300,21.8
474360,23.0
474420,23.6
474480,22.0
474540,22.0
474600,22.6
474660,22.4
474720,21.2
474780,23.4
474840,22.2
474900,22.0
474960,22.4
475020,22.4
475080,22.4
475140,21.8
475200,21.2
475260,22.2
475320,21.6
475380,23.2
475440,21.8
475500,21.4
475560,22.0
475620,22.2
475680,22.2
475740,21.6
475800,21.2
475860,21.4
475920,22.6
475980,22.0
476040,22.6
476100,22.2
476160,22.6
476220,21.8
476280,22.2
476340,21.8
476400,22.6
476460,21.2
476520,21.6
476580,22.4
476640,23.6
476700,23.0
476760,21.0
476820,22.2
476880,22.4
476940,21.4
477000,23.2
477060,23.6
477120,22.0
477180,22.0
477240,21.8
477300,22.0
477360,22.4
477420,23.0
477480,21.4
477540,21.8
477600,22.2
477660,22.0
477720,22.2
477780,23.2
477840,22.4
477900,22.4
477960,21.2
478020,23.4
478080,22.0
478140,22.4
478200,24.6
478260,22.6
478320,22.8
478380,23.6
478440,22.4
478500,23.4
478560,23.4
478620,22.4
478680,21.8
478740,24.0
478800,22.8
478860,22.2
478920,21.8
478980,21.0
479040,22.4
479100,20.6
479160,21.8
479220,22.4
479280,21.8
479340,22.6
479400,22.0
479460,22.2
479520,22.4
479580,22.8
479640,23.6
479700,22.0
479760,20.6
479820,22.4
479880,22.0
479940,22.8
480000,21.4
480060,21.0
480120,22.8
480180,21.8
480240,22.8
480300,21.4
480360,22.4
480420,22.4
480480,22.6
480540,21.6
480600,21.8
480660,22.0
480720,21.6
480780,21.4
480840,22.4
480900,22.0
480960,22.6
481020,22.2
481080,21.2
481140,21.0
481200,22.6
481260,22.8
481320,22.6
481380,22.0
481440,21.4
481500,20.6
481560,21.0
481620,20.6
481680,21.8
481740,21.0
481800,21.2
481860,20.4
481920,21.8
481980,19.6
482040,19.8
482100,19.6
482160,21.8
482220,20.4
482280,20.4
482340,20.8
482400,21.8
482460,20.6
482520,21.2
482580,20.0
482640,19.8
482700,20.8
482760,21.4
482820,22.4
482880,21.4
482940,21.0
483000,20.8
483060,20.4
483120,21.0
483180,22.2
483240,20.6
483300,21.2
483360,20.4
483420,22.0
483480,21.0
483540,20.4
483600,20.4
483660,21.2
483720,19.8
483780,21.0
483840,22.4
483900,21.4
483960,20.8
484020,21.0
484080,21.8
484140,21.2
484200,20.2
484260,21.0
484320,19.8
484380,22.6
484440,20.8
484500,21.2
484560,20.8
484620,20.6
484680,21.2
484740,21.6
484800,21.4
484860,21.8
484920,21.0
484980,21.0
485040,21.2
485100,23.0
485160,21.2
485220,23.0
485280,22.6
485340,21.8
485400,22.0
485460,21.0
485520,23.2
485580,21.6
485640,22.8
485700,22.4
485760,21.4
485820,22.4
485880,21.8
485940,20.0
486000,20.8
486060,20.8
486120,20.8
486180,20.8
486240,20.8
486300,20.8
486360,21.4
486420,21.2
486480,21.4
486540,18.8
486600,21.4
486660,19.8
486720,21.0
486780,21.0
486840,21.4
486900,20.4
486960,20.4
487020,21.8
487080,20.8
487140,20.4
487200,20.6
487260,21.4
487320,21.6
487380,20.2
487440,21.4
487500,20.8
487560,21.6
487620,20.0
487680,20.6
487740,21.0
487800,20.6
487860,21.0
487920,20.2
487980,20.4
488040,20.4
488100,21.0
488160,19.6
488220,23.0
488280,20.6
488340,21.6
488400,21.0
488460,22.2
488520,21.6
488580,21.6
488640,21.6
488700,21.8
488760,22.0
488820,21.4
488880,21.2
488940,21.4
489000,20.2
489060,21.8
489120,21.2
489180,21.6
489240,20.6
489300,21.6
489360,21.8
489420,21.2
489480,21.0
489540,21.2
489600,22.6
489660,22.0
489720,23.2
489780,20.8
489840,21.8
489900,22.0
489960,20.6
490020,20.4
490080,21.8
490140,21.8
490200,21.4
490260,21.6
490320,21.4
490380,22.0
490440,21.8
490500,21.8
490560,21.6
490620,22.2
490680,20.2
490740,21.6
490800,21.0
490860,21.2
490920,21.6
490980,21.0
491040,21.6
491100,22.4
491160,21.6
491220,18.8
491280,20.8
491340,20.2
491400,23.0
491460,20.0
491520,20.6
491580,20.8
491640,21.6
491700,20.6
491760,21.0
491820,20.6
491880,20.4
491940,20.8
492000,20.6
492060,18.8
492120,22.0
492180,21.2
492240,22.4
492300,20.0
492360,20.6
492420,20.4
492480,20.2
492540,20.8
492600,20.4
492660,19.8
492720,19.6
492780,21.6
492840,20.6
492900,21.4
492960,20.4
493020,20.4
493080,20.6
493140,20.4
493200,21.4
493260,20.4
493320,21.0
493380,20.2
493440,20.2
493500,20.0
493560,21.2
493620,21.6
493680,21.8
493740,22.2
493800,20.6
493860,21.6
493920,20.2
493980,22.4
494040,20.4
494100,21.6
494160,21.4
494220,20.4
494280,21.4
494340,22.0
494400,22.0
494460,22.2
494520,21.4
494580,21.2
494640,21.8
494700,22.6
494760,22.6
494820,23.2
494880,22.6
494940,22.6
495000,22.4
495060,23.0
495120,22.2
495180,22.6
495240,22.8
495300,22.6
495360,21.4
495420,21.8
495480,22.8
495540,22.4
495600,22.6
495660,22.8
495720,22.8
495780,22.0
495840,22.2
495900,22.6
495960,23.0
496020,21.8
496080,22.6
496140,22.4
496200,22.8
496260,23.8
496320,22.2
496380,22.6
496440,23.2
496500,24.0
496560,21.8
496620,23.0
496680,21.8
496740,22.2
496800,21.6
496860,22.0
