#Steps,score
60,0.6
120,1.2
180,1.6
240,1.2
300,0.2
360,1.0
420,1.6
480,2.0
540,0.8
600,0.6
660,1.2
720,1.2
780,0.6
840,2.2
900,1.4
960,0.4
1020,1.2
1080,1.4
1140,1.6
1200,1.4
1260,2.6
1320,0.2
1380,1.0
1440,1.8
1500,1.0
1560,1.8
1620,0.4
1680,0.6
1740,1.2
1800,1.2
1860,2.6
1920,2.0
1980,1.2
2040,1.2
2100,1.8
2160,0.8
2220,1.0
2280,2.0
2340,1.4
2400,1.0
2460,1.2
2520,1.6
2580,1.6
2640,1.4
2700,2.2
2760,0.8
2820,1.0
2880,0.4
2940,0.8
3000,2.4
3060,0.4
3120,1.2
3180,2.0
3240,1.2
3300,1.8
3360,0.6
3420,1.2
3480,0.2
3540,1.2
3600,0.8
3660,1.8
3720,2.0
3780,2.0
3840,2.4
3900,1.2
3960,0.4
4020,1.0
4080,1.8
4140,1.4
4200,0.8
4260,0.8
4320,0.8
4380,0.4
4440,1.2
4500,1.0
4560,0.6
4620,1.4
4680,0.8
4740,1.2
4800,0.6
4860,0.6
4920,1.4
4980,0.4
5040,1.2
5100,2.0
5160,1.0
5220,2.0
5280,1.2
5340,0.8
5400,1.0
5460,1.4
5520,1.2
5580,1.6
5640,1.0
5700,0.4
5760,1.6
5820,1.2
5880,1.8
5940,0.8
6000,0.4
6060,1.6
6120,1.2
6180,1.2
6240,1.6
6300,1.0
6360,1.2
6420,1.6
6480,1.4
6540,0.6
6600,1.2
6660,0.8
6720,0.6
6780,1.0
6840,1.8
6900,2.2
6960,2.0
7020,1.2
7080,1.4
7140,1.2
7200,0.6
7260,0.6
7320,1.2
7380,1.8
7440,1.0
7500,0.4
7560,1.0
7620,1.4
7680,0.8
7740,0.6
7800,1.6
7860,0.0
7920,1.2
7980,1.2
8040,1.0
8100,1.2
8160,1.0
8220,2.2
8280,1.4
8340,1.2
8400,1.8
8460,1.8
8520,1.4
8580,1.0
8640,1.0
8700,2.0
8760,0.8
8820,1.0
8880,2.0
8940,1.4
9000,1.8
9060,1.2
9120,0.4
9180,1.2
9240,1.8
9300,1.8
9360,1.4
9420,2.2
9480,0.6
9540,1.6
9600,2.0
9660,0.8
9720,1.0
9780,1.8
9840,1.2
9900,1.6
9960,2.2
10020,1.6
10080,1.2
10140,1.6
10200,1.2
10260,1.6
10320,1.6
10380,1.2
10440,1.4
10500,1.4
10560,0.8
10620,2.6
10680,2.4
10740,1.2
10800,0.6
10860,1.8
10920,0.8
10980,1.4
11040,1.8
11100,1.0
11160,2.0
11220,1.6
11280,1.0
11340,1.6
11400,0.8
11460,1.4
11520,1.0
11580,1.6
11640,1.8
11700,1.4
11760,1.8
11820,2.0
11880,2.6
11940,2.2
12000,2.0
12060,2.0
12120,2.2
12180,2.0
12240,2.4
12300,2.0
12360,2.6
12420,1.0
12480,1.0
12540,1.4
12600,1.4
12660,1.6
12720,2.0
12780,2.4
12840,2.6
12900,1.8
12960,1.0
13020,1.0
13080,2.8
13140,1.6
13200,2.8
13260,0.8
13320,2.2
13380,1.6
13440,1.2
13500,1.4
13560,1.4
13620,2.0
13680,1.8
13740,1.6
13800,1.8
13860,2.6
13920,3.2
13980,2.2
14040,2.0
14100,2.2
14160,2.6
14220,2.6
14280,2.0
14340,0.6
14400,2.0
14460,2.4
14520,1.4
14580,2.0
14640,2.4
14700,2.4
14760,3.0
14820,2.4
14880,2.2
14940,0.8
15000,2.2
15060,2.4
15120,1.6
15180,3.0
15240,2.8
15300,2.8
15360,2.4
15420,2.8
15480,2.0
15540,3.2
15600,3.0
15660,5.0
15720,3.0
15780,2.4
15840,4.6
15900,2.8
15960,3.2
16020,4.2
16080,4.4
16140,3.6
16200,4.6
16260,3.2
16320,2.8
16380,2.6
16440,2.6
16500,3.2
16560,1.6
16620,3.2
16680,3.2
16740,2.8
16800,2.6
16860,1.8
16920,2.6
16980,3.0
17040,4.0
17100,3.4
17160,3.8
17220,2.4
17280,3.2
17340,4.2
17400,3.4
17460,1.8
17520,3.4
17580,2.8
17640,2.4
17700,3.6
17760,2.8
17820,3.0
17880,2.4
17940,2.6
18000,3.4
18060,2.8
18120,4.0
18180,4.2
18240,2.0
18300,4.2
18360,4.8
18420,3.4
18480,4.0
18540,3.8
18600,4.2
18660,5.0
18720,3.4
18780,4.6
18840,4.8
18900,5.8
18960,4.2
19020,4.0
19080,4.8
19140,4.0
19200,3.4
19260,6.2
19320,2.8
19380,5.0
19440,6.2
19500,5.4
19560,5.6
19620,3.8
19680,6.0
19740,5.6
19800,7.0
19860,5.4
19920,6.4
19980,5.4
20040,5.2
20100,4.6
20160,4.6
20220,3.8
20280,4.2
20340,5.4
20400,4.4
20460,3.4
20520,5.6
20580,4.2
20640,6.0
20700,4.6
20760,5.0
20820,4.0
20880,5.2
20940,5.2
21000,6.2
21060,5.6
21120,3.4
21180,5.8
21240,5.4
21300,5.4
21360,6.2
21420,5.2
21480,5.6
21540,5.6
21600,7.0
21660,5.8
21720,6.4
21780,7.0
21840,4.2
21900,5.4
21960,4.8
22020,6.0
22080,5.6
22140,6.4
22200,6.2
22260,5.8
22320,5.4
22380,5.8
22440,5.4
22500,5.4
22560,7.0
22620,6.6
22680,6.0
22740,6.4
22800,6.0
22860,6.2
22920,6.8
22980,5.6
23040,6.4
23100,5.8
23160,7.6
23220,6.8
23280,6.6
23340,7.2
23400,7.4
23460,8.2
23520,7.2
23580,7.6
23640,7.8
23700,6.8
23760,8.2
23820,8.0
23880,11.0
23940,9.0
24000,10.6
24060,12.6
24120,12.0
24180,13.8
24240,14.6
24300,15.0
24360,15.8
24420,17.4
24480,17.6
24540,18.8
24600,18.4
24660,19.6
24720,18.2
24780,21.6
24840,20.0
24900,21.4
24960,23.4
25020,20.6
25080,22.2
25140,21.2
25200,21.4
25260,19.4
25320,21.4
25380,20.2
25440,21.8
25500,22.6
25560,21.8
25620,20.8
25680,23.6
25740,22.4
25800,22.2
25860,22.2
25920,22.2
25980,21.2
26040,22.2
26100,20.2
26160,22.2
26220,21.4
26280,21.2
26340,21.8
26400,22.4
26460,22.8
26520,23.0
26580,22.6
26640,24.0
26700,23.4
26760,21.4
26820,23.8
26880,22.4
26940,22.0
27000,23.4
27060,23.2
27120,23.2
27180,22.4
27240,22.8
27300,21.2
27360,21.0
27420,20.6
27480,21.2
27540,21.2
27600,21.2
27660,21.8
27720,20.8
27780,21.8
27840,22.8
27900,21.2
27960,19.8
28020,20.8
28080,22.4
28140,20.8
28200,22.2
28260,21.0
28320,22.6
28380,21.2
28440,21.2
28500,20.4
28560,20.2
28620,20.2
28680,19.4
28740,21.2
28800,18.0
28860,18.4
28920,19.2
28980,17.8
29040,19.8
29100,19.0
29160,19.4
29220,20.0
29280,19.0
29340,19.2
29400,19.4
29460,20.6
29520,19.6
29580,19.6
29640,19.8
29700,19.2
29760,20.2
29820,21.0
29880,21.8
29940,21.0
30000,20.4
30060,21.2
30120,22.2
30180,21.4
30240,21.0
30300,21.0
30360,21.4
30420,22.6
30480,21.4
30540,22.0
30600,22.4
30660,21.6
30720,21.8
30780,23.6
30840,23.0
30900,21.4
30960,22.4
31020,22.6
31080,23.8
31140,22.8
31200,22.8
31260,23.8
31320,22.0
31380,23.4
31440,21.4
31500,23.2
31560,22.4
31620,21.8
31680,21.4
31740,22.4
31800,21.6
31860,22.0
31920,22.8
31980,22.4
32040,22.4
32100,22.4
32160,24.4
32220,22.0
32280,22.4
32340,22.2
32400,21.8
32460,22.8
32520,22.6
32580,22.0
32640,23.8
32700,22.4
32760,23.4
32820,22.4
32880,20.8
32940,22.2
33000,22.8
33060,23.4
33120,22.8
33180,23.8
33240,24.2
33300,24.2
33360,23.0
33420,24.0
33480,22.6
33540,23.4
33600,22.4
33660,25.0
33720,23.8
33780,23.0
33840,23.6
33900,22.8
33960,22.6
34020,24.6
34080,23.4
34140,23.6
34200,24.4
34260,23.8
34320,23.4
34380,22.8
34440,23.2
34500,23.4
34560,22.6
34620,22.6
34680,22.0
34740,22.6
34800,22.2
34860,23.4
34920,22.6
34980,21.8
35040,22.8
35100,22.8
35160,23.6
35220,22.6
35280,21.6
35340,22.8
35400,24.0
35460,24.6
35520,22.6
35580,22.6
35640,23.2
35700,23.8
35760,24.6
35820,23.6
35880,24.4
35940,25.0
36000,22.2
36060,23.6
36120,23.4
36180,23.0
36240,21.2
36300,22.8
36360,22.4
36420,22.8
36480,23.2
36540,24.8
36600,24.2
36660,24.6
36720,24.4
36780,24.2
36840,25.2
36900,24.2
36960,25.0
37020,24.6
37080,24.8
37140,23.0
37200,24.0
37260,23.4
37320,24.4
37380,24.2
37440,24.2
37500,23.0
37560,23.6
37620,23.8
37680,24.6
37740,24.0
37800,22.2
37860,23.8
37920,25.0
37980,23.8
38040,24.2
38100,25.2
38160,24.8
38220,23.8
38280,22.6
38340,23.4
38400,24.6
38460,24.4
38520,25.0
38580,23.6
38640,23.4
38700,25.2
38760,23.4
38820,23.2
38880,24.4
38940,23.4
39000,26.0
39060,22.6
39120,25.2
39180,23.8
39240,25.2
39300,24.0
39360,25.4
39420,24.8
39480,24.4
39540,23.8
39600,23.4
39660,24.4
39720,24.2
39780,24.2
39840,24.8
39900,23.4
39960,24.4
40020,24.2
40080,24.0
40140,24.6
40200,23.8
40260,24.0
40320,24.4
40380,23.2
40440,24.8
40500,23.2
40560,23.8
40620,23.4
40680,23.4
40740,24.6
40800,23.8
40860,24.2
40920,22.4
40980,23.2
41040,23.2
41100,23.6
41160,23.6
41220,23.2
41280,24.8
41340,24.8
41400,24.6
41460,23.0
41520,22.6
41580,22.0
41640,23.0
41700,26.2
41760,21.4
41820,24.8
41880,24.4
41940,24.2
42000,24.4
42060,23.2
42120,24.2
42180,24.6
42240,24.6
42300,25.0
42360,25.4
42420,22.2
42480,24.8
42540,23.8
42600,24.0
42660,24.2
42720,24.6
42780,24.2
42840,25.2
42900,24.0
42960,25.2
43020,23.0
43080,22.6
43140,23.6
43200,25.0
43260,24.0
43320,22.4
43380,24.2
43440,23.2
43500,23.8
43560,23.4
43620,24.4
43680,22.8
43740,22.6
43800,24.8
43860,23.0
43920,24.0
43980,23.0
44040,24.4
44100,22.8
44160,25.2
44220,23.4
44280,24.0
44340,24.4
44400,26.0
44460,24.0
44520,22.4
44580,22.6
44640,23.6
44700,23.4
44760,23.6
44820,22.8
44880,22.0
44940,23.0
45000,23.4
45060,24.0
45120,24.2
45180,24.4
45240,24.0
45300,24.4
45360,25.0
45420,23.8
45480,23.2
45540,25.2
45600,24.4
45660,23.8
45720,24.4
45780,24.6
45840,24.2
45900,23.8
45960,25.0
46020,23.6
46080,25.0
46140,22.2
46200,23.8
46260,24.2
46320,24.0
46380,24.2
46440,22.8
46500,23.2
46560,22.6
46620,22.8
46680,23.6
46740,23.2
46800,22.6
46860,23.2
46920,23.8
46980,22.6
47040,23.8
47100,23.4
47160,21.6
47220,22.6
47280,21.8
47340,22.4
47400,23.0
47460,21.6
47520,23.0
47580,23.4
47640,22.8
47700,23.8
47760,21.0
47820,22.2
47880,22.6
47940,23.2
48000,22.8
48060,23.2
48120,23.6
48180,24.0
48240,23.4
48300,22.4
48360,24.0
48420,22.4
48480,21.0
48540,22.8
48600,22.6
48660,24.2
48720,22.6
48780,22.6
48840,22.8
48900,23.2
48960,24.0
49020,23.6
49080,23.6
49140,24.0
49200,23.2
49260,22.6
49320,25.4
49380,25.0
49440,23.6
49500,24.2
49560,23.4
49620,23.6
49680,24.4
49740,24.4
49800,22.6
49860,24.0
49920,23.2
49980,23.8
50040,22.6
50100,25.0
50160,22.4
50220,23.4
50280,24.6
50340,23.4
50400,22.8
50460,23.0
50520,24.0
50580,24.2
50640,24.6
50700,23.8
50760,24.0
50820,23.8
50880,24.8
50940,23.4
51000,23.8
51060,25.0
51120,24.4
51180,23.2
51240,25.2
51300,23.6
51360,25.2
51420,23.6
51480,23.8
51540,24.8
51600,25.2
51660,24.6
51720,24.4
51780,25.4
51840,23.8
51900,25.0
51960,25.4
52020,25.4
52080,23.4
52140,24.0
52200,23.8
52260,23.2
52320,24.0
52380,24.0
52440,24.2
52500,24.2
52560,22.4
52620,23.8
52680,25.0
52740,23.8
52800,25.0
52860,24.8
52920,25.4
52980,24.2
53040,24.8
53100,24.2
53160,24.0
53220,24.2
53280,25.0
53340,23.4
53400,23.4
53460,23.8
53520,25.2
53580,25.2
53640,24.8
53700,24.2
53760,23.6
53820,22.6
53880,23.6
53940,25.6
54000,23.4
54060,23.8
54120,24.2
54180,24.2
54240,24.0
54300,24.8
54360,22.6
54420,24.0
54480,24.6
54540,24.0
54600,25.0
54660,23.4
54720,23.8
54780,23.8
54840,25.2
54900,23.8
54960,24.6
55020,24.4
55080,23.4
55140,24.8
55200,26.0
55260,24.8
55320,23.6
55380,24.2
55440,24.2
55500,24.4
55560,23.2
55620,26.8
55680,23.2
55740,24.4
55800,22.8
55860,23.2
55920,23.8
55980,23.2
56040,25.0
56100,24.8
56160,24.0
56220,22.6
56280,25.4
56340,23.2
56400,23.8
56460,23.8
56520,23.0
56580,23.4
56640,21.4
56700,23.4
56760,23.0
56820,23.8
56880,24.4
56940,23.4
57000,23.6
57060,23.2
57120,22.6
57180,23.8
57240,23.8
57300,23.2
57360,22.8
57420,24.0
57480,24.8
57540,22.8
57600,23.2
57660,22.4
57720,24.0
57780,23.8
57840,22.8
57900,21.2
57960,22.2
58020,23.2
58080,21.4
58140,21.0
58200,23.2
58260,23.0
58320,23.8
58380,23.6
58440,23.4
58500,22.8
58560,23.0
58620,23.6
58680,22.2
58740,24.0
58800,25.0
58860,23.8
58920,23.0
58980,24.8
59040,24.4
59100,25.6
59160,23.6
59220,23.0
59280,23.2
59340,24.4
59400,23.2
59460,23.8
59520,22.8
59580,21.2
59640,22.4
59700,24.0
59760,22.0
59820,23.6
59880,22.8
59940,22.8
60000,22.2
60060,24.0
60120,24.6
60180,23.4
60240,23.2
60300,24.2
60360,24.0
60420,24.0
60480,24.4
60540,25.0
60600,23.4
60660,24.2
60720,23.8
60780,24.0
60840,22.8
60900,23.0
60960,23.0
61020,22.6
61080,24.6
61140,22.8
61200,22.2
61260,21.6
61320,22.2
61380,22.8
61440,23.6
61500,23.2
61560,23.6
61620,22.8
61680,24.8
61740,23.6
61800,22.4
61860,23.0
61920,23.2
61980,22.8
62040,22.6
62100,24.2
62160,23.4
62220,22.2
62280,23.0
62340,23.2
62400,23.2
62460,22.8
62520,21.8
62580,22.2
62640,22.4
62700,23.6
62760,21.6
62820,22.6
62880,22.6
62940,22.0
63000,23.0
63060,23.0
63120,24.2
63180,22.8
63240,22.4
63300,21.0
63360,22.0
63420,22.2
63480,24.0
63540,22.0
63600,23.0
63660,23.6
63720,23.6
63780,22.8
63840,24.4
63900,24.6
63960,23.6
64020,25.2
64080,25.2
64140,25.0
64200,24.2
64260,24.4
64320,24.6
64380,24.4
64440,24.8
64500,24.8
64560,25.0
64620,24.4
64680,25.2
64740,25.8
64800,25.0
64860,26.0
64920,25.6
64980,24.4
65040,25.2
65100,23.6
65160,25.2
65220,24.8
65280,26.4
65340,24.0
65400,24.4
65460,25.2
65520,24.6
65580,25.4
65640,25.8
65700,24.8
65760,24.4
65820,24.0
65880,25.6
65940,25.2
66000,23.4
66060,25.2
66120,23.2
66180,25.2
66240,25.6
66300,23.6
66360,25.0
66420,25.2
66480,26.0
66540,23.8
66600,25.0
66660,26.0
66720,24.2
66780,22.8
66840,24.2
66900,25.2
66960,24.0
67020,25.4
67080,24.4
67140,23.6
67200,25.0
67260,25.4
67320,25.2
67380,24.2
67440,24.0
67500,24.6
67560,24.6
67620,24.0
67680,25.0
67740,24.4
67800,24.0
67860,23.0
67920,22.6
67980,24.4
68040,23.4
68100,25.0
68160,26.0
68220,25.4
68280,26.0
68340,25.0
68400,25.8
68460,26.2
68520,25.0
68580,24.2
68640,24.0
68700,24.2
68760,25.0
68820,25.2
68880,23.6
68940,24.0
69000,25.0
69060,25.6
69120,25.8
69180,25.8
69240,24.8
69300,23.0
69360,25.6
69420,24.4
69480,25.2
69540,25.4
69600,24.2
69660,25.2
69720,26.0
69780,25.4
69840,25.6
69900,23.8
69960,23.4
70020,25.6
70080,23.6
70140,25.8
70200,23.6
70260,25.4
70320,25.6
70380,24.2
70440,24.8
70500,24.2
70560,23.6
70620,24.2
70680,23.6
70740,24.0
70800,24.6
70860,24.8
70920,25.2
70980,24.6
71040,23.6
71100,23.8
71160,24.0
71220,24.4
71280,24.8
71340,25.0
71400,23.8
71460,23.4
71520,22.8
71580,23.2
71640,23.6
71700,23.2
71760,24.2
71820,24.4
71880,23.4
71940,22.8
72000,23.0
72060,23.4
72120,25.4
72180,23.8
72240,24.8
72300,24.0
72360,24.6
72420,23.6
72480,25.6
72540,23.0
72600,23.4
72660,24.8
72720,25.6
72780,23.8
72840,24.4
72900,25.4
72960,24.2
73020,26.2
73080,26.8
73140,25.8
73200,23.8
73260,24.6
73320,25.4
73380,23.0
73440,24.6
73500,23.4
73560,25.4
73620,25.8
73680,23.8
73740,25.8
73800,26.6
73860,24.8
73920,26.0
73980,25.4
74040,24.4
74100,25.4
74160,23.8
74220,26.4
74280,23.0
74340,25.2
74400,25.2
74460,24.8
74520,25.0
74580,25.2
74640,26.2
74700,26.0
74760,25.8
74820,26.2
74880,24.8
74940,23.4
75000,25.0
75060,25.2
75120,25.2
75180,25.6
75240,24.2
75300,23.8
75360,25.6
75420,25.8
75480,25.0
75540,24.4
75600,25.4
75660,23.8
75720,25.0
75780,25.0
75840,25.8
75900,26.0
75960,25.4
76020,24.8
76080,25.0
76140,25.2
76200,25.0
76260,25.0
76320,25.2
76380,25.4
76440,24.8
76500,25.4
76560,25.0
76620,26.0
76680,23.6
76740,25.6
76800,23.0
76860,25.4
76920,23.4
76980,24.6
77040,25.8
77100,25.6
77160,24.8
77220,25.4
77280,25.4
77340,25.0
77400,25.8
77460,27.0
77520,24.6
77580,25.6
77640,24.8
77700,26.6
77760,25.0
77820,25.2
77880,24.0
77940,26.0
78000,26.2
78060,25.2
78120,25.0
78180,24.2
78240,24.2
78300,26.2
78360,25.2
78420,25.2
78480,26.0
78540,26.4
78600,25.0
78660,24.6
78720,24.6
78780,27.0
78840,25.2
78900,24.0
78960,24.8
79020,26.4
79080,25.0
79140,25.0
79200,25.0
79260,24.4
79320,25.8
79380,25.4
79440,25.4
79500,25.6
79560,24.4
79620,24.0
79680,25.6
79740,25.6
79800,25.6
79860,24.8
79920,25.2
79980,25.4
80040,25.4
80100,24.4
80160,25.2
80220,26.0
80280,24.6
80340,26.0
80400,26.0
80460,23.6
80520,24.4
80580,25.2
80640,25.0
80700,24.8
80760,25.0
80820,24.8
80880,25.6
80940,25.4
81000,25.4
81060,23.8
81120,25.4
81180,23.8
81240,25.6
81300,25.0
81360,24.8
81420,23.6
81480,25.4
81540,25.0
81600,22.8
81660,24.8
81720,25.6
81780,25.0
81840,25.0
81900,24.4
81960,24.6
82020,25.0
82080,26.4
82140,25.6
82200,23.4
82260,25.8
82320,26.2
82380,26.4
82440,24.4
82500,24.2
82560,23.6
82620,24.8
82680,24.6
82740,26.0
82800,26.0
82860,24.6
82920,25.2
82980,25.2
83040,24.6
83100,23.4
83160,25.4
83220,24.6
83280,25.0
83340,25.0
83400,25.8
83460,24.2
83520,24.6
83580,25.8
83640,24.8
83700,23.2
83760,26.4
83820,26.4
83880,24.2
83940,26.4
84000,24.2
84060,25.4
84120,26.4
84180,26.2
84240,25.8
84300,26.4
84360,25.6
84420,24.4
84480,25.4
84540,24.4
84600,25.6
84660,24.0
84720,25.6
84780,24.6
84840,25.6
84900,24.2
84960,26.2
85020,24.8
85080,25.0
85140,24.2
85200,24.8
85260,24.4
85320,24.2
85380,24.4
85440,25.8
85500,24.6
85560,25.4
85620,24.4
85680,26.6
85740,23.6
85800,25.0
85860,23.8
85920,25.8
85980,26.4
86040,25.0
86100,25.4
86160,25.2
86220,25.0
86280,24.8
86340,25.0
86400,24.6
86460,24.4
86520,25.2
86580,25.0
86640,25.0
86700,25.2
86760,24.4
86820,25.6
86880,24.4
86940,26.0
87000,25.4
87060,24.2
87120,25.0
87180,25.2
87240,24.8
87300,25.2
87360,25.4
87420,23.4
87480,24.8
87540,24.6
87600,24.6
87660,25.0
87720,24.4
87780,26.0
87840,24.6
87900,24.4
87960,25.0
88020,24.4
88080,25.0
88140,24.8
88200,25.2
88260,25.6
88320,27.0
88380,25.0
88440,26.0
88500,23.8
88560,25.0
88620,25.8
88680,23.8
88740,24.8
88800,24.8
88860,25.8
88920,25.0
88980,24.8
89040,24.6
89100,24.8
89160,24.8
89220,24.8
89280,24.4
89340,26.0
89400,24.6
89460,24.6
89520,24.6
89580,25.6
89640,24.0
89700,24.4
89760,24.8
89820,24.4
89880,24.4
89940,24.2
90000,24.8
90060,24.4
90120,23.8
90180,23.8
90240,26.2
90300,25.6
90360,24.4
90420,24.6
90480,26.8
90540,24.2
90600,24.4
90660,24.4
90720,24.8
90780,24.0
90840,24.0
90900,25.0
90960,24.4
91020,24.0
91080,23.6
91140,23.4
91200,25.0
91260,23.0
91320,22.4
91380,23.8
91440,23.2
91500,23.6
91560,23.6
91620,24.6
91680,24.0
91740,23.2
91800,23.0
91860,23.8
91920,23.8
91980,24.8
92040,24.2
92100,25.0
92160,25.0
92220,24.2
92280,24.0
92340,24.2
92400,23.8
92460,24.0
92520,22.8
92580,23.6
92640,24.0
92700,23.0
92760,24.0
92820,23.8
92880,22.6
92940,24.0
93000,24.6
93060,23.6
93120,24.2
93180,23.8
93240,24.0
93300,26.0
93360,25.8
93420,24.6
93480,23.2
93540,25.0
93600,24.0
93660,24.2
93720,23.4
93780,24.6
93840,23.2
93900,22.6
93960,23.2
94020,22.6
94080,23.8
94140,24.0
94200,23.0
94260,22.6
94320,23.0
94380,24.8
94440,22.8
94500,24.2
94560,23.6
94620,23.6
94680,23.4
94740,23.4
94800,23.6
94860,24.2
94920,23.0
94980,24.0
95040,24.0
95100,24.6
95160,24.8
95220,25.2
95280,24.4
95340,23.0
95400,24.2
95460,23.2
95520,23.2
95580,24.6
95640,23.6
95700,23.6
95760,25.8
95820,23.6
95880,23.2
95940,24.0
96000,21.8
96060,23.6
96120,22.6
96180,23.8
96240,23.0
96300,23.4
96360,23.4
96420,23.2
96480,23.0
96540,25.2
96600,23.0
96660,22.6
96720,23.0
96780,24.4
96840,23.8
96900,23.8
96960,20.8
97020,23.4
97080,23.0
97140,22.6
97200,23.2
97260,24.8
97320,23.4
97380,24.0
97440,22.8
97500,22.0
97560,24.0
97620,24.2
97680,24.0
97740,24.6
97800,22.8
97860,23.0
97920,23.6
97980,23.6
98040,23.2
98100,23.8
98160,22.8
98220,25.4
98280,23.6
98340,25.4
98400,24.2
98460,22.4
98520,23.8
98580,25.2
98640,25.0
98700,24.6
98760,25.6
98820,23.8
98880,23.0
98940,23.6
99000,23.8
99060,24.6
99120,23.8
99180,25.2
99240,24.4
99300,25.0
99360,24.8
99420,23.8
99480,24.2
99540,24.2
99600,24.4
99660,24.4
99720,25.2
99780,25.8
99840,24.2
99900,23.6
99960,24.4
100020,25.4
100080,24.4
100140,25.0
100200,25.2
100260,25.0
100320,24.0
100380,23.8
100440,25.8
100500,24.2
100560,25.4
100620,25.6
100680,26.2
100740,26.0
100800,24.8
100860,25.2
100920,24.4
100980,25.6
101040,25.6
101100,24.2
101160,24.4
101220,24.2
101280,24.6
101340,24.4
101400,26.2
101460,23.2
101520,24.2
101580,23.4
101640,23.8
101700,24.2
101760,24.2
101820,24.2
101880,23.2
101940,23.8
102000,24.4
102060,24.2
102120,23.4
102180,24.6
102240,23.2
102300,24.2
102360,23.8
102420,25.4
102480,26.0
102540,26.0
102600,23.8
102660,25.4
102720,23.8
102780,23.0
102840,24.0
102900,23.8
102960,24.0
103020,23.8
103080,24.2
103140,24.4
103200,24.2
103260,23.6
103320,24.2
103380,22.4
103440,23.0
103500,23.4
103560,24.6
103620,25.6
103680,23.6
103740,23.4
103800,24.6
103860,23.0
103920,23.2
103980,24.6
104040,23.6
104100,23.6
104160,23.2
104220,22.4
104280,23.0
104340,25.0
104400,23.6
104460,23.0
104520,24.0
104580,24.8
104640,24.0
104700,24.4
104760,24.4
104820,23.6
104880,23.8
104940,23.6
105000,23.4
105060,23.4
105120,22.8
105180,23.8
105240,23.4
105300,24.8
105360,23.0
105420,24.4
105480,23.2
105540,23.6
105600,23.4
105660,23.4
105720,24.2
105780,23.8
105840,23.6
105900,24.6
105960,23.8
106020,25.2
106080,24.0
106140,23.6
106200,25.2
106260,25.6
106320,24.0
106380,24.2
106440,24.6
106500,24.0
106560,24.6
106620,24.0
106680,23.2
106740,25.2
106800,24.8
106860,24.8
106920,26.6
106980,24.0
107040,24.0
107100,22.8
107160,25.4
107220,23.6
107280,24.0
107340,23.6
107400,25.0
107460,24.4
107520,24.8
107580,23.6
107640,23.4
107700,23.4
107760,24.2
107820,23.2
107880,21.8
107940,23.6
108000,24.0
108060,23.6
108120,24.2
108180,24.4
108240,23.6
108300,24.4
108360,24.0
108420,23.4
108480,24.6
108540,23.8
108600,23.0
108660,23.2
108720,24.4
108780,23.2
108840,24.0
108900,23.0
108960,23.8
109020,24.2
109080,23.8
109140,23.8
109200,22.8
109260,24.8
109320,24.8
109380,25.4
109440,25.0
109500,25.2
109560,24.0
109620,23.6
109680,24.2
109740,24.4
109800,23.2
109860,23.6
109920,24.2
109980,24.0
110040,24.6
110100,22.4
110160,22.8
110220,24.2
110280,23.2
110340,22.8
110400,24.0
110460,24.2
110520,23.2
110580,24.2
110640,25.0
110700,24.4
110760,24.4
110820,24.4
110880,23.6
110940,25.6
111000,25.6
111060,25.4
111120,23.8
111180,24.4
111240,23.4
111300,24.8
111360,25.2
111420,27.0
111480,24.8
111540,23.8
111600,24.6
111660,24.4
111720,23.0
111780,24.0
111840,25.2
111900,22.6
111960,25.4
112020,25.2
112080,24.8
112140,24.8
112200,24.4
112260,24.8
112320,25.4
112380,25.2
112440,24.6
112500,25.4
112560,27.2
112620,26.0
112680,27.4
112740,24.6
112800,25.6
112860,25.2
112920,27.0
112980,24.8
113040,24.6
113100,25.0
113160,25.6
113220,24.2
113280,24.8
113340,25.4
113400,24.4
113460,24.8
113520,24.6
113580,25.8
113640,25.6
113700,26.2
113760,26.4
113820,24.2
113880,25.6
113940,26.0
114000,24.0
114060,25.0
114120,25.8
114180,24.6
114240,23.8
114300,24.2
114360,25.6
114420,25.4
114480,25.2
114540,25.6
114600,24.8
114660,25.0
114720,25.2
114780,25.2
114840,24.8
114900,25.0
114960,25.0
115020,25.2
115080,25.4
115140,23.6
115200,24.6
115260,24.6
115320,23.6
115380,24.8
115440,25.0
115500,25.0
115560,24.2
115620,25.8
115680,23.8
115740,24.6
115800,23.0
115860,26.0
115920,24.8
115980,25.0
116040,24.4
116100,26.0
116160,25.0
116220,25.4
116280,25.0
116340,23.4
116400,25.2
116460,24.4
116520,24.2
116580,24.4
116640,25.0
116700,24.8
116760,23.4
116820,24.2
116880,26.0
116940,24.0
117000,23.2
117060,23.4
117120,23.6
117180,23.0
117240,23.6
117300,23.8
117360,23.2
117420,24.6
117480,24.2
117540,22.4
117600,23.6
117660,22.0
117720,22.2
117780,22.0
117840,22.8
117900,24.0
117960,22.6
118020,22.2
118080,22.8
118140,22.0
118200,22.0
118260,21.4
118320,21.8
118380,22.2
118440,22.0
118500,22.2
118560,22.2
118620,21.8
118680,22.0
118740,21.2
118800,23.2
118860,21.2
118920,22.6
118980,22.0
119040,21.2
119100,21.0
119160,20.6
119220,21.0
119280,21.8
119340,21.2
119400,21.0
119460,21.4
119520,21.8
119580,21.4
119640,22.4
119700,22.2
119760,23.6
119820,22.4
119880,21.6
119940,22.6
120000,23.0
120060,22.0
120120,25.0
120180,23.2
120240,24.4
120300,23.0
120360,23.8
120420,24.2
120480,22.8
120540,23.6
120600,24.0
120660,25.0
120720,25.0
120780,23.4
120840,24.4
120900,25.0
120960,25.8
121020,25.6
121080,26.2
121140,24.0
121200,23.6
121260,24.6
121320,25.6
121380,25.0
121440,23.6
121500,24.8
121560,26.0
121620,25.4
121680,25.0
121740,24.4
121800,24.8
121860,24.8
121920,24.8
121980,23.6
122040,24.6
122100,25.4
122160,24.6
122220,25.6
122280,24.2
122340,23.8
122400,26.0
122460,25.0
122520,24.2
122580,25.6
122640,24.8
122700,23.0
122760,26.4
122820,24.2
122880,23.6
122940,23.8
123000,24.0
123060,24.0
123120,23.6
123180,23.4
123240,23.8
123300,23.8
123360,23.8
123420,23.4
123480,22.2
123540,23.0
123600,24.0
123660,23.4
123720,22.2
123780,22.8
123840,23.4
123900,22.8
123960,23.4
124020,23.6
124080,23.0
124140,23.0
124200,21.6
124260,22.4
124320,23.4
124380,23.6
124440,22.8
124500,21.4
124560,22.4
124620,22.0
124680,22.6
124740,21.8
124800,22.6
124860,22.8
124920,22.6
124980,25.2
125040,22.6
125100,23.2
125160,22.2
125220,25.6
125280,24.0
125340,24.6
125400,23.8
125460,25.4
125520,25.6
125580,22.6
125640,24.4
125700,23.4
125760,23.2
125820,23.6
125880,23.0
125940,22.6
126000,23.8
126060,22.4
126120,25.4
126180,23.2
126240,23.6
126300,23.0
126360,22.2
126420,23.4
126480,22.6
126540,23.2
126600,23.0
126660,23.2
126720,23.0
126780,23.4
126840,23.6
126900,25.0
126960,24.2
127020,23.6
127080,23.4
127140,22.8
127200,22.4
127260,24.4
127320,25.0
127380,23.2
127440,22.8
127500,23.2
127560,24.0
127620,23.6
127680,23.2
127740,22.4
127800,22.4
127860,22.4
127920,23.2
127980,21.0
128040,24.4
128100,23.2
128160,22.8
128220,22.8
128280,21.2
128340,22.4
128400,24.4
128460,23.4
128520,22.4
128580,22.4
128640,22.2
128700,23.6
128760,22.6
128820,22.8
128880,21.8
128940,21.6
129000,23.0
129060,21.6
129120,22.2
129180,22.2
129240,23.2
129300,23.0
129360,23.2
129420,23.2
129480,23.0
129540,23.8
129600,23.8
129660,23.2
129720,24.2
129780,24.2
129840,23.2
129900,22.4
129960,23.6
130020,23.8
130080,25.0
130140,23.6
130200,23.0
130260,23.4
130320,22.4
130380,26.0
130440,25.4
130500,24.0
130560,25.0
130620,25.0
130680,24.0
130740,23.6
130800,24.4
130860,23.8
130920,25.4
130980,22.8
131040,22.6
131100,24.2
131160,24.4
131220,24.6
131280,23.0
131340,22.2
131400,22.4
131460,24.4
131520,23.6
131580,23.6
131640,22.8
131700,23.0
131760,24.0
131820,22.0
131880,24.4
131940,23.2
132000,22.4
132060,23.4
132120,23.2
132180,23.0
132240,22.2
132300,23.6
132360,23.6
132420,22.2
132480,22.4
132540,22.2
132600,22.0
132660,23.4
132720,22.4
132780,22.4
132840,23.2
132900,22.0
132960,23.2
133020,21.8
133080,22.0
133140,25.2
133200,22.6
133260,23.2
133320,22.8
133380,21.6
133440,23.0
133500,22.8
133560,23.0
133620,23.0
133680,22.2
133740,23.2
133800,22.6
133860,25.2
133920,25.2
133980,22.4
134040,24.4
134100,22.8
134160,23.8
134220,22.0
134280,25.0
134340,22.4
134400,22.8
134460,23.8
134520,22.0
134580,23.6
134640,22.8
134700,22.8
134760,22.8
134820,21.8
134880,23.6
134940,24.0
135000,22.2
135060,22.6
135120,22.8
135180,24.0
135240,23.8
135300,24.0
135360,23.6
135420,23.4
135480,25.2
135540,25.4
135600,24.0
135660,23.6
135720,22.8
135780,22.2
135840,22.2
135900,23.2
135960,24.2
136020,23.8
136080,24.8
136140,24.6
136200,24.8
136260,24.2
136320,22.6
136380,24.4
136440,24.2
136500,23.4
136560,22.8
136620,24.2
136680,25.2
136740,22.6
136800,22.2
136860,23.4
136920,23.2
136980,23.2
137040,23.2
137100,24.8
137160,21.8
137220,22.2
137280,23.4
137340,24.8
137400,24.0
137460,24.6
137520,22.4
137580,23.2
137640,22.8
137700,23.4
137760,24.0
137820,25.0
137880,25.4
137940,23.0
138000,23.0
138060,23.8
138120,23.2
138180,23.4
138240,26.2
138300,25.4
138360,24.2
138420,25.0
138480,22.8
138540,25.0
138600,23.4
138660,23.2
138720,23.4
138780,24.2
138840,25.2
138900,24.6
138960,23.6
139020,24.0
139080,23.2
139140,22.6
139200,22.6
139260,22.2
139320,22.4
139380,23.6
139440,23.2
139500,24.2
139560,24.4
139620,24.2
139680,24.6
139740,23.0
139800,23.4
139860,23.0
139920,25.6
139980,23.4
140040,24.8
140100,22.6
140160,24.2
140220,23.8
140280,23.2
140340,23.2
140400,24.0
140460,23.6
140520,24.0
140580,23.2
140640,23.2
140700,23.2
140760,22.4
140820,23.2
140880,22.8
140940,23.0
141000,23.6
141060,21.6
141120,22.6
141180,22.2
141240,24.0
141300,23.6
141360,22.4
141420,24.0
141480,24.6
141540,22.2
141600,23.8
141660,22.8
141720,23.4
141780,23.2
141840,23.6
141900,23.2
141960,23.8
142020,23.4
142080,24.8
142140,22.8
142200,23.8
142260,23.6
142320,22.8
142380,23.6
142440,23.0
142500,23.4
142560,24.6
142620,23.0
142680,24.8
142740,23.6
142800,26.4
142860,23.2
142920,23.4
142980,22.4
143040,24.0
143100,24.2
143160,24.0
143220,23.0
143280,23.8
143340,23.8
143400,23.0
143460,23.8
143520,23.4
143580,23.2
143640,23.0
143700,24.2
143760,22.4
143820,23.0
143880,23.2
143940,22.2
144000,22.8
144060,25.0
144120,23.6
144180,23.4
144240,23.8
144300,24.0
144360,24.4
144420,23.4
144480,25.0
144540,23.6
144600,24.4
144660,22.6
144720,22.8
144780,24.4
144840,22.6
144900,24.2
144960,23.2
145020,23.4
145080,23.2
145140,23.8
145200,25.0
145260,23.2
145320,23.4
145380,21.6
145440,22.6
145500,22.4
145560,24.0
145620,23.0
145680,24.0
145740,22.2
145800,22.6
145860,22.6
145920,23.8
145980,23.8
146040,23.6
146100,25.6
146160,23.8
146220,23.8
146280,23.6
146340,24.8
146400,24.0
146460,24.4
146520,22.6
146580,23.0
146640,23.0
146700,24.0
146760,24.0
146820,23.0
146880,23.6
146940,22.0
147000,23.2
147060,23.6
147120,23.6
147180,22.8
147240,21.6
147300,21.2
147360,23.8
147420,24.0
147480,23.8
147540,23.4
147600,24.4
147660,23.4
147720,24.8
147780,22.8
147840,22.8
147900,22.2
147960,23.6
148020,23.2
148080,23.6
148140,23.0
148200,22.6
148260,23.4
148320,23.0
148380,21.8
148440,23.4
148500,22.2
148560,22.6
148620,21.6
148680,23.6
148740,22.8
148800,24.0
148860,22.6
148920,23.0
148980,22.8
149040,23.6
149100,23.0
149160,22.4
149220,22.0
149280,23.8
149340,23.0
149400,23.0
149460,22.8
149520,21.4
149580,23.2
149640,22.2
149700,22.0
149760,22.0
149820,23.0
149880,22.8
149940,22.6
150000,23.6
150060,23.8
150120,23.0
150180,22.6
150240,23.6
150300,23.4
150360,23.2
150420,22.4
150480,23.6
150540,23.6
150600,22.8
150660,22.4
150720,25.2
150780,25.0
150840,23.6
150900,25.4
150960,24.2
151020,22.8
151080,23.2
151140,24.0
151200,23.0
151260,23.4
151320,24.2
151380,23.6
151440,23.8
151500,24.8
151560,25.4
151620,25.0
151680,24.4
151740,25.0
151800,24.0
151860,25.2
151920,24.0
151980,24.2
152040,25.0
152100,24.8
152160,24.2
152220,25.2
152280,24.2
152340,25.6
152400,25.4
152460,24.2
152520,24.4
152580,24.8
152640,24.6
152700,22.2
152760,24.6
152820,25.4
152880,23.6
152940,23.6
153000,23.6
153060,23.2
153120,22.2
153180,22.4
153240,23.6
153300,24.0
153360,23.8
153420,24.0
153480,24.0
153540,24.6
153600,25.2
153660,24.6
153720,24.6
153780,24.8
153840,25.2
153900,24.4
153960,24.0
154020,22.2
154080,23.6
154140,24.2
154200,26.0
154260,24.6
154320,24.6
154380,24.0
154440,25.8
154500,24.0
154560,24.4
154620,23.6
154680,24.6
154740,24.2
154800,23.4
154860,24.4
154920,24.6
154980,22.8
155040,24.6
155100,24.6
155160,23.2
155220,23.0
155280,24.0
155340,24.6
155400,23.2
155460,23.4
155520,24.6
155580,24.8
155640,24.8
155700,24.2
155760,23.2
155820,23.0
155880,23.0
155940,24.0
156000,24.2
156060,24.6
156120,25.4
156180,23.8
156240,24.2
156300,23.2
156360,24.0
156420,25.0
156480,24.2
156540,24.0
156600,25.4
156660,25.0
156720,24.8
156780,24.4
156840,24.2
156900,25.8
156960,23.6
157020,25.0
157080,25.2
157140,24.8
157200,24.6
157260,23.6
157320,25.6
157380,24.4
157440,24.2
157500,25.8
157560,23.0
157620,24.8
157680,24.2
157740,23.8
157800,23.8
157860,24.6
157920,24.8
157980,25.8
158040,24.4
158100,25.0
158160,24.6
158220,23.6
158280,23.6
158340,24.4
158400,25.0
158460,24.6
158520,24.2
158580,26.4
158640,23.8
158700,25.0
158760,23.8
158820,24.8
158880,23.4
158940,25.0
159000,23.6
159060,23.0
159120,23.6
159180,23.2
159240,22.4
159300,24.4
159360,22.8
159420,24.0
159480,23.6
159540,23.2
159600,24.0
159660,24.0
159720,23.8
159780,24.2
159840,23.2
159900,23.4
159960,23.8
160020,23.0
160080,24.6
160140,24.4
160200,25.4
160260,23.8
160320,23.4
160380,25.0
160440,23.4
160500,24.8
160560,24.4
160620,23.8
160680,25.2
160740,24.8
160800,23.6
160860,23.6
160920,24.0
160980,25.2
161040,22.6
161100,25.0
161160,23.8
161220,25.2
161280,24.4
161340,23.8
161400,24.6
161460,25.0
161520,23.6
161580,25.8
161640,24.2
161700,23.6
161760,24.8
161820,25.6
161880,24.4
161940,24.8
162000,24.0
162060,23.6
162120,23.6
162180,24.4
162240,25.4
162300,25.2
162360,24.2
162420,25.0
162480,25.0
162540,24.0
162600,24.2
162660,24.2
162720,24.6
162780,25.0
162840,25.6
162900,24.2
162960,25.4
163020,24.8
163080,24.6
163140,24.0
163200,23.2
163260,24.6
163320,24.4
163380,25.2
163440,23.0
163500,24.6
163560,25.4
163620,24.6
163680,24.4
163740,23.8
163800,25.6
163860,25.6
163920,25.6
163980,25.0
164040,24.8
164100,24.4
164160,26.4
164220,25.2
164280,25.6
164340,25.2
164400,24.2
164460,26.0
164520,25.0
164580,23.4
164640,25.6
164700,23.8
164760,26.6
164820,24.0
164880,25.6
164940,24.6
165000,25.2
165060,25.2
165120,26.6
165180,25.6
165240,25.6
165300,25.6
165360,25.6
165420,24.4
165480,25.6
165540,24.0
165600,25.0
165660,23.6
165720,24.6
165780,26.6
165840,26.2
165900,26.0
165960,24.6
166020,24.0
166080,23.8
166140,24.6
166200,25.2
166260,24.4
166320,23.6
166380,22.6
166440,24.0
166500,24.6
166560,24.8
166620,24.2
166680,25.4
166740,24.0
166800,22.8
166860,25.0
166920,24.6
166980,24.8
167040,25.4
167100,25.4
167160,24.2
167220,25.4
167280,23.4
167340,24.2
167400,24.2
167460,24.4
167520,23.2
167580,23.6
167640,24.2
167700,24.4
167760,25.8
167820,25.8
167880,24.2
167940,24.4
168000,25.2
168060,24.4
168120,24.8
168180,24.4
168240,24.0
168300,24.2
168360,25.6
168420,23.8
168480,24.2
168540,25.2
168600,24.2
168660,24.0
168720,24.4
168780,25.4
168840,23.6
168900,24.6
168960,24.8
169020,24.4
169080,24.0
169140,24.8
169200,25.8
169260,25.8
169320,25.4
169380,26.6
169440,24.6
169500,25.0
169560,24.2
169620,25.4
169680,25.6
169740,23.2
169800,25.0
169860,25.8
169920,24.8
169980,24.2
170040,23.2
170100,24.4
170160,25.2
170220,23.2
170280,24.4
170340,25.0
170400,24.6
170460,24.4
170520,25.2
170580,24.8
170640,23.0
170700,23.6
170760,24.4
170820,25.0
170880,25.6
170940,23.4
171000,24.8
171060,25.4
171120,25.0
171180,25.0
171240,25.0
171300,25.8
171360,25.2
171420,26.0
171480,25.4
171540,22.8
171600,25.2
171660,26.8
171720,24.6
171780,24.4
171840,24.0
171900,26.0
171960,25.0
172020,25.6
172080,25.0
172140,24.2
172200,23.6
172260,24.8
172320,24.8
172380,25.0
172440,25.8
172500,26.6
172560,24.4
172620,24.6
172680,22.8
172740,24.4
172800,25.0
172860,24.2
172920,24.2
172980,24.8
173040,25.4
173100,24.4
173160,22.8
173220,24.4
173280,25.0
173340,25.0
173400,25.2
173460,25.4
173520,23.2
173580,24.4
173640,24.4
173700,26.0
173760,24.2
173820,25.6
173880,23.8
173940,24.4
174000,24.0
174060,24.8
174120,25.0
174180,24.4
174240,25.2
174300,25.6
174360,25.4
174420,24.8
174480,24.8
174540,24.6
174600,24.8
174660,25.4
174720,25.4
174780,25.6
174840,25.0
174900,26.4
174960,24.4
175020,26.0
175080,25.2
175140,26.8
175200,24.6
175260,25.2
175320,24.8
175380,25.4
175440,25.4
175500,25.4
175560,25.8
175620,26.2
175680,25.4
175740,24.2
175800,25.6
175860,25.2
175920,26.6
175980,24.2
176040,24.0
176100,25.4
176160,26.0
176220,26.0
176280,25.2
176340,23.8
176400,25.6
176460,26.2
176520,24.4
176580,24.6
176640,25.4
176700,24.6
176760,25.0
176820,24.4
176880,25.6
176940,25.8
177000,24.4
177060,25.0
177120,24.8
177180,23.8
177240,26.0
177300,26.2
177360,25.2
177420,25.2
177480,24.6
177540,25.4
177600,25.0
177660,24.8
177720,25.6
177780,25.8
177840,26.2
177900,24.6
177960,24.0
178020,24.2
178080,26.0
178140,27.4
178200,25.8
178260,25.2
178320,24.6
178380,26.4
178440,24.4
178500,24.6
178560,24.2
178620,25.6
178680,24.2
178740,26.6
178800,25.6
178860,24.2
178920,25.0
178980,25.8
179040,25.2
179100,25.4
179160,24.4
179220,25.8
179280,26.0
179340,26.8
179400,24.4
179460,24.8
179520,25.2
179580,25.2
179640,24.4
179700,24.0
179760,24.4
179820,26.8
179880,26.2
179940,25.0
180000,26.0
180060,25.2
180120,25.4
180180,24.6
180240,25.6
180300,24.8
180360,26.4
180420,23.6
180480,25.0
180540,25.2
180600,24.2
180660,23.8
180720,25.8
180780,24.4
180840,25.2
180900,25.0
180960,24.8
181020,27.2
181080,24.2
181140,26.4
181200,24.8
181260,26.0
181320,24.4
181380,24.0
181440,24.6
181500,25.2
181560,23.6
181620,26.0
181680,24.4
181740,24.0
181800,24.4
181860,24.2
181920,24.8
181980,25.2
182040,25.6
182100,24.8
182160,23.8
182220,24.2
182280,25.6
182340,25.6
182400,26.4
182460,24.4
182520,25.8
182580,25.6
182640,24.4
182700,25.0
182760,24.4
182820,25.4
182880,25.0
182940,26.6
183000,26.0
183060,24.6
183120,25.4
183180,25.2
183240,26.8
183300,25.4
183360,23.0
183420,25.0
183480,25.2
183540,23.2
183600,23.6
183660,25.8
183720,25.2
183780,24.0
183840,24.4
183900,25.6
183960,25.4
184020,24.0
184080,24.4
184140,25.8
184200,25.4
184260,25.2
184320,25.4
184380,24.8
184440,24.4
184500,25.0
184560,25.2
184620,24.8
184680,24.6
184740,25.2
184800,24.6
184860,23.8
184920,24.2
184980,25.4
185040,24.6
185100,25.0
185160,26.0
185220,25.8
185280,25.0
185340,25.8
185400,25.0
185460,25.2
185520,24.2
185580,26.8
185640,23.6
185700,24.4
185760,23.8
185820,23.8
185880,24.2
185940,22.6
186000,24.4
186060,25.6
186120,24.2
186180,23.6
186240,21.8
186300,23.8
186360,24.0
186420,24.6
186480,24.8
186540,24.6
186600,23.4
186660,24.0
186720,23.6
186780,24.4
186840,24.2
186900,26.0
186960,23.4
187020,24.4
187080,25.8
187140,24.6
187200,25.6
187260,25.2
187320,22.4
187380,25.6
187440,24.2
187500,25.2
187560,23.8
187620,23.6
187680,23.2
187740,25.0
187800,24.0
187860,23.4
187920,23.0
187980,23.8
188040,23.2
188100,24.0
188160,25.2
188220,23.4
188280,22.8
188340,22.2
188400,23.2
188460,24.2
188520,24.4
188580,25.6
188640,25.2
188700,23.0
188760,25.0
188820,25.0
188880,23.4
188940,24.2
189000,24.6
189060,24.6
189120,25.0
189180,23.8
189240,26.0
189300,24.0
189360,25.2
189420,24.6
189480,24.6
189540,23.2
189600,24.4
189660,24.8
189720,25.0
189780,24.2
189840,24.2
189900,23.8
189960,25.2
190020,25.2
190080,24.2
190140,25.8
190200,25.8
190260,23.4
190320,24.2
190380,24.2
190440,22.8
190500,24.4
190560,25.6
190620,24.2
190680,25.0
190740,25.0
190800,24.2
190860,24.4
190920,24.8
190980,25.8
191040,25.4
191100,25.2
191160,23.4
191220,23.6
191280,25.8
191340,26.0
191400,24.6
191460,24.0
191520,24.4
191580,24.2
191640,25.4
191700,24.4
191760,23.0
191820,23.8
191880,25.4
191940,25.2
192000,25.0
192060,25.8
192120,24.8
192180,25.2
192240,24.6
192300,23.6
192360,24.2
192420,24.0
192480,25.4
192540,23.4
192600,25.2
192660,25.2
192720,24.8
192780,23.6
192840,24.2
192900,24.0
192960,24.2
193020,24.2
193080,25.2
193140,26.2
193200,24.4
193260,25.2
193320,25.2
193380,25.4
193440,24.8
193500,24.8
193560,25.2
193620,25.2
193680,25.2
193740,26.4
193800,25.0
193860,24.0
193920,24.2
193980,25.2
194040,23.4
194100,26.0
194160,25.0
194220,24.4
194280,25.4
194340,24.0
194400,25.2
194460,25.0
194520,24.4
194580,24.4
194640,25.0
194700,24.4
194760,25.6
194820,25.0
194880,24.0
194940,25.0
195000,26.0
195060,25.6
195120,25.2
195180,23.8
195240,24.0
195300,23.4
195360,24.8
195420,23.6
195480,26.8
195540,23.6
195600,25.4
195660,23.2
195720,24.0
195780,24.4
195840,23.8
195900,22.2
195960,24.8
196020,23.6
196080,25.0
196140,23.4
196200,24.2
196260,25.6
196320,25.8
196380,26.2
196440,23.4
196500,24.4
196560,23.8
196620,23.4
196680,24.2
196740,24.2
196800,24.4
196860,24.8
196920,24.2
196980,24.0
197040,24.2
197100,25.2
197160,22.8
197220,25.2
197280,24.8
197340,24.0
197400,23.6
197460,24.4
197520,24.4
197580,26.4
197640,26.4
197700,25.0
197760,25.2
197820,24.8
197880,23.0
197940,25.8
198000,24.8
198060,25.6
198120,24.0
198180,24.0
198240,24.0
198300,24.4
198360,24.6
198420,25.2
198480,23.8
198540,22.4
198600,24.0
198660,24.4
198720,24.2
198780,25.0
198840,24.2
198900,24.0
198960,24.8
199020,24.8
199080,24.8
199140,24.2
199200,23.4
199260,23.2
199320,23.8
199380,24.2
199440,23.4
199500,22.8
199560,22.8
199620,24.2
199680,22.6
199740,22.2
199800,23.4
199860,22.2
199920,22.4
199980,23.0
200040,22.4
200100,22.8
200160,21.4
200220,22.4
200280,22.6
200340,23.2
200400,23.0
200460,22.2
200520,21.6
200580,23.4
200640,22.8
200700,23.0
200760,23.0
200820,22.6
200880,20.8
200940,22.2
201000,23.0
201060,23.0
201120,22.2
201180,22.4
201240,21.8
201300,22.4
201360,22.6
201420,21.8
201480,21.8
201540,22.0
201600,21.8
201660,23.6
201720,23.0
201780,21.6
201840,23.2
201900,24.2
201960,22.8
202020,22.0
202080,24.6
202140,24.6
202200,24.0
202260,22.6
202320,23.6
202380,22.4
202440,22.8
202500,23.0
202560,23.2
202620,23.6
202680,25.0
202740,24.8
202800,23.8
202860,22.0
202920,23.6
202980,22.2
203040,23.8
203100,22.8
203160,21.6
203220,22.8
203280,23.4
203340,24.4
203400,23.2
203460,22.2
203520,22.4
203580,21.6
203640,22.2
203700,22.2
203760,23.0
203820,22.8
203880,21.6
203940,23.4
204000,22.8
204060,22.4
204120,22.8
204180,23.4
204240,22.6
204300,22.6
204360,22.4
204420,22.8
204480,23.4
204540,24.0
204600,23.6
204660,22.8
204720,23.0
204780,22.6
204840,21.6
204900,24.2
204960,24.6
205020,25.2
205080,23.2
205140,25.0
205200,24.6
205260,23.6
205320,25.4
205380,25.4
205440,23.8
205500,24.2
205560,25.8
205620,24.0
205680,25.2
205740,23.2
205800,24.4
205860,24.8
205920,24.4
205980,24.4
206040,25.0
206100,24.6
206160,23.6
206220,24.6
206280,23.8
206340,24.2
206400,24.4
206460,24.8
206520,24.0
206580,25.6
206640,24.2
206700,23.8
206760,25.2
206820,23.2
206880,24.8
206940,24.2
207000,24.2
207060,24.0
207120,26.8
207180,24.4
207240,24.8
207300,24.2
207360,25.2
207420,23.4
207480,24.0
207540,25.0
207600,23.0
207660,24.2
207720,25.4
207780,23.6
207840,25.0
207900,24.8
207960,25.8
208020,25.4
208080,24.6
208140,25.8
208200,23.4
208260,24.0
208320,24.2
208380,24.4
208440,25.0
208500,24.4
208560,24.0
208620,23.6
208680,24.4
208740,23.6
208800,23.0
208860,23.8
208920,23.6
208980,22.8
209040,24.4
209100,23.8
209160,25.0
209220,23.0
209280,23.4
209340,25.4
209400,23.4
209460,24.2
209520,24.6
209580,24.8
209640,24.6
209700,24.2
209760,24.2
209820,24.4
209880,24.8
209940,23.4
210000,24.2
210060,23.0
210120,24.4
210180,24.4
210240,24.6
210300,23.6
210360,23.6
210420,23.4
210480,24.4
210540,23.0
210600,24.4
210660,23.6
210720,23.8
210780,24.0
210840,23.8
210900,22.6
210960,22.6
211020,23.6
211080,23.0
211140,22.8
211200,24.4
211260,23.2
211320,22.6
211380,24.0
211440,23.6
211500,22.0
211560,24.2
211620,22.4
211680,24.0
211740,22.2
211800,23.8
211860,23.0
211920,22.4
211980,21.4
212040,23.2
212100,22.6
212160,22.0
212220,20.8
212280,23.2
212340,22.8
212400,23.4
212460,24.8
212520,24.6
212580,22.4
212640,24.0
212700,21.8
212760,24.0
212820,24.0
212880,22.0
212940,22.6
213000,23.8
213060,23.4
213120,22.8
213180,23.0
213240,23.6
213300,23.4
213360,22.0
213420,23.0
213480,23.6
213540,22.8
213600,23.8
213660,22.8
213720,21.8
213780,23.4
213840,23.2
213900,22.8
213960,20.8
214020,22.4
214080,23.0
214140,23.6
214200,24.2
214260,24.2
214320,24.2
214380,24.6
214440,24.8
214500,23.0
214560,23.8
214620,23.0
214680,23.2
214740,26.2
214800,25.2
214860,22.6
214920,25.0
214980,25.2
215040,23.8
215100,24.4
215160,23.8
215220,24.2
215280,25.6
215340,24.0
215400,23.8
215460,24.2
215520,26.6
215580,24.8
215640,25.2
215700,23.2
215760,25.6
215820,24.0
215880,25.0
215940,23.2
216000,25.6
216060,24.8
216120,24.2
216180,24.4
216240,24.0
216300,24.2
216360,23.8
216420,24.6
216480,23.0
216540,25.2
216600,23.8
216660,25.0
216720,24.2
216780,23.8
216840,24.8
216900,25.0
216960,25.0
217020,24.2
217080,24.4
217140,25.8
217200,24.0
217260,24.2
217320,25.4
217380,24.8
217440,23.4
217500,25.0
217560,23.2
217620,26.0
217680,25.2
217740,25.2
217800,25.2
217860,23.8
217920,24.2
217980,24.2
218040,25.6
218100,24.6
218160,24.2
218220,24.6
218280,25.6
218340,24.0
218400,24.2
218460,23.6
218520,24.2
218580,22.8
218640,24.4
218700,24.8
218760,24.0
218820,26.2
218880,24.0
218940,24.0
219000,25.0
219060,23.4
219120,25.0
219180,24.8
219240,22.8
219300,24.4
219360,25.4
219420,23.2
219480,23.0
219540,24.8
219600,23.4
219660,23.4
219720,24.2
219780,23.4
219840,24.4
219900,23.2
219960,25.0
220020,23.0
220080,25.8
220140,23.8
220200,23.4
220260,23.8
220320,23.6
220380,23.8
220440,23.0
220500,25.2
220560,24.6
220620,24.2
220680,23.0
220740,22.0
220800,24.6
220860,25.2
220920,24.6
220980,24.4
221040,24.4
221100,24.6
221160,25.0
221220,22.4
221280,23.0
221340,23.6
221400,22.2
221460,22.0
221520,23.2
221580,22.0
221640,21.8
221700,22.2
221760,24.6
221820,23.0
221880,23.2
221940,22.2
222000,22.6
222060,23.2
222120,21.6
222180,21.8
222240,22.8
222300,23.2
222360,22.2
222420,23.4
222480,22.8
222540,23.8
222600,22.8
222660,23.8
222720,23.2
222780,21.2
222840,21.6
222900,22.4
222960,22.0
223020,22.0
223080,21.2
223140,21.2
223200,22.4
223260,20.4
223320,22.2
223380,21.6
223440,20.4
223500,20.6
223560,21.6
223620,21.8
223680,22.4
223740,23.2
223800,21.6
223860,22.2
223920,22.6
223980,22.6
224040,22.8
224100,24.2
224160,23.0
224220,23.4
224280,23.4
224340,25.8
224400,22.6
224460,23.8
224520,23.2
224580,24.8
224640,24.4
224700,24.0
224760,23.6
224820,22.8
224880,23.8
224940,24.0
225000,23.8
225060,22.6
225120,24.0
225180,21.2
225240,23.4
225300,22.0
225360,24.0
225420,24.0
225480,22.4
225540,22.4
225600,22.4
225660,23.6
225720,22.8
225780,22.6
225840,22.2
225900,23.0
225960,22.0
226020,22.6
226080,23.8
226140,24.0
226200,21.8
226260,22.4
226320,23.4
226380,22.4
226440,23.0
226500,23.0
226560,23.2
226620,25.4
226680,23.0
226740,24.0
226800,23.2
226860,24.0
226920,23.4
226980,23.8
227040,23.4
227100,22.2
227160,24.0
227220,24.0
227280,21.2
227340,23.6
227400,23.8
227460,23.4
227520,23.4
227580,23.2
227640,23.8
227700,23.8
227760,24.2
227820,25.2
227880,23.8
227940,23.8
228000,23.4
228060,25.6
228120,24.2
228180,23.8
228240,23.0
228300,23.8
228360,24.4
228420,25.2
228480,25.2
228540,24.6
228600,25.0
228660,23.4
228720,24.4
228780,26.4
228840,24.8
228900,26.0
228960,23.4
229020,23.2
229080,24.4
229140,23.8
229200,23.0
229260,24.4
229320,24.6
229380,23.6
229440,24.2
229500,24.6
229560,23.4
229620,24.8
229680,25.8
229740,24.0
229800,26.6
229860,24.6
229920,25.4
229980,25.0
230040,24.4
230100,24.6
230160,24.4
230220,25.2
230280,26.2
230340,25.0
230400,25.4
230460,25.4
230520,25.6
230580,25.2
230640,26.2
230700,25.8
230760,24.2
230820,25.8
230880,24.0
230940,24.6
231000,26.6
231060,24.2
231120,26.2
231180,24.6
231240,25.2
231300,24.0
231360,24.0
231420,23.6
231480,24.4
231540,24.4
231600,24.8
231660,24.8
231720,22.6
231780,24.6
231840,25.0
231900,24.4
231960,24.6
232020,24.0
232080,24.2
232140,26.0
232200,25.4
232260,24.6
232320,23.8
232380,24.4
232440,25.2
232500,24.2
232560,24.8
232620,24.4
232680,25.8
232740,25.6
232800,24.2
232860,25.4
232920,25.0
232980,24.0
233040,25.8
233100,23.8
233160,23.6
233220,24.2
233280,25.0
233340,24.8
233400,24.0
233460,25.0
233520,23.2
233580,24.0
233640,25.8
233700,22.8
233760,23.8
233820,24.0
233880,23.6
233940,25.0
234000,24.2
234060,24.4
234120,25.6
234180,23.2
234240,24.6
234300,24.6
234360,24.0
234420,24.0
234480,24.6
234540,23.8
234600,24.6
234660,23.4
234720,24.2
234780,23.8
234840,24.6
234900,24.4
234960,24.2
235020,24.0
235080,24.2
235140,25.6
235200,23.8
235260,23.8
235320,23.8
235380,24.6
235440,24.4
235500,24.8
235560,23.0
235620,24.6
235680,25.8
235740,25.4
235800,24.6
235860,26.6
235920,23.4
235980,25.8
236040,24.4
236100,25.2
236160,23.8
236220,23.2
236280,24.0
236340,24.4
236400,26.2
236460,24.4
236520,23.2
236580,24.2
236640,23.4
236700,24.0
236760,25.0
236820,25.6
236880,23.0
236940,24.0
237000,23.6
237060,24.0
237120,23.8
237180,22.4
237240,23.0
237300,23.8
237360,24.8
237420,25.4
237480,25.6
237540,24.2
237600,25.2
237660,24.8
237720,24.0
237780,24.8
237840,25.0
237900,24.8
237960,25.8
238020,24.0
238080,26.2
238140,24.8
238200,25.2
238260,24.4
238320,25.0
238380,24.2
238440,23.0
238500,24.2
238560,24.8
238620,25.4
238680,23.6
238740,24.6
238800,24.6
238860,22.8
238920,24.0
238980,24.8
239040,24.0
239100,25.8
239160,25.0
239220,24.2
239280,25.8
239340,25.0
239400,25.4
239460,24.8
239520,24.4
239580,24.6
239640,25.2
239700,24.2
239760,26.0
239820,23.8
239880,26.8
239940,25.4
240000,24.4
240060,25.4
240120,24.4
240180,26.0
240240,25.2
240300,27.0
240360,25.6
240420,25.4
240480,26.2
240540,26.2
240600,26.2
240660,25.0
240720,25.4
240780,24.6
240840,24.0
240900,25.2
240960,24.4
241020,25.6
241080,25.8
241140,26.2
241200,25.8
241260,25.0
241320,23.4
241380,23.8
241440,25.2
241500,25.6
241560,26.0
241620,25.6
241680,25.4
241740,25.0
241800,24.6
241860,25.6
241920,25.8
241980,23.2
242040,24.6
242100,24.2
242160,25.6
242220,22.0
242280,25.0
242340,24.0
242400,24.4
242460,23.8
242520,23.8
242580,22.2
242640,23.0
242700,24.0
242760,24.2
242820,23.0
242880,24.0
242940,24.2
243000,21.6
243060,24.6
243120,23.8
243180,23.4
243240,24.4
243300,23.6
243360,23.0
243420,23.8
243480,23.6
243540,24.8
243600,24.2
243660,24.4
243720,25.4
243780,25.0
243840,24.4
243900,24.8
243960,24.2
244020,25.2
244080,24.4
244140,23.4
244200,24.0
244260,24.4
244320,23.6
244380,22.6
244440,24.8
244500,23.4
244560,23.8
244620,23.4
244680,23.8
244740,24.8
244800,23.2
244860,24.8
244920,22.4
244980,23.0
245040,24.4
245100,23.8
245160,23.2
245220,23.4
245280,22.2
245340,22.2
245400,23.0
245460,22.0
245520,22.6
245580,21.4
245640,22.2
245700,21.4
245760,22.8
245820,23.2
245880,23.4
245940,20.8
246000,22.2
246060,20.6
246120,22.6
246180,21.8
246240,22.0
246300,22.2
246360,21.8
246420,22.6
246480,24.0
246540,22.6
246600,22.8
246660,23.0
246720,22.4
246780,21.6
246840,22.6
246900,22.2
246960,23.2
247020,21.6
247080,22.4
247140,22.8
247200,22.0
247260,24.0
247320,22.2
247380,22.6
247440,24.6
247500,23.0
247560,23.8
247620,23.6
247680,22.8
247740,23.6
247800,24.2
247860,23.4
247920,23.2
247980,23.6
248040,23.6
248100,25.2
248160,23.8
248220,21.4
248280,22.4
248340,23.2
248400,24.0
248460,23.6
248520,24.8
248580,24.4
248640,23.0
248700,23.4
248760,25.2
248820,24.0
248880,23.4
248940,23.2
249000,24.8
249060,23.6
249120,22.4
249180,23.0
249240,23.0
249300,23.6
249360,23.4
249420,24.4
249480,24.6
249540,24.0
249600,24.4
249660,22.4
249720,23.8
249780,24.4
249840,23.0
249900,23.4
249960,23.8
250020,23.4
250080,24.6
250140,23.6
250200,24.0
250260,22.8
250320,24.8
250380,23.8
250440,23.8
250500,22.0
250560,24.4
250620,24.4
250680,23.8
250740,24.0
250800,25.2
250860,24.0
250920,24.4
250980,25.0
251040,24.4
251100,26.4
251160,23.0
251220,23.8
251280,25.6
251340,26.4
251400,25.0
251460,23.4
251520,23.6
251580,23.4
251640,24.6
251700,25.4
251760,23.8
251820,24.0
251880,25.0
251940,23.6
252000,24.2
252060,25.0
252120,25.6
252180,25.2
252240,23.6
252300,25.0
252360,24.0
252420,24.0
252480,24.4
252540,23.0
252600,24.0
252660,25.2
252720,23.2
252780,23.4
252840,25.0
252900,24.8
252960,24.8
253020,24.6
253080,24.6
253140,23.6
253200,25.0
253260,23.6
253320,24.6
253380,24.2
253440,23.8
253500,26.0
253560,23.4
253620,26.0
253680,23.6
253740,26.2
253800,24.0
253860,23.8
253920,23.8
253980,23.0
254040,24.2
254100,25.8
254160,24.8
254220,24.2
254280,24.8
254340,24.4
254400,23.0
254460,24.6
254520,24.8
254580,24.4
254640,24.4
254700,24.8
254760,25.0
254820,25.2
254880,26.6
254940,24.4
255000,24.6
255060,24.2
255120,25.0
255180,23.4
255240,24.8
255300,24.4
255360,25.2
255420,22.2
255480,25.6
255540,25.6
255600,24.8
255660,24.8
255720,24.2
255780,24.8
255840,24.2
255900,24.2
255960,25.6
256020,24.0
256080,25.0
256140,25.0
256200,26.0
256260,25.2
256320,25.4
256380,24.8
256440,23.8
256500,24.8
256560,24.4
256620,25.6
256680,24.2
256740,25.2
256800,24.4
256860,24.8
256920,24.6
256980,26.0
257040,24.0
257100,24.0
257160,25.6
257220,25.0
257280,22.8
257340,24.6
257400,23.4
257460,26.2
257520,24.6
257580,24.4
257640,26.2
257700,23.6
257760,24.6
257820,24.8
257880,23.8
257940,24.6
258000,23.6
258060,23.6
258120,23.4
258180,24.2
258240,24.2
258300,24.4
258360,24.6
258420,24.4
258480,23.6
258540,22.8
258600,24.8
258660,25.6
258720,24.4
258780,23.2
258840,23.8
258900,24.6
258960,22.6
259020,24.0
259080,23.6
259140,23.4
259200,24.6
259260,24.6
259320,24.6
259380,23.2
259440,24.6
259500,23.6
259560,25.2
259620,25.6
259680,25.2
259740,24.4
259800,24.4
259860,24.8
259920,25.4
259980,24.4
260040,24.6
260100,22.6
260160,24.0
260220,23.6
260280,24.4
260340,23.8
260400,24.6
260460,24.6
260520,23.6
260580,23.6
260640,24.2
260700,23.4
260760,23.4
260820,24.4
260880,22.8
260940,24.6
261000,23.0
261060,24.4
261120,23.2
261180,24.2
261240,24.2
261300,22.8
261360,26.4
261420,22.8
261480,24.8
261540,24.2
261600,25.0
261660,24.2
261720,24.2
261780,23.0
261840,26.0
261900,25.6
261960,23.0
262020,22.8
262080,23.4
262140,25.4
262200,23.2
262260,24.4
262320,24.0
262380,22.8
262440,21.6
262500,23.2
262560,23.4
262620,24.2
262680,25.6
262740,24.2
262800,23.8
262860,23.6
262920,23.2
262980,24.2
263040,23.8
263100,24.4
263160,25.2
263220,24.6
263280,23.4
263340,23.6
263400,24.0
263460,25.8
263520,25.4
263580,25.2
263640,24.0
263700,24.6
263760,25.0
263820,23.4
263880,24.0
263940,25.0
264000,22.0
264060,23.8
264120,24.0
264180,22.4
264240,22.8
264300,22.8
264360,23.2
264420,24.0
264480,23.2
264540,23.4
264600,23.6
264660,24.8
264720,23.2
264780,25.4
264840,25.8
264900,25.0
264960,23.4
265020,25.6
265080,23.6
265140,23.4
265200,23.8
265260,22.6
265320,22.4
265380,24.0
265440,23.2
265500,25.4
265560,24.4
265620,22.8
265680,24.0
265740,22.8
265800,24.4
265860,23.4
265920,21.4
265980,23.0
266040,24.6
266100,24.6
266160,24.4
266220,24.8
266280,25.8
266340,23.0
266400,22.6
266460,22.6
266520,24.6
266580,23.2
266640,21.6
266700,23.2
266760,24.4
266820,23.0
266880,21.2
266940,23.8
267000,24.4
267060,23.8
267120,23.8
267180,25.0
267240,26.4
267300,25.6
267360,24.0
267420,24.8
267480,23.8
267540,24.8
267600,23.6
267660,25.2
267720,25.6
267780,23.8
267840,24.4
267900,24.6
267960,23.8
268020,22.8
268080,22.8
268140,25.2
268200,24.6
268260,24.0
268320,24.2
268380,24.4
268440,24.6
268500,25.0
268560,23.6
268620,23.8
268680,25.6
268740,23.2
268800,23.8
268860,24.4
268920,23.8
268980,23.4
269040,25.2
269100,24.8
269160,25.2
269220,24.8
269280,23.8
269340,24.2
269400,24.4
269460,25.4
269520,23.8
269580,25.6
269640,24.4
269700,24.6
269760,23.6
269820,24.0
269880,25.0
269940,23.8
270000,24.2
270060,22.8
270120,24.8
270180,23.8
270240,24.8
270300,24.6
270360,24.4
270420,24.6
270480,25.0
270540,25.6
270600,24.8
270660,24.8
270720,26.4
270780,23.0
270840,24.8
270900,25.2
270960,24.2
271020,24.0
271080,25.0
271140,24.2
271200,23.2
271260,24.0
271320,24.2
271380,23.0
271440,23.0
271500,22.0
271560,23.4
271620,23.4
271680,24.0
271740,21.8
271800,23.8
271860,24.0
271920,23.6
271980,23.2
272040,21.6
272100,22.2
272160,22.6
272220,22.6
272280,21.4
272340,24.0
272400,22.2
272460,23.4
272520,22.6
272580,22.0
272640,23.8
272700,22.8
272760,21.4
272820,23.0
272880,23.0
272940,21.8
273000,23.2
273060,22.2
273120,25.0
273180,24.0
273240,23.4
273300,21.0
273360,23.2
273420,25.2
273480,24.0
273540,22.6
273600,24.8
273660,24.0
273720,24.0
273780,25.4
273840,23.6
273900,23.0
273960,23.6
274020,25.2
274080,25.0
274140,24.0
274200,24.6
274260,23.8
274320,23.8
274380,24.2
274440,23.8
274500,25.0
274560,24.0
274620,25.8
274680,24.2
274740,24.2
274800,23.4
274860,27.0
274920,25.2
274980,24.4
275040,26.2
275100,25.0
275160,24.8
275220,25.2
275280,25.2
275340,26.0
275400,25.4
275460,25.8
275520,26.2
275580,24.4
275640,24.8
275700,24.2
275760,25.2
275820,23.8
275880,23.8
275940,24.0
276000,25.4
276060,24.4
276120,24.0
276180,23.2
276240,22.0
276300,23.4
276360,24.2
276420,24.0
276480,24.8
276540,22.8
276600,23.2
276660,25.6
276720,24.0
276780,23.2
276840,25.4
276900,24.0
276960,23.8
277020,25.0
277080,24.6
277140,23.2
277200,23.6
277260,24.0
277320,23.0
277380,23.8
277440,23.4
277500,24.8
277560,24.0
277620,25.4
277680,24.2
277740,23.4
277800,22.8
277860,24.2
277920,23.6
277980,24.0
278040,22.8
278100,24.0
278160,24.4
278220,23.8
278280,22.8
278340,25.0
278400,24.4
278460,23.2
278520,21.8
278580,22.4
278640,24.2
278700,23.6
278760,24.6
278820,25.0
278880,24.4
278940,24.2
279000,25.0
279060,23.6
279120,23.8
279180,25.6
279240,23.8
279300,24.8
279360,23.8
279420,25.6
279480,22.8
279540,22.8
279600,23.2
279660,25.0
279720,25.0
279780,24.2
279840,23.2
279900,25.6
279960,24.8
280020,24.2
280080,25.2
280140,25.4
280200,24.0
280260,23.6
280320,23.8
280380,23.2
280440,24.0
280500,25.6
280560,24.2
280620,24.4
280680,24.6
280740,25.0
280800,22.6
280860,25.6
280920,23.8
280980,24.2
281040,24.2
281100,24.0
281160,24.6
281220,24.4
281280,23.0
281340,24.8
281400,24.0
281460,24.0
281520,22.6
281580,24.2
281640,24.2
281700,24.0
281760,24.8
281820,25.0
281880,23.6
281940,24.2
282000,23.6
282060,23.8
282120,25.6
282180,24.2
282240,25.0
282300,23.6
282360,24.6
282420,25.0
282480,25.0
282540,23.8
282600,24.0
282660,24.8
282720,24.2
282780,25.0
282840,23.4
282900,26.0
282960,24.0
283020,25.4
283080,25.0
283140,23.6
283200,24.0
283260,24.4
283320,25.4
283380,25.2
283440,24.8
283500,23.2
283560,23.4
283620,24.4
283680,23.4
283740,24.6
283800,25.2
283860,25.2
283920,24.4
283980,24.8
284040,24.0
284100,23.0
284160,24.8
284220,24.4
284280,24.8
284340,25.2
284400,23.6
284460,24.4
284520,25.2
284580,24.2
284640,24.4
284700,25.0
284760,23.8
284820,23.4
284880,24.8
284940,23.4
285000,23.8
285060,23.0
285120,23.4
285180,23.6
285240,23.4
285300,22.6
285360,23.4
285420,23.2
285480,23.2
285540,23.2
285600,23.6
285660,23.8
285720,21.2
285780,24.6
285840,23.8
285900,23.0
285960,22.2
286020,24.4
286080,24.2
286140,24.2
286200,23.8
286260,23.8
286320,22.0
286380,25.0
286440,24.4
286500,23.8
286560,25.0
286620,23.8
286680,22.8
286740,23.6
286800,24.0
286860,22.6
286920,23.6
286980,22.4
287040,23.6
287100,23.0
287160,22.0
287220,23.0
287280,25.8
287340,23.4
287400,22.0
287460,23.4
287520,23.2
287580,24.4
287640,24.4
287700,25.0
287760,22.0
287820,24.4
287880,25.2
287940,25.0
288000,25.0
288060,24.2
288120,23.0
288180,24.0
288240,23.6
288300,22.6
288360,23.4
288420,22.2
288480,23.8
288540,22.6
288600,23.4
288660,22.2
288720,22.4
288780,23.8
288840,23.8
288900,24.0
288960,23.0
289020,25.6
289080,23.8
289140,24.0
289200,23.6
289260,24.4
289320,24.6
289380,24.2
289440,24.2
289500,23.0
289560,23.0
289620,24.0
289680,22.8
289740,24.8
289800,23.4
289860,23.8
289920,24.4
289980,25.2
290040,22.8
290100,24.2
290160,25.0
290220,25.0
290280,24.2
290340,23.0
290400,23.2
290460,24.0
290520,23.0
290580,24.6
290640,23.4
290700,23.8
290760,23.0
290820,22.4
290880,22.8
290940,23.0
291000,23.4
291060,23.6
291120,23.6
291180,23.6
291240,23.4
291300,23.6
291360,23.8
291420,23.8
291480,24.2
291540,23.6
291600,22.4
291660,24.8
291720,23.8
291780,25.2
291840,22.6
291900,23.8
291960,22.6
292020,23.4
292080,25.2
292140,24.6
292200,22.8
292260,23.4
292320,24.2
292380,24.4
292440,22.8
292500,23.4
292560,25.0
292620,23.6
292680,23.0
292740,23.6
292800,26.6
292860,24.0
292920,24.6
292980,25.2
293040,24.6
293100,24.0
293160,22.4
293220,23.4
293280,25.6
293340,23.0
293400,23.2
293460,24.0
293520,24.4
293580,23.4
293640,22.4
293700,23.8
293760,24.6
293820,24.2
293880,24.4
293940,23.0
294000,24.2
294060,24.2
294120,24.6
294180,24.4
294240,23.0
294300,24.6
294360,24.0
294420,22.8
294480,24.0
294540,23.0
294600,23.8
294660,24.6
294720,23.0
294780,23.0
294840,23.6
294900,24.6
294960,23.6
295020,22.2
295080,25.4
295140,24.0
295200,24.8
295260,24.2
295320,22.8
295380,24.0
295440,23.0
295500,24.4
295560,23.8
295620,23.2
295680,24.0
295740,23.4
295800,23.6
295860,24.4
295920,23.4
295980,23.6
296040,23.0
296100,23.6
296160,24.4
296220,24.8
296280,24.8
296340,23.6
296400,24.2
296460,23.2
296520,23.0
296580,22.2
296640,25.0
296700,24.4
296760,24.4
296820,24.8
296880,26.8
296940,24.6
297000,24.8
297060,23.8
297120,25.4
297180,24.2
297240,26.0
297300,24.8
297360,24.8
297420,25.0
297480,24.4
297540,25.8
297600,25.4
297660,23.2
297720,24.6
297780,25.2
297840,24.4
297900,25.4
297960,24.4
298020,26.0
298080,24.6
298140,24.8
298200,24.6
298260,24.0
298320,25.8
298380,24.8
298440,23.6
298500,26.6
298560,24.2
298620,24.8
298680,24.2
298740,24.8
298800,25.0
298860,25.0
298920,24.6
298980,25.0
299040,25.8
299100,24.8
299160,25.0
299220,24.6
299280,26.2
299340,24.4
299400,23.8
299460,24.4
299520,24.0
299580,25.2
299640,24.8
299700,26.0
299760,24.8
299820,24.4
299880,25.6
299940,24.4
300000,24.4
300060,24.8
300120,24.6
300180,23.2
300240,24.4
300300,25.8
300360,25.4
300420,25.2
300480,24.4
300540,24.2
300600,23.4
300660,23.4
300720,25.2
300780,25.0
300840,24.2
300900,23.8
300960,23.4
301020,23.4
301080,23.0
301140,25.6
301200,23.4
301260,24.4
301320,24.4
301380,22.6
301440,24.8
301500,24.2
301560,23.4
301620,24.8
301680,23.6
301740,23.4
301800,26.0
301860,24.2
301920,24.2
301980,23.2
302040,23.8
302100,22.0
302160,23.8
302220,23.8
302280,25.0
302340,24.4
302400,22.8
302460,25.6
302520,25.0
302580,23.4
302640,23.4
302700,22.4
302760,23.2
302820,24.4
302880,24.4
302940,24.8
303000,24.2
303060,25.0
303120,23.8
303180,24.0
303240,25.6
303300,24.0
303360,24.8
303420,24.6
303480,23.8
303540,24.0
303600,24.6
303660,23.8
303720,23.8
303780,24.2
303840,24.8
303900,22.6
303960,23.0
304020,24.4
304080,23.8
304140,23.2
304200,23.6
304260,23.6
304320,22.8
304380,22.6
304440,23.8
304500,20.4
304560,24.0
304620,22.6
304680,22.6
304740,21.8
304800,21.8
304860,22.6
304920,23.4
304980,23.0
305040,22.6
305100,22.4
305160,23.6
305220,22.0
305280,24.4
305340,23.4
305400,22.6
305460,24.4
305520,22.6
305580,24.2
305640,25.6
305700,25.0
305760,23.4
305820,23.8
305880,24.4
305940,23.4
306000,24.4
306060,23.4
306120,22.8
306180,24.2
306240,23.6
306300,25.6
306360,24.4
306420,24.0
306480,23.4
306540,23.6
306600,22.8
306660,24.6
306720,24.8
306780,26.6
306840,23.8
306900,24.0
306960,23.4
307020,24.0
307080,25.0
307140,23.2
307200,24.4
307260,23.6
307320,24.6
307380,24.2
307440,25.0
307500,25.0
307560,25.0
307620,25.8
307680,27.0
307740,24.6
307800,25.6
307860,25.8
307920,24.4
307980,25.8
308040,24.2
308100,25.6
308160,25.0
308220,24.4
308280,24.4
308340,23.6
308400,25.8
308460,23.2
308520,24.2
308580,23.8
308640,24.2
308700,25.0
308760,23.8
308820,25.0
308880,22.8
308940,25.4
309000,23.4
309060,25.4
309120,25.4
309180,25.0
309240,24.8
309300,24.8
309360,24.6
309420,25.8
309480,25.8
309540,24.2
309600,25.2
309660,23.4
309720,24.0
309780,24.4
309840,25.4
309900,24.4
309960,25.0
310020,24.0
310080,24.0
310140,26.2
310200,23.6
310260,24.2
310320,24.4
310380,24.2
310440,24.2
310500,25.0
310560,24.8
310620,24.6
310680,27.0
310740,23.8
310800,24.8
310860,23.6
310920,25.4
310980,26.0
311040,25.0
311100,25.4
311160,25.0
311220,25.6
311280,25.6
311340,24.6
311400,25.6
311460,24.6
311520,25.4
311580,25.4
311640,24.2
311700,24.0
311760,26.0
311820,24.4
311880,25.2
311940,25.0
312000,25.4
312060,25.0
312120,25.2
312180,25.0
312240,24.2
312300,24.8
312360,23.8
312420,27.0
312480,27.2
312540,24.4
312600,25.0
312660,24.8
312720,24.4
312780,24.4
312840,24.2
312900,26.6
312960,24.4
313020,24.6
313080,23.6
313140,23.2
313200,23.4
313260,26.0
313320,24.4
313380,25.8
313440,24.4
313500,25.6
313560,25.6
313620,25.0
313680,24.4
313740,25.4
313800,24.2
313860,24.0
313920,24.4
313980,24.4
314040,25.0
314100,26.2
314160,24.0
314220,24.0
314280,24.4
314340,25.8
314400,24.6
314460,23.4
314520,25.4
314580,24.4
314640,24.0
314700,24.8
314760,22.6
314820,24.2
314880,24.4
314940,23.4
315000,23.2
315060,24.2
315120,24.8
315180,24.2
315240,22.6
315300,23.8
315360,24.2
315420,23.6
315480,24.2
315540,23.4
315600,22.4
315660,24.2
315720,22.8
315780,23.8
315840,23.4
315900,23.4
315960,25.0
316020,24.4
316080,21.6
316140,23.8
316200,22.8
316260,23.2
316320,23.0
316380,22.2
316440,24.0
316500,23.2
316560,22.6
316620,23.6
316680,24.2
316740,24.6
316800,23.4
316860,22.6
316920,23.4
316980,23.4
317040,25.4
317100,24.4
317160,24.6
317220,23.4
317280,24.8
317340,25.4
317400,25.0
317460,23.4
317520,24.0
317580,22.8
317640,24.6
317700,23.6
317760,24.2
317820,23.6
317880,24.2
317940,23.2
318000,23.0
318060,24.4
318120,24.4
318180,25.6
318240,24.6
318300,25.0
318360,24.4
318420,24.6
318480,24.4
318540,24.6
318600,23.6
318660,24.2
318720,26.4
318780,23.4
318840,23.6
318900,23.8
318960,23.2
319020,23.8
319080,23.2
319140,24.0
319200,24.0
319260,25.6
319320,23.0
319380,25.0
319440,24.4
319500,23.2
319560,24.2
319620,24.0
319680,23.0
319740,25.8
319800,25.4
319860,24.8
319920,23.2
319980,25.2
320040,25.0
320100,24.4
320160,24.8
320220,24.8
320280,24.8
320340,25.8
320400,24.2
320460,25.0
320520,25.8
320580,25.2
320640,24.4
320700,24.6
320760,26.0
320820,25.4
320880,24.4
320940,24.4
321000,26.0
321060,24.4
321120,25.4
321180,24.2
321240,24.0
321300,24.4
321360,25.2
321420,25.2
321480,24.4
321540,25.6
321600,24.0
321660,25.6
321720,26.4
321780,25.4
321840,24.8
321900,24.2
321960,24.6
322020,26.2
322080,25.2
322140,25.0
322200,24.2
322260,25.2
322320,25.4
322380,25.4
322440,26.2
322500,26.2
322560,24.4
322620,24.0
322680,26.6
322740,26.4
322800,26.0
322860,24.4
322920,26.4
322980,25.6
323040,25.2
323100,24.2
323160,25.6
323220,26.4
323280,25.8
323340,27.2
323400,26.2
323460,25.8
323520,24.6
323580,25.4
323640,25.0
323700,25.8
323760,25.0
323820,26.8
323880,26.2
323940,24.8
324000,25.2
324060,26.0
324120,25.2
324180,25.4
324240,24.8
324300,24.6
324360,25.2
324420,24.6
324480,25.0
324540,25.0
324600,24.6
324660,24.8
324720,23.8
324780,25.2
324840,23.8
324900,25.0
324960,24.0
325020,23.6
325080,25.6
325140,24.6
325200,25.4
325260,24.6
325320,25.4
325380,25.8
325440,23.8
325500,23.8
325560,24.0
325620,24.0
325680,25.4
325740,25.4
325800,25.8
325860,24.6
325920,24.0
325980,23.4
326040,25.2
326100,25.8
326160,24.0
326220,24.8
326280,24.2
326340,25.6
326400,23.2
326460,23.4
326520,24.4
326580,24.8
326640,25.0
326700,23.8
326760,25.6
326820,25.4
326880,24.8
326940,23.2
327000,24.6
327060,25.2
327120,23.4
327180,26.4
327240,24.0
327300,25.2
327360,24.8
327420,23.8
327480,23.6
327540,23.6
327600,25.2
327660,24.6
327720,25.2
327780,24.6
327840,24.6
327900,24.4
327960,24.6
328020,24.4
328080,25.0
328140,25.2
328200,26.6
328260,25.8
328320,25.0
328380,25.0
328440,23.4
328500,23.6
328560,25.0
328620,23.6
328680,24.2
328740,25.6
328800,24.2
328860,24.0
328920,24.2
328980,22.4
329040,24.0
329100,24.8
329160,23.8
329220,24.2
329280,24.0
329340,24.6
329400,22.2
329460,22.0
329520,23.6
329580,23.6
329640,23.6
329700,23.8
329760,22.6
329820,24.4
329880,23.2
329940,24.6
330000,24.4
330060,22.2
330120,24.8
330180,24.8
330240,24.4
330300,24.2
330360,25.4
330420,23.6
330480,25.0
330540,23.0
330600,24.0
330660,22.4
330720,23.8
330780,23.8
330840,24.2
330900,21.8
330960,22.0
331020,24.2
331080,24.0
331140,22.4
331200,25.0
331260,22.4
331320,22.0
331380,24.0
331440,22.0
331500,22.4
331560,21.8
331620,22.0
331680,22.8
331740,22.4
331800,23.4
331860,23.4
331920,23.2
331980,20.8
332040,22.0
332100,23.2
332160,22.6
332220,23.2
332280,21.0
332340,21.6
332400,23.4
332460,23.0
332520,22.4
332580,22.4
332640,22.6
332700,23.4
332760,24.0
332820,23.2
332880,24.2
332940,24.2
333000,23.4
333060,23.0
333120,22.8
333180,24.2
333240,22.8
333300,23.4
333360,24.0
333420,23.4
333480,23.2
333540,23.2
333600,22.6
333660,22.6
333720,24.2
333780,23.0
333840,23.0
333900,24.8
333960,22.8
334020,22.8
334080,22.4
334140,23.0
334200,24.6
334260,23.8
334320,23.8
334380,24.0
334440,24.0
334500,23.8
334560,22.6
334620,24.2
334680,22.6
334740,24.2
334800,21.8
334860,23.4
334920,22.6
334980,23.2
335040,22.4
335100,23.0
335160,23.2
335220,24.0
335280,23.0
335340,22.6
335400,22.4
335460,22.6
335520,23.4
335580,23.4
335640,23.8
335700,24.0
335760,22.8
335820,24.6
335880,24.2
335940,23.2
336000,23.2
336060,23.4
336120,24.8
336180,24.4
336240,23.4
336300,25.2
336360,24.0
336420,24.8
336480,23.0
336540,23.8
336600,25.0
336660,24.2
336720,23.6
336780,23.2
336840,22.8
336900,23.8
336960,25.0
337020,22.8
337080,24.0
337140,22.8
337200,25.6
337260,24.2
337320,22.8
337380,24.4
337440,24.2
337500,23.4
337560,22.4
337620,22.4
337680,23.4
337740,23.8
337800,24.8
337860,22.8
337920,24.6
337980,22.0
338040,23.2
338100,24.6
338160,23.4
338220,23.6
338280,23.8
338340,23.4
338400,23.2
338460,23.2
338520,22.6
338580,23.0
338640,24.8
338700,23.4
338760,23.2
338820,23.8
338880,23.4
338940,24.4
339000,23.2
339060,24.2
339120,24.0
339180,25.0
339240,23.8
339300,24.6
339360,24.0
339420,24.0
339480,23.8
339540,22.6
339600,22.6
339660,24.2
339720,22.8
339780,23.4
339840,24.2
339900,23.8
339960,23.2
340020,23.6
340080,25.2
340140,24.6
340200,23.8
340260,25.0
340320,23.4
340380,24.8
340440,24.4
340500,23.6
340560,24.6
340620,25.0
340680,24.2
340740,24.2
340800,25.8
340860,22.6
340920,25.6
340980,26.2
341040,26.4
341100,25.8
341160,22.8
341220,23.8
341280,25.2
341340,23.6
341400,24.6
341460,23.4
341520,23.2
341580,25.2
341640,24.2
341700,24.0
341760,25.0
341820,23.8
341880,25.2
341940,25.0
342000,25.4
342060,24.6
342120,24.0
342180,23.8
342240,24.2
342300,24.4
342360,23.4
342420,24.6
342480,24.2
342540,25.0
342600,25.2
342660,25.4
342720,24.4
342780,25.4
342840,24.8
342900,26.0
342960,24.0
343020,24.6
343080,23.6
343140,25.0
343200,25.2
343260,25.2
343320,24.8
343380,25.8
343440,24.8
343500,24.2
343560,23.0
343620,26.0
343680,23.8
343740,23.8
343800,24.4
343860,24.8
343920,23.8
343980,23.6
344040,24.6
344100,24.6
344160,23.4
344220,23.8
344280,22.0
344340,23.0
344400,21.2
344460,23.6
344520,23.2
344580,23.0
344640,22.6
344700,22.4
344760,22.4
344820,21.4
344880,21.8
344940,22.2
345000,22.0
345060,22.4
345120,23.8
345180,23.4
345240,23.0
345300,23.8
345360,22.6
345420,23.8
345480,23.6
345540,23.0
345600,21.6
345660,23.4
345720,23.6
345780,24.4
345840,23.2
345900,23.8
345960,23.8
346020,22.8
346080,24.0
346140,23.6
346200,23.2
346260,25.4
346320,22.4
346380,24.2
346440,25.4
346500,23.0
346560,24.2
346620,24.8
346680,24.6
346740,24.2
346800,23.8
346860,24.6
346920,23.8
346980,24.4
347040,24.4
347100,26.0
347160,25.6
347220,24.4
347280,24.8
347340,24.0
347400,24.4
347460,23.0
347520,23.4
347580,25.0
347640,23.8
347700,24.6
347760,23.6
347820,25.8
347880,24.4
347940,23.6
348000,23.8
348060,24.0
348120,25.4
348180,24.2
348240,25.4
348300,23.8
348360,24.6
348420,24.4
348480,22.8
348540,23.4
348600,24.0
348660,23.6
348720,24.2
348780,22.6
348840,24.0
348900,22.8
348960,23.8
349020,23.2
349080,23.2
349140,23.6
349200,22.8
349260,22.6
349320,24.0
349380,23.4
349440,24.0
349500,22.8
349560,23.8
349620,22.2
349680,23.2
349740,22.0
349800,23.4
349860,23.4
349920,23.8
349980,23.4
350040,23.0
350100,24.4
350160,25.2
350220,23.8
350280,24.0
350340,23.4
350400,23.6
350460,24.0
350520,26.6
350580,23.6
350640,25.0
350700,25.8
350760,23.8
350820,24.6
350880,23.8
350940,24.0
351000,23.8
351060,24.2
351120,24.6
351180,24.4
351240,24.4
351300,24.2
351360,24.0
351420,22.2
351480,22.2
351540,24.4
351600,24.0
351660,24.2
351720,23.8
351780,24.0
351840,24.4
351900,24.0
351960,24.0
352020,23.6
352080,23.2
352140,23.0
352200,24.8
352260,23.2
352320,24.2
352380,24.4
352440,24.0
352500,23.2
352560,23.0
352620,23.6
352680,23.4
352740,23.8
352800,23.6
352860,24.4
352920,24.2
352980,22.6
353040,24.6
353100,24.6
353160,23.6
353220,23.0
353280,24.8
353340,24.0
353400,23.8
353460,25.4
353520,24.4
353580,24.6
353640,22.6
353700,24.0
353760,24.4
353820,25.0
353880,24.0
353940,26.2
354000,23.6
354060,23.8
354120,24.6
354180,23.6
354240,23.6
354300,21.6
354360,23.4
354420,22.2
354480,23.2
354540,24.4
354600,21.4
354660,21.8
354720,22.8
354780,22.8
354840,23.8
354900,23.4
354960,23.0
355020,24.6
355080,23.2
355140,23.0
355200,25.2
355260,25.4
355320,24.2
355380,23.4
355440,24.0
355500,24.6
355560,25.0
355620,24.4
355680,22.8
355740,24.4
355800,23.2
355860,24.4
355920,25.0
355980,25.0
356040,23.8
356100,24.0
356160,24.4
356220,23.2
356280,24.0
356340,25.6
356400,25.4
356460,24.2
356520,24.0
356580,24.2
356640,25.2
356700,24.2
356760,24.8
356820,24.8
356880,24.8
356940,25.0
357000,24.6
357060,25.0
357120,24.6
357180,23.8
357240,24.4
357300,25.8
357360,24.4
357420,24.2
357480,23.4
357540,23.2
357600,25.2
357660,25.2
357720,23.8
357780,25.2
357840,25.2
357900,25.0
357960,24.6
358020,23.8
358080,25.6
358140,25.6
358200,24.4
358260,23.6
358320,24.6
358380,24.4
358440,24.8
358500,24.8
358560,24.0
358620,25.0
358680,25.8
358740,23.4
358800,25.4
358860,24.8
358920,24.6
358980,25.6
359040,24.6
359100,25.6
359160,24.2
359220,24.4
359280,24.4
359340,25.0
359400,24.6
359460,24.0
359520,23.6
359580,25.8
359640,24.4
359700,23.8
359760,23.6
359820,26.0
359880,25.0
359940,25.8
360000,24.6
