#Steps,score
60,0.4
120,1.6
180,0.8
240,1.2
300,1.2
360,1.2
420,0.4
480,1.6
540,1.4
600,1.0
660,1.8
720,1.2
780,1.2
840,1.4
900,1.6
960,0.6
1020,1.0
1080,1.0
1140,1.4
1200,2.6
1260,2.0
1320,0.6
1380,1.6
1440,0.6
1500,1.4
1560,0.6
1620,1.6
1680,1.0
1740,1.2
1800,1.0
1860,1.0
1920,0.6
1980,1.8
2040,1.2
2100,1.0
2160,2.2
2220,1.4
2280,1.6
2340,1.6
2400,0.2
2460,0.8
2520,1.0
2580,1.6
2640,0.8
2700,0.8
2760,0.6
2820,1.4
2880,1.6
2940,1.4
3000,1.6
3060,0.6
3120,1.2
3180,0.6
3240,1.4
3300,0.6
3360,1.2
3420,1.0
3480,1.4
3540,1.2
3600,2.2
3660,0.8
3720,0.8
3780,1.6
3840,2.0
3900,1.0
3960,1.0
4020,2.2
4080,1.6
4140,1.8
4200,0.6
4260,0.8
4320,1.6
4380,1.4
4440,1.6
4500,1.0
4560,1.0
4620,1.8
4680,1.0
4740,1.2
4800,0.8
4860,1.4
4920,2.0
4980,1.0
5040,1.6
5100,1.2
5160,0.8
5220,0.4
5280,2.0
5340,1.8
5400,0.6
5460,1.4
5520,1.6
5580,2.0
5640,1.0
5700,0.6
5760,1.4
5820,1.0
5880,1.0
5940,1.2
6000,0.8
6060,1.0
6120,1.0
6180,1.0
6240,1.4
6300,1.6
6360,1.0
6420,0.6
6480,2.2
6540,2.8
6600,1.2
6660,0.4
6720,2.0
6780,0.8
6840,0.6
6900,0.4
6960,1.4
7020,0.8
7080,1.0
7140,2.0
7200,1.6
7260,1.6
7320,0.6
7380,1.4
7440,1.0
7500,1.0
7560,1.6
7620,1.2
7680,1.0
7740,0.8
7800,0.6
7860,1.8
7920,0.8
7980,1.4
8040,1.6
8100,1.8
8160,0.4
8220,2.4
8280,2.2
8340,0.8
8400,1.2
8460,1.0
8520,2.0
8580,0.6
8640,1.2
8700,0.6
8760,1.0
8820,0.8
8880,0.8
8940,0.6
9000,2.2
9060,1.2
9120,1.2
9180,0.4
9240,0.8
9300,1.8
9360,0.8
9420,1.6
9480,1.4
9540,1.2
9600,0.8
9660,0.6
9720,1.4
9780,0.6
9840,1.4
9900,1.2
9960,1.0
10020,1.6
10080,1.2
10140,0.8
10200,1.4
10260,1.6
10320,1.2
10380,2.0
10440,1.2
10500,0.8
10560,1.0
10620,1.4
10680,1.2
10740,1.4
10800,1.0
10860,0.6
10920,1.2
10980,1.4
11040,1.0
11100,1.0
11160,1.2
11220,1.2
11280,0.0
11340,1.2
11400,1.6
11460,2.4
11520,1.8
11580,1.0
11640,1.8
11700,1.8
11760,2.0
11820,1.6
11880,1.2
11940,0.8
12000,1.4
12060,1.4
12120,1.4
12180,1.6
12240,0.8
12300,1.6
12360,1.2
12420,1.4
12480,1.6
12540,1.6
12600,1.0
12660,0.8
12720,1.0
12780,0.6
12840,1.0
12900,1.4
12960,1.2
13020,1.2
13080,1.0
13140,1.6
13200,0.8
13260,1.6
13320,1.6
13380,1.4
13440,0.8
13500,2.4
13560,1.2
13620,1.4
13680,0.8
13740,1.4
13800,0.8
13860,0.8
13920,1.6
13980,1.6
14040,1.0
14100,1.4
14160,1.6
14220,2.0
14280,1.2
14340,1.6
14400,1.4
14460,0.8
14520,0.8
14580,1.6
14640,0.8
14700,1.2
14760,1.2
14820,1.4
14880,1.2
14940,0.8
15000,1.8
15060,1.8
15120,1.4
15180,1.2
15240,1.2
15300,1.0
15360,1.4
15420,1.4
15480,1.2
15540,1.0
15600,1.2
15660,1.0
15720,1.2
15780,2.4
15840,1.0
15900,2.4
15960,1.6
16020,1.0
16080,0.8
16140,1.4
16200,2.2
16260,2.0
16320,1.2
16380,0.8
16440,1.4
16500,1.2
16560,2.2
16620,1.8
16680,1.2
16740,1.6
16800,1.0
16860,2.0
16920,2.0
16980,1.4
17040,1.2
17100,1.2
17160,2.8
17220,1.2
17280,0.4
17340,1.4
17400,1.4
17460,1.8
17520,1.0
17580,1.4
17640,1.8
17700,2.2
17760,1.2
17820,0.6
17880,1.6
17940,2.0
18000,1.8
18060,0.6
18120,1.2
18180,1.2
18240,1.6
18300,1.2
18360,1.4
18420,1.4
18480,1.0
18540,3.0
18600,2.4
18660,0.8
18720,0.4
18780,0.6
18840,2.4
18900,1.6
18960,1.4
19020,2.0
19080,1.6
19140,1.4
19200,1.2
19260,0.8
19320,1.2
19380,2.2
19440,1.6
19500,1.4
19560,1.2
19620,1.0
19680,2.4
19740,1.4
19800,1.8
19860,1.6
19920,1.2
19980,1.0
20040,1.4
20100,1.8
20160,1.0
20220,1.4
20280,2.2
20340,0.2
20400,0.8
20460,2.2
20520,1.4
20580,2.0
20640,1.8
20700,1.8
20760,2.4
20820,2.0
20880,2.6
20940,1.6
21000,2.4
21060,1.6
21120,1.0
21180,0.8
21240,1.8
21300,1.0
21360,1.4
21420,2.2
21480,1.2
21540,2.0
21600,1.0
21660,2.0
21720,1.4
21780,1.4
21840,1.8
21900,2.0
21960,0.8
22020,0.8
22080,1.6
22140,2.2
22200,1.6
22260,2.0
22320,2.2
22380,0.8
22440,1.0
22500,0.8
22560,1.6
22620,1.6
22680,0.8
22740,1.8
22800,2.2
22860,1.0
22920,1.4
22980,1.2
23040,1.2
23100,0.8
23160,1.4
23220,1.6
23280,1.0
23340,1.8
23400,1.2
23460,1.4
23520,0.8
23580,1.4
23640,1.6
23700,1.4
23760,1.6
23820,1.2
23880,2.0
23940,1.8
24000,1.0
24060,1.2
24120,1.0
24180,1.4
24240,1.0
24300,0.8
24360,2.0
24420,1.6
24480,1.2
24540,0.6
24600,1.8
24660,2.0
24720,1.8
24780,1.2
24840,1.6
24900,1.6
24960,0.6
25020,3.0
25080,0.8
25140,1.4
25200,0.6
25260,2.6
25320,2.0
25380,1.2
25440,2.0
25500,1.8
25560,1.4
25620,1.4
25680,1.8
25740,1.4
25800,1.2
25860,1.0
25920,1.8
25980,2.6
26040,1.6
26100,1.6
26160,1.6
26220,2.0
26280,1.2
26340,1.2
26400,1.6
26460,2.2
26520,1.8
26580,1.2
26640,1.8
26700,1.6
26760,1.6
26820,1.8
26880,1.8
26940,1.6
27000,1.4
27060,1.0
27120,2.0
27180,1.6
27240,2.6
27300,1.4
27360,2.0
27420,1.6
27480,1.4
27540,1.6
27600,0.8
27660,1.2
27720,1.8
27780,2.6
27840,2.2
27900,1.4
27960,1.2
28020,1.2
28080,1.4
28140,1.0
28200,0.6
28260,1.6
28320,2.8
28380,0.6
28440,2.2
28500,2.0
28560,0.8
28620,1.6
28680,1.6
28740,1.4
28800,1.6
28860,1.2
28920,1.8
28980,2.4
29040,2.0
29100,1.6
29160,1.2
29220,1.8
29280,1.2
29340,1.6
29400,2.2
29460,2.2
29520,1.2
29580,2.2
29640,1.2
29700,2.2
29760,1.8
29820,1.6
29880,1.4
29940,1.8
30000,1.6
30060,1.6
30120,1.4
30180,1.2
30240,1.0
30300,2.0
30360,1.0
30420,1.6
30480,1.6
30540,1.0
30600,2.0
30660,1.4
30720,1.2
30780,2.2
30840,3.4
30900,0.6
30960,1.8
31020,1.4
31080,2.0
31140,2.2
31200,1.4
31260,1.6
31320,1.6
31380,0.6
31440,2.0
31500,1.0
31560,1.2
31620,1.4
31680,2.0
31740,1.0
31800,2.2
31860,1.6
31920,2.4
31980,2.6
32040,2.4
32100,2.6
32160,2.2
32220,2.6
32280,2.0
32340,2.0
32400,2.0
32460,2.8
32520,1.6
32580,2.2
32640,3.0
32700,1.6
32760,2.6
32820,1.8
32880,2.6
32940,2.4
33000,1.2
33060,2.4
33120,1.8
33180,2.6
33240,1.6
33300,2.2
33360,2.2
33420,3.2
33480,2.6
33540,2.2
33600,2.8
33660,2.8
33720,2.8
33780,3.0
33840,2.8
33900,4.6
33960,3.2
34020,2.8
34080,3.8
34140,2.8
34200,3.0
34260,2.2
34320,4.2
34380,2.6
34440,2.8
34500,4.0
34560,5.0
34620,6.0
34680,4.0
34740,4.0
34800,5.8
34860,7.0
34920,10.0
34980,11.0
35040,10.8
35100,13.6
35160,18.6
35220,19.6
35280,21.4
35340,21.0
35400,20.0
35460,22.8
35520,20.8
35580,22.0
35640,23.0
35700,22.8
35760,23.8
35820,22.8
35880,22.2
35940,23.4
36000,21.0
36060,23.6
36120,23.8
36180,22.8
36240,23.6
36300,21.2
36360,22.2
36420,23.4
36480,23.0
36540,20.4
36600,22.4
36660,20.8
36720,21.0
36780,21.8
36840,21.8
36900,22.0
36960,23.4
37020,23.6
37080,23.0
37140,22.4
37200,24.2
37260,22.0
37320,23.6
37380,23.6
37440,22.6
37500,22.0
37560,21.4
37620,20.8
37680,22.2
37740,21.4
37800,20.6
37860,23.0
37920,21.0
37980,20.6
38040,19.6
38100,20.6
38160,20.4
38220,19.2
38280,19.8
38340,19.2
38400,20.0
38460,18.6
38520,19.4
38580,19.4
38640,18.8
38700,22.2
38760,20.0
38820,22.2
38880,21.8
38940,22.8
39000,23.0
39060,23.4
39120,25.2
39180,24.2
39240,22.2
39300,24.0
39360,23.0
39420,22.0
39480,23.2
39540,23.0
39600,23.4
39660,24.6
39720,24.0
39780,23.6
39840,24.0
39900,24.8
39960,23.6
40020,24.8
40080,24.0
40140,24.2
40200,24.8
40260,25.2
40320,25.0
40380,25.0
40440,23.6
40500,25.2
40560,23.4
40620,24.2
40680,24.4
40740,23.8
40800,23.6
40860,25.2
40920,25.6
40980,23.8
41040,24.4
41100,24.0
41160,25.0
41220,25.6
41280,25.0
41340,24.6
41400,23.6
41460,26.0
41520,23.8
41580,24.4
41640,25.4
41700,24.6
41760,24.2
41820,24.6
41880,25.2
41940,23.6
42000,23.8
42060,24.8
42120,24.0
42180,24.2
42240,25.6
42300,24.4
42360,22.2
42420,23.8
42480,21.8
42540,23.4
42600,23.6
42660,25.8
42720,24.8
42780,23.0
42840,25.0
42900,25.0
42960,23.8
43020,23.8
43080,25.4
43140,25.6
43200,23.0
43260,23.4
43320,24.2
43380,24.8
43440,23.6
43500,24.8
43560,25.4
43620,23.6
43680,23.6
43740,24.0
43800,24.0
43860,26.0
43920,23.6
43980,24.6
44040,24.8
44100,24.0
44160,24.8
44220,24.2
44280,23.6
44340,24.2
44400,24.4
44460,24.2
44520,25.4
44580,25.0
44640,23.4
44700,24.2
44760,25.4
44820,24.2
44880,23.6
44940,24.2
45000,24.6
45060,22.4
45120,24.0
45180,25.6
45240,25.6
45300,24.2
45360,23.8
45420,22.4
45480,22.6
45540,22.8
45600,22.0
45660,21.2
45720,20.6
45780,22.0
45840,21.4
45900,21.8
45960,19.6
46020,20.0
46080,19.6
46140,20.8
46200,19.0
46260,21.8
46320,20.4
46380,21.4
46440,21.0
46500,22.0
46560,21.2
46620,21.4
46680,23.4
46740,21.8
46800,23.2
46860,24.6
46920,23.2
46980,23.8
47040,24.6
47100,24.8
47160,23.4
47220,23.4
47280,24.4
47340,23.8
47400,27.0
47460,23.8
47520,23.6
47580,25.6
47640,25.4
47700,26.0
47760,24.6
47820,24.2
47880,26.4
47940,24.4
48000,24.4
48060,23.6
48120,24.0
48180,24.4
48240,23.6
48300,24.0
48360,24.8
48420,24.0
48480,24.8
48540,24.6
48600,24.6
48660,25.2
48720,25.6
48780,24.8
48840,25.2
48900,24.6
48960,25.0
49020,24.0
49080,25.6
49140,25.2
49200,25.8
49260,25.0
49320,25.4
49380,25.2
49440,25.4
49500,26.4
49560,24.8
49620,25.4
49680,24.8
49740,24.4
49800,25.4
49860,26.8
49920,26.0
49980,24.8
50040,24.0
50100,24.0
50160,25.8
50220,25.2
50280,25.6
50340,25.6
50400,25.6
50460,25.4
50520,24.2
50580,24.4
50640,25.8
50700,23.8
50760,25.2
50820,26.6
50880,25.8
50940,24.2
51000,25.2
51060,23.6
51120,24.4
51180,25.8
51240,25.6
51300,25.8
51360,25.0
51420,24.8
51480,27.4
51540,25.0
51600,24.8
51660,23.8
51720,25.4
51780,24.8
51840,25.0
51900,25.4
51960,24.2
52020,25.2
52080,24.0
52140,23.8
52200,25.2
52260,25.4
52320,24.0
52380,25.0
52440,25.0
52500,25.8
52560,24.6
52620,24.2
52680,25.2
52740,23.0
52800,23.0
52860,24.0
52920,23.6
52980,24.0
53040,24.4
53100,24.0
53160,24.2
53220,23.4
53280,23.8
53340,24.6
53400,24.6
53460,23.6
53520,25.6
53580,25.8
53640,24.4
53700,25.4
53760,23.6
53820,24.6
53880,25.8
53940,23.6
54000,23.4
54060,25.2
54120,24.2
54180,24.4
54240,24.2
54300,25.2
54360,24.4
54420,23.6
54480,24.0
54540,22.8
54600,24.8
54660,23.6
54720,23.2
54780,25.2
54840,23.6
54900,24.0
54960,23.6
55020,24.2
55080,24.6
55140,24.0
55200,24.4
55260,24.4
55320,23.8
55380,23.8
55440,24.2
55500,24.0
55560,23.8
55620,24.8
55680,24.2
55740,24.2
55800,23.0
55860,25.2
55920,24.6
55980,24.0
56040,24.0
56100,23.4
56160,24.2
56220,23.2
56280,23.8
56340,23.2
56400,23.4
56460,24.6
56520,24.4
56580,24.4
56640,25.8
56700,25.2
56760,23.6
56820,24.8
56880,24.2
56940,23.8
57000,23.6
57060,25.0
57120,24.2
57180,24.6
57240,24.2
57300,23.6
57360,24.0
57420,25.0
57480,24.6
57540,23.4
57600,24.4
57660,25.2
57720,25.4
57780,25.0
57840,23.2
57900,24.6
57960,24.6
58020,24.4
58080,25.2
58140,24.4
58200,24.4
58260,23.6
58320,25.6
58380,23.8
58440,24.2
58500,24.6
58560,25.0
58620,24.8
58680,23.2
58740,23.6
58800,24.0
58860,23.8
58920,22.4
58980,23.6
59040,24.2
59100,24.4
59160,24.0
59220,23.0
59280,25.2
59340,25.2
59400,23.8
59460,25.0
59520,24.4
59580,23.8
59640,24.4
59700,25.4
59760,23.6
59820,22.8
59880,24.4
59940,22.8
60000,24.8
60060,24.2
60120,24.6
60180,25.2
60240,23.4
60300,23.4
60360,23.2
60420,25.4
60480,23.8
60540,24.0
60600,22.2
60660,22.4
60720,25.2
60780,24.0
60840,23.6
60900,23.2
60960,23.8
61020,23.8
61080,22.8
61140,23.6
61200,22.0
61260,24.4
61320,23.6
61380,22.2
61440,23.6
61500,24.8
61560,24.2
61620,22.6
61680,25.4
61740,24.6
61800,24.0
61860,24.8
61920,24.2
61980,22.4
62040,25.2
62100,23.8
62160,24.2
62220,25.4
62280,24.6
62340,24.0
62400,24.4
62460,23.6
62520,23.6
62580,24.2
62640,23.2
62700,24.0
62760,25.2
62820,23.8
62880,23.8
62940,24.2
63000,23.8
63060,24.0
63120,24.8
63180,23.4
63240,25.0
63300,24.2
63360,26.0
63420,23.8
63480,26.8
63540,24.4
63600,25.4
63660,24.6
63720,23.6
63780,25.8
63840,25.4
63900,25.8
63960,25.4
64020,23.0
64080,25.6
64140,26.6
64200,24.6
64260,25.4
64320,25.6
64380,24.0
64440,25.6
64500,25.0
64560,24.0
64620,23.8
64680,24.8
64740,25.0
64800,24.8
64860,25.8
64920,25.8
64980,24.4
65040,25.6
65100,24.8
65160,26.0
65220,24.2
65280,24.2
65340,24.8
65400,24.8
65460,24.4
65520,25.2
65580,26.0
65640,25.0
65700,25.8
65760,23.6
65820,25.2
65880,25.0
65940,23.8
66000,25.2
66060,25.8
66120,25.4
66180,26.2
66240,24.8
66300,24.2
66360,24.8
66420,23.6
66480,24.6
66540,24.4
66600,24.4
66660,25.4
66720,25.0
66780,27.6
66840,25.8
66900,25.8
66960,24.8
67020,24.2
67080,24.6
67140,24.8
67200,25.4
67260,25.4
67320,26.0
67380,26.8
67440,24.0
67500,24.6
67560,24.2
67620,25.2
67680,24.4
67740,25.2
67800,24.8
67860,24.8
67920,24.0
67980,24.6
68040,24.2
68100,25.8
68160,26.2
68220,24.2
68280,25.0
68340,25.6
68400,24.0
68460,25.6
68520,24.2
68580,25.2
68640,24.8
68700,26.6
68760,25.8
68820,24.6
68880,24.6
68940,25.2
69000,25.2
69060,25.2
69120,25.6
69180,23.2
69240,25.4
69300,25.4
69360,25.0
69420,25.4
69480,24.6
69540,26.2
69600,24.8
69660,26.0
69720,25.2
69780,25.2
69840,24.8
69900,26.4
69960,25.2
70020,25.4
70080,25.0
70140,25.0
70200,25.4
70260,25.8
70320,26.0
70380,24.0
70440,25.2
70500,24.6
70560,24.0
70620,24.2
70680,26.6
70740,25.4
70800,25.4
70860,22.8
70920,24.2
70980,25.0
71040,24.6
71100,24.6
71160,24.0
71220,25.2
71280,24.2
71340,23.6
71400,23.8
71460,24.2
71520,23.6
71580,26.0
71640,23.2
71700,24.8
71760,23.6
71820,22.8
71880,24.0
71940,24.0
72000,22.6
72060,23.4
72120,23.8
72180,22.6
72240,24.0
72300,24.6
72360,22.8
72420,22.0
72480,23.2
72540,23.6
72600,24.6
72660,24.4
72720,23.6
72780,23.8
72840,24.6
72900,24.6
72960,24.6
73020,25.2
73080,24.0
73140,24.4
73200,24.6
73260,24.0
73320,24.2
73380,25.0
73440,23.8
73500,23.8
73560,24.2
73620,24.2
73680,25.4
73740,24.2
73800,25.4
73860,24.6
73920,24.6
73980,23.8
74040,24.0
74100,25.4
74160,26.6
74220,24.4
74280,24.8
74340,23.8
74400,24.8
74460,24.8
74520,26.0
74580,25.2
74640,24.8
74700,24.0
74760,25.2
74820,23.8
74880,24.4
74940,26.6
75000,23.8
75060,23.8
75120,25.4
75180,26.8
75240,25.2
75300,25.2
75360,25.4
75420,24.0
75480,25.4
75540,25.2
75600,25.4
75660,25.0
75720,25.4
75780,23.4
75840,24.0
75900,26.6
75960,25.4
76020,24.2
76080,25.4
76140,24.2
76200,24.4
76260,23.8
76320,26.0
76380,24.4
76440,25.4
76500,23.8
76560,23.8
76620,24.0
76680,24.8
76740,23.6
76800,25.2
76860,22.4
76920,25.0
76980,25.0
77040,24.0
77100,26.0
77160,23.8
77220,25.2
77280,24.6
77340,26.4
77400,25.2
77460,23.4
77520,24.6
77580,24.6
77640,24.8
77700,24.4
77760,26.0
77820,23.8
77880,26.0
77940,24.4
78000,24.8
78060,23.2
78120,24.2
78180,25.0
78240,24.0
78300,23.0
78360,25.8
78420,25.8
78480,25.0
78540,24.4
78600,25.0
78660,25.0
78720,23.0
78780,25.2
78840,26.6
78900,24.6
78960,23.6
79020,25.0
79080,24.8
79140,25.0
79200,26.0
79260,25.6
79320,23.8
79380,24.4
79440,23.0
79500,25.2
79560,26.4
79620,24.6
79680,24.0
79740,24.8
79800,24.2
79860,26.2
79920,27.0
79980,25.6
80040,25.6
80100,25.0
80160,24.0
80220,23.2
80280,25.6
80340,25.6
80400,25.0
80460,25.8
80520,24.0
80580,25.4
80640,25.8
80700,24.8
80760,25.2
80820,24.8
80880,24.0
80940,24.8
81000,25.6
81060,24.0
81120,25.0
81180,24.4
81240,26.2
81300,24.8
81360,24.4
81420,25.8
81480,24.4
81540,25.0
81600,25.4
81660,26.0
81720,25.4
81780,23.8
81840,24.2
81900,26.4
81960,25.4
82020,25.6
82080,24.8
82140,24.6
82200,23.0
82260,25.6
82320,24.8
82380,26.0
82440,23.0
82500,25.0
82560,25.6
82620,26.4
82680,25.8
82740,24.2
82800,25.4
82860,23.8
82920,25.8
82980,26.0
83040,24.4
83100,24.4
83160,24.2
83220,25.6
83280,23.0
83340,24.8
83400,24.2
83460,25.8
83520,26.2
83580,25.2
83640,24.0
83700,24.8
83760,23.0
83820,26.0
83880,22.8
83940,25.6
84000,24.4
84060,25.0
84120,26.8
84180,24.0
84240,26.2
84300,24.4
84360,23.6
84420,25.4
84480,22.8
84540,23.2
84600,24.0
84660,24.8
84720,24.0
84780,22.6
84840,22.2
84900,23.4
84960,23.8
85020,24.8
85080,23.0
85140,24.0
85200,23.4
85260,24.8
85320,22.4
85380,22.2
85440,24.6
85500,24.4
85560,24.2
85620,23.4
85680,24.0
85740,24.0
85800,24.6
85860,22.8
85920,22.6
85980,24.8
86040,22.8
86100,22.2
86160,22.8
86220,26.8
86280,24.4
86340,22.4
86400,25.2
86460,25.2
86520,26.0
86580,24.4
86640,23.8
86700,24.0
86760,24.0
86820,25.8
86880,25.6
86940,23.8
87000,23.6
87060,23.8
87120,23.8
87180,23.8
87240,25.0
87300,23.2
87360,23.8
87420,22.8
87480,22.8
87540,23.4
87600,23.8
87660,23.2
87720,24.2
87780,23.4
87840,23.8
87900,24.0
87960,23.4
88020,23.0
88080,23.2
88140,25.4
88200,24.8
88260,24.2
88320,22.6
88380,23.6
88440,23.2
88500,24.8
88560,23.8
88620,24.8
88680,24.2
88740,26.0
88800,24.0
88860,22.8
88920,23.8
88980,23.8
89040,22.2
89100,22.2
89160,23.4
89220,22.6
89280,22.6
89340,23.0
89400,21.6
89460,22.6
89520,22.8
89580,23.6
89640,23.2
89700,23.8
89760,23.6
89820,22.4
89880,23.4
89940,24.0
90000,24.8
90060,23.4
90120,24.2
90180,23.8
90240,23.8
90300,24.4
90360,23.8
90420,25.0
90480,23.8
90540,24.6
90600,23.6
90660,26.0
90720,25.4
90780,24.8
90840,25.0
90900,24.2
90960,25.0
91020,25.0
91080,24.0
91140,25.6
91200,24.6
91260,24.0
91320,24.2
91380,25.2
91440,23.6
91500,24.0
91560,23.8
91620,24.0
91680,23.8
91740,23.8
91800,24.8
91860,23.8
91920,25.8
91980,23.6
92040,24.4
92100,24.0
92160,25.4
92220,23.8
92280,23.8
92340,22.8
92400,24.0
92460,24.4
92520,24.4
92580,24.6
92640,23.4
92700,23.6
92760,23.4
92820,22.2
92880,23.2
92940,22.4
93000,22.6
93060,21.0
93120,23.0
93180,24.8
93240,23.4
93300,22.0
93360,22.2
93420,22.8
93480,22.0
93540,20.6
93600,23.6
93660,23.0
93720,23.0
93780,22.8
93840,24.4
93900,23.0
93960,24.6
94020,25.4
94080,23.6
94140,26.2
94200,24.0
94260,23.2
94320,23.0
94380,23.8
94440,23.2
94500,22.6
94560,23.8
94620,24.0
94680,24.0
94740,24.0
94800,23.4
94860,23.4
94920,23.6
94980,23.2
95040,23.0
95100,23.8
95160,24.0
95220,22.4
95280,21.6
95340,21.8
95400,22.6
95460,22.6
95520,24.0
95580,22.0
95640,23.6
95700,22.6
95760,23.2
95820,22.8
95880,23.8
95940,23.4
96000,22.2
96060,23.6
96120,23.0
96180,24.8
96240,23.0
96300,22.6
96360,22.4
96420,23.6
96480,23.4
96540,23.0
96600,25.0
96660,23.6
96720,23.2
96780,22.4
96840,23.2
96900,25.0
96960,23.2
97020,25.2
97080,23.8
97140,25.2
97200,24.0
97260,23.8
97320,23.0
97380,23.8
97440,22.4
97500,23.0
97560,23.2
97620,25.0
97680,23.6
97740,22.6
97800,23.0
97860,23.2
97920,23.6
97980,22.4
98040,23.0
98100,22.6
98160,22.2
98220,24.0
98280,23.8
98340,23.4
98400,23.6
98460,22.2
98520,23.4
98580,23.6
98640,22.8
98700,22.6
98760,23.6
98820,22.8
98880,22.6
98940,23.0
99000,22.8
99060,22.4
99120,22.8
99180,23.4
99240,21.8
99300,23.2
99360,23.4
99420,24.0
99480,23.0
99540,23.8
99600,22.6
99660,23.4
99720,21.8
99780,24.2
99840,22.8
99900,22.4
99960,23.2
100020,22.4
100080,24.8
100140,23.4
100200,23.8
100260,22.2
100320,22.8
100380,22.6
100440,23.0
100500,23.6
100560,23.2
100620,23.2
100680,22.6
100740,23.6
100800,23.6
100860,24.6
100920,24.0
100980,24.0
101040,23.4
101100,23.6
101160,24.2
101220,22.6
101280,23.8
101340,23.0
101400,23.8
101460,23.0
101520,24.6
101580,24.6
101640,25.0
101700,22.8
101760,24.6
101820,23.2
101880,24.6
101940,24.2
102000,23.0
102060,24.6
102120,23.2
102180,24.4
102240,23.6
102300,23.6
102360,25.2
102420,23.2
102480,22.4
102540,25.2
102600,23.2
102660,23.8
102720,24.4
102780,24.0
102840,24.2
102900,22.6
102960,23.6
103020,23.8
103080,25.0
103140,24.0
103200,23.0
103260,22.4
103320,23.6
103380,24.2
103440,24.2
103500,24.2
103560,23.8
103620,24.0
103680,23.2
103740,23.6
103800,23.2
103860,23.8
103920,24.8
103980,26.0
104040,25.4
104100,23.8
104160,24.6
104220,24.4
104280,25.6
104340,23.4
104400,24.8
104460,25.0
104520,23.6
104580,24.0
104640,25.8
104700,25.2
104760,25.6
104820,24.6
104880,24.4
104940,25.4
105000,26.0
105060,25.2
105120,26.2
105180,24.0
105240,24.2
105300,23.2
105360,24.2
105420,23.8
105480,23.8
105540,23.6
105600,22.2
105660,23.6
105720,25.4
105780,24.6
105840,23.2
105900,24.4
105960,23.4
106020,24.4
106080,23.8
106140,23.0
106200,25.4
106260,25.8
106320,25.4
106380,24.8
106440,23.0
106500,24.0
106560,23.0
106620,24.4
106680,25.2
106740,23.0
106800,25.2
106860,23.0
106920,23.6
106980,24.0
107040,23.4
107100,22.2
107160,24.4
107220,23.6
107280,23.8
107340,22.2
107400,22.4
107460,23.4
107520,23.2
107580,23.0
107640,21.2
107700,23.8
107760,22.6
107820,23.6
107880,23.0
107940,24.2
108000,25.2
108060,24.6
108120,24.0
108180,24.0
108240,24.4
108300,22.0
108360,24.2
108420,24.8
108480,23.8
108540,25.6
108600,24.6
108660,26.0
108720,23.6
108780,25.0
108840,23.4
108900,25.6
108960,24.6
109020,25.4
109080,24.4
109140,25.4
109200,24.2
109260,24.6
109320,22.6
109380,25.4
109440,25.2
109500,25.2
109560,24.8
109620,25.4
109680,25.4
109740,24.0
109800,24.4
109860,27.0
109920,25.4
109980,24.6
110040,25.6
110100,24.6
110160,26.0
110220,24.6
110280,25.4
110340,25.0
110400,26.2
110460,24.8
110520,24.2
110580,23.2
110640,24.4
110700,26.4
110760,24.2
110820,24.8
110880,25.0
110940,24.4
111000,24.6
111060,25.0
111120,24.6
111180,24.8
111240,24.8
111300,24.2
111360,24.4
111420,23.0
111480,24.6
111540,23.2
111600,23.6
111660,24.6
111720,23.6
111780,25.0
111840,23.0
111900,22.6
111960,23.6
112020,22.6
112080,22.2
112140,25.0
112200,24.6
112260,23.2
112320,25.0
112380,24.8
112440,24.2
112500,24.2
112560,24.8
112620,25.2
112680,24.0
112740,26.4
112800,26.4
112860,26.2
112920,23.4
112980,24.4
113040,25.0
113100,24.2
113160,26.8
113220,25.2
113280,23.0
113340,25.2
113400,25.6
113460,24.8
113520,24.6
113580,24.4
113640,23.8
113700,25.6
113760,24.0
113820,25.8
113880,24.6
113940,24.6
114000,24.6
114060,25.8
114120,24.8
114180,25.4
114240,25.2
114300,23.4
114360,23.4
114420,25.6
114480,25.4
114540,25.0
114600,24.6
114660,24.0
114720,24.0
114780,26.4
114840,24.4
114900,23.8
114960,25.2
115020,24.2
115080,24.4
115140,24.4
115200,24.4
115260,25.8
115320,24.0
115380,24.0
115440,23.4
115500,24.6
115560,24.4
115620,23.6
115680,24.6
115740,24.8
115800,23.8
115860,24.2
115920,25.2
115980,24.4
116040,24.4
116100,24.8
116160,23.6
116220,24.0
116280,24.8
116340,25.0
116400,25.6
116460,25.2
116520,25.0
116580,24.8
116640,23.6
116700,24.4
116760,24.6
116820,25.4
116880,24.6
116940,23.4
117000,25.2
117060,25.4
117120,24.4
117180,24.4
117240,24.0
117300,25.0
117360,24.6
117420,24.0
117480,24.2
117540,24.6
117600,24.8
117660,25.0
117720,24.6
117780,25.6
117840,24.6
117900,24.4
117960,24.2
118020,25.6
118080,25.2
118140,25.4
118200,24.2
118260,25.4
118320,23.8
118380,23.6
118440,24.6
118500,24.2
118560,23.4
118620,24.8
118680,23.4
118740,25.6
118800,24.8
118860,23.8
118920,23.2
118980,26.8
119040,23.8
119100,25.4
119160,24.4
119220,23.6
119280,25.0
119340,25.8
119400,25.8
119460,25.8
119520,25.0
119580,25.4
119640,23.4
119700,25.0
119760,24.8
119820,24.4
119880,25.0
119940,24.2
120000,24.4
120060,24.4
120120,25.2
120180,24.4
120240,25.2
120300,24.4
120360,24.4
120420,23.2
120480,23.4
120540,24.6
120600,25.6
120660,26.6
120720,26.6
120780,24.2
120840,26.4
120900,26.4
120960,24.8
121020,26.4
121080,25.8
121140,24.6
121200,23.6
121260,24.8
121320,25.0
121380,25.0
121440,25.0
121500,24.0
121560,25.4
121620,25.8
121680,25.4
121740,24.8
121800,24.4
121860,24.4
121920,24.6
121980,24.2
122040,24.8
122100,24.4
122160,23.6
122220,24.8
122280,23.6
122340,24.2
122400,24.2
122460,23.8
122520,25.2
122580,24.2
122640,24.4
122700,25.0
122760,22.6
122820,24.6
122880,23.4
122940,22.8
123000,24.8
123060,25.2
123120,24.4
123180,24.2
123240,25.2
123300,24.2
123360,24.6
123420,24.0
123480,23.8
123540,24.8
123600,24.0
123660,24.4
123720,24.0
123780,25.4
123840,22.8
123900,24.0
123960,23.6
124020,24.4
124080,24.0
124140,24.0
124200,23.8
124260,23.8
124320,22.8
124380,25.0
124440,24.2
124500,23.2
124560,24.6
124620,23.4
124680,24.4
124740,22.6
124800,23.0
124860,23.6
124920,22.6
124980,23.8
125040,23.6
125100,24.6
125160,24.6
125220,23.6
125280,24.6
125340,23.8
125400,23.8
125460,23.2
125520,24.4
125580,25.6
125640,25.6
125700,24.8
125760,23.4
125820,23.0
125880,23.8
125940,25.0
126000,24.0
126060,23.6
126120,22.6
126180,24.6
126240,21.6
126300,22.2
126360,24.4
126420,23.8
126480,24.6
126540,24.4
126600,25.0
126660,23.6
126720,23.8
126780,23.4
126840,24.0
126900,25.4
126960,23.6
127020,23.6
127080,24.0
127140,25.2
127200,25.0
127260,23.6
127320,26.2
127380,25.0
127440,23.6
127500,22.2
127560,23.8
127620,23.4
127680,23.4
127740,24.0
127800,24.8
127860,23.8
127920,26.0
127980,25.2
128040,26.0
128100,23.8
128160,24.8
128220,24.8
128280,23.8
128340,26.0
128400,24.6
128460,25.0
128520,24.8
128580,24.6
128640,26.4
128700,24.4
128760,24.6
128820,24.4
128880,26.2
128940,25.4
129000,25.2
129060,26.0
129120,23.6
129180,25.2
129240,24.0
129300,23.6
129360,24.0
129420,25.0
129480,23.6
129540,24.4
129600,23.8
129660,23.4
129720,24.8
129780,24.4
129840,25.4
129900,24.8
129960,25.0
130020,24.0
130080,26.2
130140,25.6
130200,23.6
130260,24.8
130320,24.8
130380,25.6
130440,24.0
130500,25.2
130560,25.8
130620,23.0
130680,25.2
130740,24.6
130800,23.6
130860,23.4
130920,24.8
130980,23.0
131040,23.4
131100,24.4
131160,24.4
131220,23.4
131280,24.0
131340,25.6
131400,23.8
131460,22.6
131520,24.4
131580,23.2
131640,24.2
131700,23.2
131760,23.4
131820,24.2
131880,24.4
131940,23.6
132000,24.4
132060,23.8
132120,23.0
132180,24.2
132240,24.8
132300,23.4
132360,23.0
132420,23.6
132480,25.2
132540,23.4
132600,24.6
132660,25.2
132720,24.8
132780,25.0
132840,24.6
132900,24.4
132960,25.4
133020,25.2
133080,25.2
133140,25.8
133200,25.6
133260,26.8
133320,24.8
133380,24.4
133440,24.4
133500,24.6
133560,23.2
133620,25.2
133680,24.4
133740,23.6
133800,25.2
133860,25.6
133920,24.8
133980,23.0
134040,25.2
134100,23.6
134160,24.4
134220,25.0
134280,23.6
134340,22.2
134400,24.0
134460,24.6
134520,24.6
134580,24.4
134640,23.8
134700,23.8
134760,24.0
134820,25.8
134880,24.2
134940,25.4
135000,23.2
135060,22.8
135120,24.4
135180,22.8
135240,24.2
135300,22.6
135360,23.4
135420,25.8
135480,24.2
135540,24.0
135600,22.8
135660,23.6
135720,22.8
135780,23.2
135840,23.6
135900,23.4
135960,24.6
136020,23.0
136080,22.6
136140,23.2
136200,22.2
136260,24.8
136320,23.8
136380,22.8
136440,22.6
136500,23.6
136560,22.6
136620,22.8
136680,23.4
136740,24.2
136800,24.2
136860,23.6
136920,23.0
136980,23.6
137040,24.0
137100,22.4
137160,23.0
137220,24.0
137280,24.2
137340,21.8
137400,22.8
137460,22.8
137520,23.6
137580,24.6
137640,23.2
137700,23.2
137760,23.4
137820,23.2
137880,23.4
137940,23.6
138000,23.4
138060,24.2
138120,24.8
138180,23.8
138240,23.0
138300,22.6
138360,23.8
138420,23.0
138480,23.6
138540,23.2
138600,23.0
138660,23.6
138720,24.0
138780,23.8
138840,21.8
138900,23.2
138960,22.8
139020,23.4
139080,24.0
139140,23.6
139200,23.4
139260,24.6
139320,24.0
139380,22.8
139440,22.8
139500,23.6
139560,22.4
139620,23.2
139680,23.4
139740,23.2
139800,22.2
139860,22.8
139920,25.6
139980,23.2
140040,24.6
140100,23.4
140160,21.4
140220,23.4
140280,23.8
140340,22.6
140400,22.8
140460,23.8
140520,22.6
140580,23.8
140640,22.0
140700,24.4
140760,23.8
140820,23.8
140880,23.6
140940,24.2
141000,23.8
141060,23.0
141120,22.4
141180,22.2
141240,23.2
141300,23.6
141360,24.6
141420,23.4
141480,24.6
141540,22.2
141600,24.4
141660,22.4
141720,22.4
141780,24.4
141840,24.0
141900,24.2
141960,25.6
142020,24.6
142080,25.0
142140,24.8
142200,24.8
142260,24.8
142320,24.2
142380,22.8
142440,25.0
142500,25.2
142560,24.4
142620,24.8
142680,24.6
142740,24.4
142800,25.4
142860,23.6
142920,25.2
142980,22.0
143040,23.2
143100,24.2
143160,23.4
143220,24.2
143280,23.6
143340,24.0
143400,23.4
143460,25.2
143520,23.6
143580,23.4
143640,23.2
143700,22.6
143760,23.0
143820,23.8
143880,23.4
143940,23.8
144000,23.2
144060,23.6
144120,24.0
144180,24.2
144240,24.4
144300,23.6
144360,23.8
144420,22.8
144480,24.0
144540,23.6
144600,24.2
144660,23.0
144720,23.4
144780,23.0
144840,23.6
144900,24.0
144960,25.0
145020,25.0
145080,24.6
145140,25.0
145200,24.4
145260,24.2
145320,23.8
145380,23.8
145440,26.4
145500,24.2
145560,25.0
145620,24.8
145680,25.2
145740,24.0
145800,25.4
145860,24.0
145920,24.6
145980,24.4
146040,23.2
146100,24.8
146160,25.0
146220,25.0
146280,24.6
146340,25.4
146400,24.6
146460,24.6
146520,23.6
146580,24.8
146640,24.4
146700,23.4
146760,24.2
146820,25.4
146880,24.0
146940,25.0
147000,23.8
147060,23.6
147120,24.0
147180,24.0
147240,25.2
147300,24.2
147360,26.8
147420,24.8
147480,24.0
147540,25.2
147600,27.4
147660,25.2
147720,25.4
147780,25.6
147840,24.4
147900,26.0
147960,24.0
148020,25.6
148080,24.2
148140,25.0
148200,25.4
148260,25.0
148320,24.4
148380,25.8
148440,23.6
148500,25.2
148560,24.8
148620,25.0
148680,24.0
148740,25.8
148800,25.2
148860,24.6
148920,24.4
148980,25.2
149040,25.6
149100,24.6
149160,26.4
149220,23.4
149280,24.8
149340,24.2
149400,25.8
149460,25.8
149520,25.2
149580,25.4
149640,23.4
149700,24.2
149760,23.8
149820,24.6
149880,25.2
149940,23.6
150000,25.0
150060,24.4
150120,23.2
150180,23.6
150240,23.8
150300,24.8
150360,24.4
150420,23.4
150480,23.4
150540,24.2
150600,23.8
150660,23.0
150720,24.0
150780,24.4
150840,23.0
150900,23.6
150960,24.0
151020,23.0
151080,25.4
151140,24.0
151200,24.4
151260,25.6
151320,24.0
151380,23.8
151440,23.4
151500,25.0
151560,25.6
151620,22.6
151680,23.6
151740,22.8
151800,24.8
151860,25.0
151920,25.0
151980,25.0
152040,24.0
152100,25.8
152160,23.2
152220,24.6
152280,24.0
152340,24.2
152400,24.4
152460,25.0
152520,23.0
152580,25.4
152640,24.4
152700,25.2
152760,25.0
152820,24.6
152880,24.6
152940,25.0
153000,23.8
153060,24.8
153120,25.2
153180,23.6
153240,24.4
153300,25.2
153360,23.2
153420,25.0
153480,24.6
153540,24.0
153600,24.6
153660,25.0
153720,24.8
153780,24.0
153840,24.6
153900,25.2
153960,25.6
154020,25.2
154080,23.8
154140,24.8
154200,22.8
154260,23.2
154320,24.8
154380,25.0
154440,22.8
154500,25.0
154560,23.2
154620,24.6
154680,24.8
154740,24.2
154800,23.6
154860,24.2
154920,23.0
154980,23.6
155040,23.6
155100,23.6
155160,24.0
155220,23.4
155280,23.2
155340,25.6
155400,23.8
155460,23.6
155520,23.4
155580,22.6
155640,23.0
155700,24.2
155760,24.0
155820,24.6
155880,22.4
155940,24.0
156000,24.0
156060,23.0
156120,23.0
156180,24.6
156240,22.0
156300,24.0
156360,22.2
156420,23.8
156480,23.4
156540,24.2
156600,24.2
156660,23.8
156720,23.0
156780,22.2
156840,23.4
156900,22.2
156960,22.0
157020,23.4
157080,22.2
157140,21.6
157200,22.0
157260,22.0
157320,23.0
157380,22.0
157440,22.6
157500,21.2
157560,21.8
157620,23.0
157680,22.0
157740,22.6
157800,20.0
157860,21.2
157920,20.4
157980,22.0
158040,20.4
158100,21.6
158160,21.8
158220,22.8
158280,21.6
158340,21.8
158400,22.2
158460,22.6
158520,21.4
158580,23.2
158640,22.4
158700,22.6
158760,23.0
158820,22.2
158880,22.2
158940,22.6
159000,21.8
159060,22.6
159120,22.8
159180,22.6
159240,23.6
159300,22.2
159360,21.8
159420,21.2
159480,23.0
159540,22.4
159600,21.6
159660,22.8
159720,23.8
159780,21.2
159840,21.2
159900,22.0
159960,23.4
160020,23.0
160080,22.8
160140,23.4
160200,23.6
160260,21.8
160320,24.0
160380,23.8
160440,24.2
160500,23.2
160560,24.0
160620,23.4
160680,22.8
160740,23.2
160800,22.6
160860,22.4
160920,23.0
160980,24.4
161040,25.0
161100,23.6
161160,23.8
161220,23.6
161280,23.6
161340,22.6
161400,22.8
161460,23.0
161520,24.0
161580,25.0
161640,22.6
161700,24.6
161760,22.6
161820,24.8
161880,23.2
161940,22.4
162000,24.8
162060,23.4
162120,23.4
162180,23.8
162240,23.0
162300,22.4
162360,24.2
162420,23.6
162480,22.6
162540,23.8
162600,23.6
162660,22.8
162720,22.6
162780,23.2
162840,23.0
162900,22.8
162960,24.0
163020,22.0
163080,22.0
163140,22.6
163200,21.4
163260,24.4
163320,23.2
163380,23.2
163440,23.0
163500,23.8
163560,22.2
163620,23.6
163680,22.4
163740,23.0
163800,22.6
163860,22.8
163920,23.6
163980,23.6
164040,22.8
164100,23.2
164160,23.4
164220,23.2
164280,22.4
164340,22.6
164400,21.8
164460,22.4
164520,24.0
164580,24.0
164640,22.0
164700,23.6
164760,24.6
164820,25.6
164880,23.2
164940,22.6
165000,23.8
165060,22.4
165120,23.4
165180,23.8
165240,22.6
165300,22.4
165360,23.8
165420,24.0
165480,24.0
165540,25.2
165600,22.8
165660,24.6
165720,23.0
165780,24.6
165840,26.2
165900,23.4
165960,24.0
166020,24.4
166080,23.2
166140,24.6
166200,24.2
166260,24.0
166320,24.6
166380,23.6
166440,24.4
166500,23.4
166560,24.2
166620,23.6
166680,25.0
166740,23.0
166800,24.0
166860,26.6
166920,25.6
166980,26.2
167040,25.2
167100,25.2
167160,25.6
167220,24.2
167280,24.6
167340,24.6
167400,25.2
167460,24.4
167520,24.4
167580,24.4
167640,24.2
167700,23.2
167760,25.4
167820,24.6
167880,24.6
167940,24.2
168000,23.4
168060,24.0
168120,24.0
168180,23.0
168240,23.8
168300,23.6
168360,25.2
168420,24.2
168480,24.0
168540,24.0
168600,23.0
168660,23.4
168720,24.0
168780,24.4
168840,22.2
168900,23.0
168960,23.6
169020,23.0
169080,23.0
169140,23.8
169200,23.0
169260,23.4
169320,23.4
169380,23.8
169440,23.4
169500,21.2
169560,24.0
169620,23.0
169680,23.6
169740,23.4
169800,24.0
169860,24.0
169920,21.6
169980,25.0
170040,22.2
170100,23.4
170160,24.8
170220,23.8
170280,24.2
170340,24.2
170400,24.0
170460,24.8
170520,24.6
170580,24.6
170640,24.0
170700,24.4
170760,23.2
170820,23.2
170880,22.6
170940,24.8
171000,22.6
171060,23.6
171120,23.6
171180,21.8
171240,22.8
171300,23.0
171360,23.0
171420,22.0
171480,23.4
171540,22.4
171600,23.2
171660,22.4
171720,24.4
171780,22.4
171840,23.0
171900,22.6
171960,22.6
172020,21.6
172080,23.0
172140,22.2
172200,21.8
172260,24.6
172320,22.8
172380,23.8
172440,23.2
172500,23.4
172560,23.6
172620,23.6
172680,24.6
172740,23.6
172800,23.2
172860,23.4
172920,23.0
172980,22.6
173040,24.6
173100,25.0
173160,24.0
173220,24.0
173280,25.0
173340,24.2
173400,24.2
173460,24.2
173520,24.4
173580,24.0
173640,23.8
173700,23.4
173760,25.0
173820,25.0
173880,24.4
173940,22.4
174000,23.8
174060,23.8
174120,24.4
174180,22.6
174240,23.2
174300,22.2
174360,23.6
174420,24.4
174480,23.2
174540,25.2
174600,24.4
174660,24.2
174720,24.4
174780,24.0
174840,23.6
174900,24.2
174960,24.8
175020,24.2
175080,24.2
175140,23.8
175200,24.2
175260,24.0
175320,24.0
175380,23.0
175440,25.0
175500,25.6
175560,23.6
175620,25.0
175680,22.2
175740,24.0
175800,22.8
175860,22.8
175920,24.8
175980,23.2
176040,23.2
176100,24.2
176160,23.4
176220,23.6
176280,24.0
176340,24.8
176400,24.4
176460,25.4
176520,23.4
176580,23.4
176640,23.0
176700,23.6
176760,23.6
176820,24.8
176880,25.2
176940,25.2
177000,23.6
177060,24.8
177120,23.6
177180,24.6
177240,23.8
177300,23.2
177360,26.0
177420,24.6
177480,25.0
177540,24.0
177600,24.2
177660,26.0
177720,24.8
177780,25.0
177840,23.6
177900,22.8
177960,22.6
178020,22.6
178080,24.6
178140,22.8
178200,24.4
178260,22.8
178320,24.2
178380,23.2
178440,24.2
178500,24.6
178560,23.2
178620,23.6
178680,24.8
178740,23.2
178800,24.4
178860,22.4
178920,24.4
178980,23.6
179040,23.8
179100,23.0
179160,23.2
179220,24.8
179280,22.0
179340,23.2
179400,22.4
179460,23.6
179520,23.8
179580,23.6
179640,23.0
179700,23.0
179760,24.2
179820,24.6
179880,25.2
179940,23.4
180000,23.4
