#Steps,score
60,1.0
120,0.4
180,1.2
240,1.4
300,2.2
360,0.4
420,1.8
480,1.8
540,0.8
600,0.8
660,0.8
720,1.2
780,1.2
840,1.4
900,1.0
960,0.6
1020,0.4
1080,1.0
1140,1.0
1200,1.0
1260,1.2
1320,0.6
1380,1.6
1440,1.0
1500,0.6
1560,0.8
1620,1.4
1680,1.2
1740,1.2
1800,0.4
1860,1.6
1920,1.6
1980,1.2
2040,0.8
2100,0.8
2160,0.4
2220,1.0
2280,0.2
2340,1.2
2400,1.2
2460,2.2
2520,1.8
2580,1.2
2640,1.6
2700,1.0
2760,1.2
2820,1.4
2880,1.2
2940,1.0
3000,2.4
3060,1.6
3120,1.6
3180,1.4
3240,1.0
3300,0.8
3360,1.0
3420,1.6
3480,1.4
3540,1.0
3600,1.0
3660,0.8
3720,1.2
3780,2.0
3840,0.8
3900,0.4
3960,1.0
4020,1.0
4080,1.6
4140,2.6
4200,1.2
4260,1.6
4320,0.6
4380,0.2
4440,1.0
4500,1.2
4560,1.4
4620,0.2
4680,1.0
4740,0.8
4800,1.6
4860,1.4
4920,1.8
4980,0.4
5040,1.2
5100,1.2
5160,1.4
5220,0.4
5280,0.6
5340,0.6
5400,1.0
5460,0.6
5520,0.4
5580,1.2
5640,0.8
5700,1.0
5760,1.8
5820,1.4
5880,1.6
5940,1.6
6000,0.8
6060,1.6
6120,0.8
6180,1.2
6240,1.6
6300,1.8
6360,0.8
6420,1.8
6480,1.4
6540,1.0
6600,1.0
6660,1.8
6720,0.2
6780,0.6
6840,0.8
6900,0.4
6960,2.6
7020,1.2
7080,1.8
7140,2.4
7200,1.2
7260,2.0
7320,1.6
7380,0.8
7440,0.8
7500,1.6
7560,1.6
7620,1.2
7680,0.2
7740,1.0
7800,1.6
7860,1.4
7920,1.2
7980,1.6
8040,1.0
8100,1.2
8160,0.4
8220,1.0
8280,2.0
8340,2.0
8400,0.8
8460,1.8
8520,2.0
8580,0.6
8640,0.8
8700,1.0
8760,0.6
8820,1.8
8880,1.4
8940,0.4
9000,1.8
9060,1.6
9120,1.6
9180,0.8
9240,0.6
9300,1.0
9360,1.2
9420,2.0
9480,0.6
9540,0.6
9600,1.4
9660,1.4
9720,0.8
9780,2.0
9840,2.4
9900,1.6
9960,0.8
10020,0.8
10080,1.0
10140,0.8
10200,2.2
10260,1.4
10320,0.8
10380,1.4
10440,1.0
10500,0.8
10560,1.0
10620,1.6
10680,1.2
10740,0.6
10800,0.4
10860,1.4
10920,1.6
10980,1.2
11040,0.4
11100,2.0
11160,1.0
11220,0.4
11280,1.4
11340,1.4
11400,1.6
11460,1.2
11520,1.6
11580,1.4
11640,1.2
11700,1.0
11760,1.6
11820,1.0
11880,0.6
11940,1.6
12000,0.6
12060,1.2
12120,0.6
12180,1.4
12240,0.8
12300,1.4
12360,1.4
12420,1.6
12480,1.4
12540,1.8
12600,0.2
12660,1.8
12720,2.0
12780,1.6
12840,1.6
12900,0.8
12960,1.0
13020,1.0
13080,1.2
13140,2.0
13200,2.0
13260,1.6
13320,1.8
13380,2.0
13440,1.4
13500,0.8
13560,1.8
13620,1.4
13680,1.8
13740,1.8
13800,1.4
13860,0.8
13920,2.0
13980,1.8
14040,1.0
14100,0.6
14160,1.0
14220,1.0
14280,0.8
14340,1.4
14400,1.8
14460,1.2
14520,1.4
14580,1.0
14640,0.4
14700,1.8
14760,1.6
14820,0.6
14880,1.4
14940,1.6
15000,0.8
15060,1.4
15120,0.8
15180,0.8
15240,1.6
15300,2.4
15360,1.0
15420,1.2
15480,1.4
15540,1.4
15600,1.2
15660,2.4
15720,1.4
15780,1.6
15840,1.2
15900,0.8
15960,1.0
16020,2.0
16080,0.2
16140,0.8
16200,1.0
16260,1.6
16320,1.0
16380,1.4
16440,1.6
16500,1.4
16560,1.0
16620,1.4
16680,0.4
16740,1.8
16800,0.6
16860,1.0
16920,1.0
16980,1.6
17040,1.2
17100,1.8
17160,1.4
17220,1.2
17280,1.4
17340,1.2
17400,1.8
17460,1.8
17520,1.8
17580,1.2
17640,1.6
17700,2.0
17760,0.8
17820,0.8
17880,1.4
17940,1.4
18000,1.6
18060,0.8
18120,1.0
18180,1.4
18240,1.4
18300,1.4
18360,1.2
18420,1.2
18480,1.6
18540,1.4
18600,1.4
18660,1.0
18720,1.8
18780,1.6
18840,1.2
18900,2.4
18960,1.0
19020,1.6
19080,1.2
19140,1.4
19200,1.2
19260,1.0
19320,1.4
19380,1.0
19440,0.6
19500,1.4
19560,1.6
19620,2.6
19680,1.4
19740,1.2
19800,1.8
19860,1.2
19920,1.2
19980,1.4
20040,1.6
20100,1.6
20160,1.6
20220,1.0
20280,1.4
20340,1.6
20400,1.2
20460,0.2
20520,1.2
20580,2.2
20640,0.4
20700,1.0
20760,2.0
20820,1.8
20880,1.4
20940,2.2
21000,1.6
21060,1.2
21120,0.4
21180,1.8
21240,2.2
21300,1.6
21360,1.6
21420,1.2
21480,1.6
21540,1.4
21600,1.0
21660,1.2
21720,1.4
21780,1.0
21840,1.0
21900,1.2
21960,0.4
22020,1.0
22080,2.0
22140,0.8
22200,1.6
22260,2.4
22320,1.2
22380,1.2
22440,0.6
22500,1.2
22560,0.6
22620,1.6
22680,1.0
22740,1.2
22800,1.4
22860,1.2
22920,0.8
22980,1.2
23040,1.2
23100,0.4
23160,0.8
23220,0.8
23280,2.0
23340,1.2
23400,1.8
23460,1.8
23520,1.2
23580,2.4
23640,2.0
23700,0.4
23760,0.6
23820,1.6
23880,0.6
23940,0.4
24000,0.8
24060,0.8
24120,0.6
24180,0.8
24240,0.6
24300,1.0
24360,1.6
24420,1.8
24480,0.6
24540,1.6
24600,1.0
24660,1.4
24720,1.2
24780,1.8
24840,2.0
24900,1.2
24960,1.2
25020,1.2
25080,1.8
25140,1.4
25200,2.4
25260,0.8
25320,2.0
25380,1.4
25440,1.6
25500,1.2
25560,3.0
25620,1.4
25680,1.8
25740,0.8
25800,1.4
25860,1.2
25920,0.8
25980,1.0
26040,1.0
26100,1.6
26160,1.6
26220,1.8
26280,1.8
26340,1.0
26400,1.8
26460,1.0
26520,1.8
26580,1.2
26640,0.8
26700,1.8
26760,1.6
26820,1.4
26880,2.2
26940,1.8
27000,1.4
27060,0.4
27120,1.8
27180,0.8
27240,2.0
27300,0.8
27360,1.2
27420,2.0
27480,1.4
27540,2.0
27600,1.0
27660,0.8
27720,2.2
27780,1.8
27840,2.8
27900,1.2
27960,2.2
28020,1.6
28080,2.0
28140,1.2
28200,2.0
28260,1.2
28320,1.2
28380,0.8
28440,1.0
28500,1.0
28560,1.0
28620,1.6
28680,2.0
28740,1.6
28800,1.4
28860,2.0
28920,1.4
28980,1.2
29040,1.2
29100,2.2
29160,1.2
29220,1.0
29280,1.0
29340,1.4
29400,1.8
29460,2.4
29520,1.6
29580,1.2
29640,2.2
29700,1.4
29760,1.6
29820,1.2
29880,1.6
29940,2.0
30000,1.8
30060,0.8
30120,1.4
30180,2.2
30240,1.6
30300,0.8
30360,0.6
30420,1.2
30480,1.2
30540,0.8
30600,2.6
30660,1.4
30720,1.8
30780,1.6
30840,1.4
30900,1.8
30960,1.4
31020,1.4
31080,1.4
31140,1.8
31200,0.8
31260,1.4
31320,2.2
31380,2.0
31440,1.2
31500,1.4
31560,1.6
31620,0.8
31680,1.0
31740,1.6
31800,1.4
31860,2.0
31920,1.4
31980,2.2
32040,2.2
32100,0.8
32160,2.4
32220,2.0
32280,1.0
32340,1.6
32400,1.8
32460,1.2
32520,1.6
32580,1.0
32640,1.8
32700,2.0
32760,1.4
32820,1.8
32880,2.8
32940,1.0
33000,1.8
33060,2.0
33120,1.2
33180,2.6
33240,0.6
33300,2.4
33360,1.8
33420,2.4
33480,1.6
33540,1.6
33600,1.0
33660,1.4
33720,1.6
33780,1.4
33840,0.8
33900,1.6
33960,1.2
34020,2.0
34080,2.0
34140,0.8
34200,1.6
34260,1.0
34320,2.4
34380,1.0
34440,0.8
34500,1.6
34560,0.4
34620,1.8
34680,0.4
34740,1.2
34800,1.0
34860,2.4
34920,1.2
34980,1.2
35040,1.0
35100,1.0
35160,1.4
35220,2.2
35280,1.2
35340,1.4
35400,1.4
35460,1.8
35520,1.4
35580,1.8
35640,1.8
35700,1.0
35760,1.8
35820,1.6
35880,1.8
35940,1.2
36000,1.8
36060,1.2
36120,2.0
36180,1.6
36240,0.8
36300,2.0
36360,1.6
36420,0.6
36480,1.6
36540,1.2
36600,1.6
36660,1.2
36720,2.2
36780,1.2
36840,2.4
36900,1.2
36960,2.2
37020,0.8
37080,1.8
37140,0.4
37200,1.4
37260,1.2
37320,1.8
37380,1.8
37440,1.6
37500,0.4
37560,2.0
37620,0.8
37680,2.0
37740,1.8
37800,2.2
37860,1.8
37920,2.2
37980,0.6
38040,0.8
38100,1.0
38160,1.2
38220,1.2
38280,2.2
38340,1.2
38400,1.2
38460,1.6
38520,1.6
38580,1.4
38640,0.8
38700,1.4
38760,1.6
38820,1.4
38880,1.4
38940,1.6
39000,1.6
39060,1.6
39120,1.6
39180,0.8
39240,2.0
39300,0.8
39360,0.6
39420,1.4
39480,1.4
39540,1.4
39600,1.2
39660,1.6
39720,1.2
39780,1.4
39840,2.2
39900,1.6
39960,0.8
40020,2.0
40080,2.0
40140,1.4
40200,1.4
40260,0.8
40320,1.0
40380,1.6
40440,1.0
40500,1.0
40560,1.0
40620,1.4
40680,1.2
40740,1.6
40800,1.4
40860,1.4
40920,1.2
40980,2.4
41040,1.4
41100,1.6
41160,1.2
41220,2.0
41280,1.2
41340,1.2
41400,1.8
41460,1.2
41520,1.4
41580,1.6
41640,1.2
41700,2.2
41760,1.8
41820,1.4
41880,1.2
41940,2.0
42000,1.2
42060,1.2
42120,0.6
42180,1.8
42240,0.6
42300,2.0
42360,1.4
42420,2.0
42480,1.4
42540,1.4
42600,2.2
42660,1.2
42720,1.6
42780,1.0
42840,1.2
42900,2.2
42960,3.0
43020,2.0
43080,1.2
43140,1.4
43200,0.8
43260,1.4
43320,2.2
43380,1.2
43440,1.2
43500,1.2
43560,2.2
43620,2.4
43680,1.4
43740,2.2
43800,1.2
43860,1.4
43920,1.0
43980,0.8
44040,2.6
44100,0.8
44160,2.0
44220,1.8
44280,1.6
44340,1.6
44400,2.0
44460,1.6
44520,1.6
44580,1.6
44640,2.6
44700,1.8
44760,1.2
44820,1.6
44880,2.2
44940,1.6
45000,1.8
45060,1.0
45120,2.0
45180,2.4
45240,1.8
45300,2.2
45360,2.4
45420,1.2
45480,2.0
45540,2.8
45600,2.0
45660,0.6
45720,2.8
45780,1.4
45840,3.2
45900,3.0
45960,2.0
46020,2.4
46080,2.2
46140,2.0
46200,2.2
46260,2.6
46320,1.2
46380,2.2
46440,1.4
46500,3.0
46560,3.2
46620,1.2
46680,2.0
46740,3.2
46800,2.0
46860,2.0
46920,3.0
46980,2.0
47040,2.0
47100,1.0
47160,1.2
47220,1.8
47280,1.8
47340,1.4
47400,1.6
47460,1.4
47520,0.6
47580,1.6
47640,1.0
47700,0.8
47760,2.2
47820,1.4
47880,1.6
47940,1.4
48000,1.6
48060,1.0
48120,1.4
48180,1.2
48240,2.0
48300,0.8
48360,1.8
48420,2.0
48480,0.8
48540,2.0
48600,2.4
48660,1.4
48720,1.0
48780,1.4
48840,1.2
48900,1.4
48960,1.2
49020,1.8
49080,0.8
49140,1.8
49200,1.6
49260,0.8
49320,2.6
49380,0.8
49440,1.0
49500,1.4
49560,1.8
49620,1.4
49680,2.2
49740,1.4
49800,1.8
49860,1.2
49920,2.0
49980,1.2
50040,1.2
50100,2.4
50160,1.0
50220,2.4
50280,2.0
50340,1.4
50400,0.8
50460,1.8
50520,1.0
50580,1.0
50640,1.4
50700,0.8
50760,1.2
50820,0.6
50880,1.4
50940,1.8
51000,1.2
51060,1.2
51120,3.0
51180,2.0
51240,1.4
51300,2.8
51360,0.4
51420,1.2
51480,2.2
51540,1.4
51600,1.6
51660,0.8
51720,2.2
51780,1.2
51840,1.4
51900,1.6
51960,1.8
52020,1.4
52080,1.4
52140,1.2
52200,1.4
52260,0.6
52320,2.0
52380,2.0
52440,1.6
52500,2.4
52560,0.8
52620,2.0
52680,2.0
52740,0.8
52800,2.4
52860,2.0
52920,1.0
52980,2.6
53040,1.8
53100,2.2
53160,2.4
53220,1.6
53280,2.4
53340,1.6
53400,1.4
53460,2.2
53520,1.8
53580,1.0
53640,2.0
53700,1.4
53760,1.6
53820,1.2
53880,1.0
53940,1.6
54000,2.0
54060,1.2
54120,1.8
54180,1.0
54240,1.6
54300,1.2
54360,2.2
54420,2.4
54480,1.4
54540,1.2
54600,1.6
54660,1.8
54720,1.2
54780,2.0
54840,2.4
54900,2.4
54960,2.2
55020,2.4
55080,1.2
55140,0.4
55200,2.2
55260,1.0
55320,0.8
55380,0.8
55440,1.4
55500,1.8
55560,1.6
55620,1.6
55680,2.8
55740,1.8
55800,1.6
55860,2.0
55920,1.8
55980,1.4
56040,2.2
56100,1.4
56160,2.2
56220,0.2
56280,2.0
56340,2.6
56400,1.6
56460,0.6
56520,2.2
56580,2.0
56640,2.0
56700,1.6
56760,1.6
56820,2.0
56880,1.8
56940,1.4
57000,2.6
57060,2.2
57120,2.2
57180,3.0
57240,1.2
57300,1.4
57360,2.2
57420,0.8
57480,1.8
57540,3.0
57600,2.4
57660,0.8
57720,0.8
57780,2.4
57840,1.2
57900,2.2
57960,1.8
58020,2.8
58080,1.0
58140,2.2
58200,2.2
58260,2.6
58320,2.6
58380,2.0
58440,2.0
58500,1.4
58560,1.8
58620,1.4
58680,1.0
58740,1.8
58800,1.2
58860,2.2
58920,2.0
58980,3.2
59040,1.2
59100,2.8
59160,1.8
59220,1.2
59280,2.4
59340,2.2
59400,1.8
59460,1.2
59520,1.2
59580,0.8
59640,1.2
59700,2.2
59760,2.0
59820,2.2
59880,1.8
59940,2.0
60000,2.0
60060,2.0
60120,1.6
60180,2.2
60240,2.0
60300,1.4
60360,2.2
60420,2.0
60480,2.2
60540,2.8
60600,0.8
60660,1.0
60720,1.6
60780,2.2
60840,1.2
60900,2.4
60960,1.6
61020,2.6
61080,1.8
61140,1.4
61200,1.8
61260,1.8
61320,2.4
61380,1.2
61440,1.8
61500,1.8
61560,2.0
61620,1.4
61680,3.0
61740,2.8
61800,1.4
61860,1.4
61920,1.6
61980,2.2
62040,2.4
62100,1.8
62160,2.0
62220,2.6
62280,1.6
62340,2.6
62400,2.6
62460,2.4
62520,1.6
62580,2.4
62640,1.6
62700,1.0
62760,3.0
62820,2.4
62880,1.6
62940,1.4
63000,2.4
63060,1.6
63120,1.8
63180,3.0
63240,2.0
63300,2.4
63360,1.4
63420,2.6
63480,2.4
63540,3.2
63600,2.0
63660,1.8
63720,1.6
63780,2.0
63840,2.0
63900,2.2
63960,3.0
64020,2.0
64080,1.8
64140,2.2
64200,2.6
64260,2.2
64320,2.0
64380,2.6
64440,1.4
64500,2.2
64560,3.4
64620,2.4
64680,2.6
64740,2.0
64800,1.6
64860,2.0
64920,2.4
64980,1.6
65040,2.4
65100,2.2
65160,2.6
65220,2.6
65280,2.6
65340,2.0
65400,2.2
65460,1.8
65520,2.4
65580,3.0
65640,3.0
65700,2.2
65760,4.0
65820,3.4
65880,2.8
65940,3.4
66000,2.2
66060,2.0
66120,3.4
66180,3.4
66240,3.0
66300,2.6
66360,2.0
66420,1.6
66480,2.8
66540,2.4
66600,1.8
66660,2.8
66720,1.6
66780,2.0
66840,2.0
66900,1.2
66960,1.2
67020,1.8
67080,2.6
67140,2.6
67200,2.6
67260,2.8
67320,1.8
67380,2.4
67440,1.8
67500,2.0
67560,3.4
67620,2.2
67680,3.2
67740,2.6
67800,1.8
67860,2.4
67920,1.2
67980,2.2
68040,3.0
68100,1.4
68160,2.0
68220,2.0
68280,1.4
68340,2.2
68400,3.0
68460,2.4
68520,1.8
68580,2.8
68640,2.6
68700,1.6
68760,1.8
68820,2.2
68880,3.0
68940,3.0
69000,2.6
69060,4.0
69120,3.8
69180,3.2
69240,1.8
69300,2.2
69360,1.6
69420,3.2
69480,3.0
69540,3.8
69600,2.6
69660,3.0
69720,3.0
69780,4.0
69840,5.2
69900,3.2
69960,2.2
70020,4.8
70080,4.0
70140,4.2
70200,3.8
70260,3.4
70320,2.4
70380,3.2
70440,2.8
70500,2.8
70560,2.2
70620,3.8
70680,2.8
70740,2.4
70800,2.8
70860,2.6
70920,3.4
70980,2.8
71040,3.8
71100,2.8
71160,3.6
71220,2.8
71280,2.8
71340,1.6
71400,3.4
71460,3.4
71520,2.2
71580,2.4
71640,3.8
71700,3.2
71760,4.0
71820,2.4
71880,4.6
71940,3.2
72000,4.4
72060,3.2
72120,5.0
72180,3.0
72240,5.2
72300,3.2
72360,4.2
72420,2.8
72480,3.2
72540,4.8
72600,3.4
72660,4.8
72720,4.4
72780,3.2
72840,5.4
72900,2.6
72960,4.6
73020,5.8
73080,5.4
73140,4.2
73200,5.0
73260,4.0
73320,2.8
73380,5.2
73440,5.6
73500,4.0
73560,3.2
73620,4.0
73680,4.8
73740,4.6
73800,4.8
73860,1.8
73920,5.0
73980,3.2
74040,6.2
74100,6.0
74160,5.6
74220,4.2
74280,4.6
74340,3.8
74400,4.4
74460,5.6
74520,2.2
74580,3.0
74640,3.8
74700,3.4
74760,3.4
74820,2.4
74880,4.6
74940,2.8
75000,3.4
75060,1.8
75120,2.6
75180,2.4
75240,2.4
75300,2.6
75360,2.0
75420,2.4
75480,2.2
75540,1.8
75600,2.0
75660,2.8
75720,2.2
75780,2.4
75840,2.2
75900,2.6
75960,2.2
76020,2.6
76080,3.0
76140,1.6
76200,1.0
76260,1.2
76320,2.6
76380,2.8
76440,2.6
76500,1.8
76560,2.4
76620,2.0
76680,2.8
76740,2.4
76800,3.6
76860,1.8
76920,2.2
76980,1.6
77040,1.8
77100,1.8
77160,2.2
77220,1.4
77280,1.4
77340,3.4
77400,1.4
77460,2.6
77520,2.0
77580,4.0
77640,2.0
77700,2.8
77760,1.6
77820,2.6
77880,1.6
77940,2.4
78000,2.2
78060,2.2
78120,1.2
78180,2.0
78240,3.8
78300,2.4
78360,2.6
78420,1.4
78480,1.6
78540,3.0
78600,2.6
78660,3.0
78720,3.2
78780,1.2
78840,2.6
78900,2.4
78960,1.8
79020,3.0
79080,2.6
79140,1.6
79200,2.0
79260,1.8
79320,3.4
79380,1.4
79440,2.0
79500,1.8
79560,3.6
79620,3.8
79680,2.2
79740,2.6
79800,1.8
79860,2.6
79920,2.4
79980,3.6
80040,2.8
80100,3.6
80160,1.2
80220,2.8
80280,1.8
80340,1.8
80400,2.8
80460,2.2
80520,2.6
80580,3.0
80640,2.8
80700,1.8
80760,2.6
80820,1.8
80880,1.8
80940,3.2
81000,1.6
81060,3.0
81120,3.8
81180,3.4
81240,2.8
81300,2.6
81360,3.0
81420,3.6
81480,3.0
81540,3.0
81600,2.4
81660,4.4
81720,2.4
81780,4.0
81840,3.6
81900,3.4
81960,3.2
82020,3.8
82080,2.8
82140,3.2
82200,2.8
82260,3.2
82320,3.2
82380,4.2
82440,3.4
82500,5.0
82560,3.4
82620,2.4
82680,4.4
82740,4.4
82800,4.8
82860,3.8
82920,2.0
82980,4.4
83040,3.8
83100,3.4
83160,3.4
83220,5.4
83280,4.4
83340,6.2
83400,2.8
83460,3.8
83520,5.2
83580,4.8
83640,4.4
83700,3.8
83760,5.4
83820,5.6
83880,5.4
83940,4.2
84000,4.4
84060,5.4
84120,4.8
84180,3.0
84240,5.0
84300,5.6
84360,4.0
84420,4.0
84480,4.8
84540,2.6
84600,3.0
84660,4.6
84720,4.6
84780,4.2
84840,5.2
84900,6.4
84960,4.6
85020,6.0
85080,3.0
85140,5.6
85200,4.2
85260,5.0
85320,5.8
85380,3.2
85440,3.4
85500,4.8
85560,3.6
85620,4.8
85680,3.2
85740,5.0
85800,3.0
85860,3.4
85920,5.0
85980,4.4
86040,5.6
86100,3.0
86160,5.0
86220,4.0
86280,3.4
86340,3.4
86400,4.4
86460,2.8
86520,4.4
86580,1.8
86640,4.2
86700,3.2
86760,4.2
86820,3.4
86880,3.0
86940,4.2
87000,3.4
87060,2.8
87120,3.2
87180,4.0
87240,2.4
87300,4.4
87360,4.4
87420,3.4
87480,3.4
87540,3.4
87600,4.2
87660,4.0
87720,4.2
87780,4.0
87840,3.8
87900,3.4
87960,3.4
88020,2.8
88080,4.2
88140,4.6
88200,5.2
88260,5.4
88320,4.6
88380,5.6
88440,3.8
88500,4.6
88560,3.4
88620,6.4
88680,5.4
88740,4.2
88800,2.4
88860,6.6
88920,4.6
88980,5.8
89040,4.8
89100,5.4
89160,4.6
89220,4.8
89280,4.4
89340,5.2
89400,3.0
89460,5.2
89520,3.2
89580,4.6
89640,4.6
89700,4.4
89760,4.0
89820,4.8
89880,4.0
89940,5.4
90000,4.8
90060,3.8
90120,4.4
90180,5.0
90240,3.8
90300,5.8
90360,4.2
90420,4.0
90480,5.2
90540,4.8
90600,4.4
90660,5.0
90720,4.2
90780,4.0
90840,4.8
90900,4.6
90960,4.2
91020,3.6
91080,3.6
91140,4.8
91200,7.0
91260,5.0
91320,3.6
91380,3.6
91440,5.2
91500,3.2
91560,3.4
91620,5.0
91680,5.6
91740,4.2
91800,4.6
91860,4.2
91920,5.2
91980,4.4
92040,5.8
92100,3.6
92160,3.8
92220,4.0
92280,4.0
92340,4.6
92400,4.0
92460,3.2
92520,5.0
92580,4.0
92640,4.4
92700,3.8
92760,4.6
92820,4.6
92880,4.4
92940,3.4
93000,4.6
93060,6.2
93120,3.0
93180,4.0
93240,3.0
93300,3.6
93360,4.8
93420,3.4
93480,4.8
93540,6.4
93600,4.0
93660,4.4
93720,5.2
93780,4.6
93840,5.2
93900,4.6
93960,6.4
94020,5.0
94080,5.0
94140,4.6
94200,5.0
94260,3.6
94320,4.8
94380,4.4
94440,5.2
94500,3.0
94560,4.2
94620,4.8
94680,5.0
94740,5.2
94800,5.0
94860,4.4
94920,4.8
94980,4.4
95040,4.6
95100,3.6
95160,5.2
95220,4.8
95280,4.0
95340,4.6
95400,6.0
95460,7.2
95520,3.8
95580,4.6
95640,4.6
95700,5.2
95760,5.4
95820,5.4
95880,2.2
95940,4.4
96000,3.8
96060,4.0
96120,3.8
96180,4.6
96240,5.6
96300,4.4
96360,5.4
96420,5.2
96480,5.2
96540,4.4
96600,3.8
96660,4.6
96720,6.2
96780,5.2
96840,4.4
96900,4.8
96960,3.6
97020,6.6
97080,4.0
97140,4.2
97200,4.4
97260,5.2
97320,4.2
97380,4.2
97440,5.0
97500,5.6
97560,4.2
97620,4.0
97680,4.6
97740,5.6
97800,4.6
97860,2.8
97920,5.2
97980,4.4
98040,5.8
98100,5.8
98160,5.6
98220,3.4
98280,4.2
98340,4.2
98400,2.0
98460,4.0
98520,3.4
98580,3.8
98640,4.8
98700,5.2
98760,5.0
98820,4.0
98880,4.2
98940,5.2
99000,5.0
99060,3.6
99120,4.6
99180,4.6
99240,3.0
99300,5.0
99360,4.4
99420,5.6
99480,4.6
99540,3.4
99600,4.2
99660,2.4
99720,4.0
99780,4.8
99840,5.0
99900,3.4
99960,5.8
100020,4.8
100080,5.4
100140,4.4
100200,3.8
100260,4.6
100320,4.2
100380,4.0
100440,3.6
100500,3.2
100560,4.4
100620,6.0
100680,2.4
100740,4.0
100800,3.0
100860,5.0
100920,4.8
100980,4.0
101040,4.8
101100,5.0
101160,3.4
101220,3.8
101280,2.8
101340,5.2
101400,5.8
101460,3.8
101520,4.6
101580,4.6
101640,5.0
101700,4.6
101760,5.0
101820,5.0
101880,5.0
101940,4.0
102000,5.6
102060,2.6
102120,4.4
102180,4.4
102240,5.4
102300,4.8
102360,4.6
102420,4.2
102480,6.0
102540,4.8
102600,4.6
102660,6.6
102720,4.2
102780,5.2
102840,4.4
102900,4.6
102960,4.2
103020,4.8
103080,4.2
103140,4.4
103200,7.6
103260,4.0
103320,3.4
103380,3.6
103440,3.4
103500,3.6
103560,4.0
103620,2.8
103680,6.4
103740,5.4
103800,3.2
103860,4.8
103920,5.0
103980,6.2
104040,5.2
104100,5.4
104160,5.0
104220,4.6
104280,6.0
104340,5.6
104400,6.4
104460,4.2
104520,4.2
104580,4.4
104640,5.0
104700,3.8
104760,5.4
104820,4.8
104880,4.6
104940,3.6
105000,6.6
105060,5.0
105120,4.4
105180,5.6
105240,4.8
105300,4.6
105360,4.0
105420,4.0
105480,4.4
105540,5.4
105600,4.2
105660,3.6
105720,4.0
105780,6.0
105840,5.8
105900,3.6
105960,4.6
106020,5.4
106080,6.4
106140,4.6
106200,5.0
106260,5.0
106320,5.8
106380,5.0
106440,6.0
106500,5.4
106560,4.2
106620,4.2
106680,5.4
106740,4.2
106800,6.2
106860,4.2
106920,6.4
106980,4.6
107040,5.2
107100,4.4
107160,4.6
107220,5.2
107280,4.8
107340,3.2
107400,3.8
107460,5.0
107520,3.8
107580,3.2
107640,5.2
107700,6.0
107760,6.4
107820,4.2
107880,5.8
107940,3.6
108000,4.0
108060,5.4
108120,3.8
108180,3.4
108240,4.6
108300,5.2
108360,4.6
108420,4.4
108480,4.6
108540,5.2
108600,6.0
108660,4.4
108720,5.8
108780,3.8
108840,4.8
108900,4.4
108960,5.0
109020,4.6
109080,5.6
109140,4.2
109200,3.2
109260,6.2
109320,6.0
109380,4.6
109440,5.0
109500,4.0
109560,4.6
109620,5.2
109680,5.2
109740,5.0
109800,4.0
109860,4.2
109920,5.8
109980,5.0
110040,5.2
110100,6.2
110160,6.6
110220,7.0
110280,4.0
110340,5.0
110400,4.8
110460,4.2
110520,4.0
110580,4.2
110640,6.2
110700,7.8
110760,7.8
110820,6.0
110880,4.8
110940,6.2
111000,4.2
111060,4.8
111120,7.2
111180,6.0
111240,5.8
111300,5.6
111360,5.8
111420,6.0
111480,5.2
111540,5.0
111600,4.2
111660,6.0
111720,4.0
111780,4.0
111840,4.6
111900,6.6
111960,3.8
112020,4.6
112080,6.0
112140,6.6
112200,6.2
112260,5.8
112320,3.8
112380,4.6
112440,6.2
112500,7.8
112560,5.6
112620,5.2
112680,4.8
112740,4.4
112800,6.2
112860,4.6
112920,3.8
112980,5.6
113040,5.6
113100,5.4
113160,6.0
113220,5.4
113280,5.4
113340,5.4
113400,6.6
113460,6.4
113520,5.4
113580,5.0
113640,6.0
113700,5.0
113760,4.6
113820,7.4
113880,6.4
113940,5.4
114000,5.2
114060,5.8
114120,4.4
114180,5.8
114240,5.4
114300,6.8
114360,5.6
114420,4.6
114480,4.4
114540,5.4
114600,4.6
114660,6.0
114720,5.6
114780,5.0
114840,4.0
114900,5.2
114960,4.4
115020,5.0
115080,4.8
115140,5.2
115200,5.2
115260,4.8
115320,5.0
115380,7.8
115440,3.8
115500,4.6
115560,5.6
115620,4.6
115680,5.6
115740,5.6
115800,5.8
115860,5.0
115920,3.8
115980,5.8
116040,4.0
116100,6.2
116160,4.2
116220,6.6
116280,6.2
116340,5.4
116400,7.0
116460,6.0
116520,6.6
116580,5.4
116640,5.0
116700,6.2
116760,6.8
116820,6.6
116880,4.6
116940,3.8
117000,7.0
117060,6.6
117120,5.0
117180,4.4
117240,6.0
117300,6.6
117360,6.0
117420,6.8
117480,6.4
117540,6.0
117600,4.6
117660,6.4
117720,6.8
117780,5.6
117840,5.8
117900,5.8
117960,6.6
118020,6.2
118080,6.0
118140,5.6
118200,5.4
118260,6.8
118320,5.6
118380,4.4
118440,4.2
118500,6.4
118560,5.6
118620,6.8
118680,6.2
118740,6.0
118800,7.8
118860,3.8
118920,6.6
118980,6.8
119040,5.0
119100,5.6
119160,3.6
119220,5.4
119280,7.2
119340,7.0
119400,5.0
119460,6.6
119520,5.2
119580,5.4
119640,3.2
119700,5.4
119760,4.0
119820,3.4
119880,5.0
119940,6.6
120000,7.4
120060,6.2
120120,5.4
120180,5.4
120240,5.8
120300,6.0
120360,7.4
120420,6.4
120480,6.2
120540,6.0
120600,7.0
120660,6.8
120720,5.4
120780,6.0
120840,5.0
120900,9.4
120960,5.6
121020,6.6
121080,4.8
121140,5.8
121200,7.0
121260,5.6
121320,4.6
121380,7.6
121440,6.6
121500,7.8
121560,8.4
121620,6.0
121680,7.2
121740,9.0
121800,7.4
121860,9.2
121920,5.6
121980,7.0
122040,8.2
122100,5.8
122160,8.0
122220,7.6
122280,7.6
122340,6.0
122400,7.2
122460,8.4
122520,8.8
122580,8.6
122640,7.8
122700,8.4
122760,7.6
122820,8.0
122880,6.6
122940,8.2
123000,8.4
123060,6.8
123120,8.8
123180,7.2
123240,8.0
123300,8.0
123360,6.4
123420,7.0
123480,8.0
123540,8.6
123600,6.2
123660,7.6
123720,6.8
123780,7.8
123840,6.0
123900,10.0
123960,10.2
124020,9.4
124080,7.6
124140,9.2
124200,7.6
124260,9.0
124320,8.2
124380,7.4
124440,8.6
124500,11.6
124560,10.4
124620,9.6
124680,11.6
124740,12.8
124800,10.6
124860,11.2
124920,9.4
124980,10.4
125040,10.0
125100,9.2
125160,9.2
125220,8.2
125280,8.6
125340,9.8
125400,8.4
125460,7.0
125520,5.4
125580,8.6
125640,8.0
125700,8.8
125760,8.6
125820,10.2
125880,9.2
125940,7.8
126000,9.6
126060,9.2
126120,9.4
126180,9.6
126240,9.6
126300,9.2
126360,9.4
126420,9.6
126480,9.8
126540,10.4
126600,10.0
126660,11.4
126720,10.0
126780,13.0
126840,10.6
126900,12.0
126960,12.4
127020,14.6
127080,12.4
127140,15.2
127200,16.2
127260,15.2
127320,16.4
127380,18.6
127440,15.4
127500,18.0
127560,15.6
127620,18.2
127680,16.4
127740,18.2
127800,15.2
127860,16.8
127920,14.4
127980,16.2
128040,14.6
128100,12.4
128160,13.6
128220,13.6
128280,9.8
128340,9.0
128400,11.2
128460,12.0
128520,10.2
128580,9.4
128640,12.0
128700,10.4
128760,11.8
128820,11.2
128880,10.2
128940,9.2
129000,11.6
129060,11.0
129120,9.8
129180,10.6
129240,9.2
129300,8.4
129360,8.2
129420,8.4
129480,6.6
129540,8.4
129600,8.6
129660,10.4
129720,9.4
129780,10.6
129840,9.6
129900,10.8
129960,10.2
130020,9.0
130080,11.6
130140,9.4
130200,10.0
130260,10.8
130320,10.4
130380,12.4
130440,12.8
130500,12.2
130560,13.4
130620,12.8
130680,13.2
130740,13.0
130800,12.6
130860,14.2
130920,15.4
130980,15.8
131040,16.2
131100,19.2
131160,17.0
131220,16.8
131280,19.6
131340,17.0
131400,17.2
131460,17.4
131520,20.4
131580,20.4
131640,18.0
131700,19.2
131760,19.4
131820,17.2
131880,14.8
131940,15.4
132000,18.6
132060,16.8
132120,15.6
132180,16.2
132240,16.0
132300,14.0
132360,14.2
132420,12.2
132480,13.0
132540,10.8
132600,8.4
132660,6.6
132720,7.0
132780,5.2
132840,4.8
132900,5.6
132960,6.8
133020,5.0
133080,4.2
133140,2.4
133200,4.0
133260,3.6
133320,4.2
133380,4.6
133440,3.6
133500,3.4
133560,5.4
133620,4.4
133680,4.2
133740,3.8
133800,3.2
133860,4.6
133920,4.0
133980,3.6
134040,4.4
134100,3.6
134160,5.4
134220,5.4
134280,4.2
134340,5.2
134400,4.8
134460,4.6
134520,5.6
134580,4.4
134640,4.8
134700,4.6
134760,6.4
134820,6.0
134880,6.6
134940,5.8
135000,6.4
135060,6.8
135120,6.6
135180,7.6
135240,9.0
135300,8.2
135360,8.0
135420,9.4
135480,9.0
135540,10.4
135600,10.8
135660,11.0
135720,11.0
135780,12.6
135840,11.0
135900,12.4
135960,12.2
136020,12.2
136080,13.6
136140,15.2
136200,16.6
136260,14.8
136320,16.6
136380,16.6
136440,16.6
136500,17.4
136560,16.4
136620,16.8
136680,18.4
136740,18.0
136800,17.6
136860,16.4
136920,17.6
136980,16.0
137040,17.6
137100,17.2
137160,17.4
137220,19.0
137280,17.0
137340,19.4
137400,19.4
137460,20.6
137520,20.4
137580,20.6
137640,21.0
137700,21.0
137760,22.0
137820,22.6
137880,23.6
137940,21.0
138000,24.0
138060,21.8
138120,21.8
138180,22.8
138240,21.8
138300,21.8
138360,25.0
138420,24.8
138480,22.4
138540,23.4
138600,24.8
138660,23.0
138720,25.2
138780,22.8
138840,23.6
138900,24.6
138960,23.2
139020,24.6
139080,22.8
139140,23.4
139200,22.6
139260,22.6
139320,23.0
139380,24.0
139440,22.6
139500,25.2
139560,21.8
139620,23.6
139680,23.2
139740,22.0
139800,24.8
139860,23.4
139920,24.0
139980,22.2
140040,24.6
140100,23.6
140160,22.4
140220,24.0
140280,23.0
140340,26.0
140400,25.0
140460,23.2
140520,23.4
140580,24.2
140640,23.4
140700,23.8
140760,25.0
140820,24.6
140880,24.0
140940,25.4
141000,25.6
141060,26.2
141120,24.2
141180,24.6
141240,24.8
141300,22.8
141360,24.0
141420,24.4
141480,24.2
141540,23.8
141600,26.2
141660,25.6
141720,22.6
141780,25.0
141840,23.0
141900,24.4
141960,25.2
142020,24.8
142080,24.8
142140,23.0
142200,24.4
142260,24.4
142320,24.4
142380,24.2
142440,24.4
142500,24.0
142560,23.8
142620,25.2
142680,24.0
142740,24.8
142800,25.8
142860,25.2
142920,25.2
142980,24.8
143040,23.6
143100,21.4
143160,25.4
143220,24.6
143280,24.4
143340,24.8
143400,24.2
143460,24.8
143520,24.8
143580,23.0
143640,26.4
143700,23.0
143760,25.8
143820,23.0
143880,24.2
143940,24.8
144000,23.2
144060,23.6
144120,23.2
144180,25.8
144240,24.0
144300,23.8
144360,24.8
144420,24.2
144480,22.8
144540,25.0
144600,21.6
144660,22.4
144720,22.8
144780,22.6
144840,23.0
144900,24.6
144960,21.8
145020,21.8
145080,23.8
145140,22.0
145200,22.2
145260,23.8
145320,23.6
145380,24.6
145440,22.0
145500,21.4
145560,22.8
145620,23.4
145680,23.0
145740,24.0
145800,23.8
145860,23.0
145920,24.0
145980,24.2
146040,23.2
146100,23.2
146160,23.8
146220,22.6
146280,24.2
146340,21.8
146400,22.6
146460,23.4
146520,25.4
146580,22.8
146640,22.8
146700,22.8
146760,22.2
146820,24.4
146880,24.2
146940,23.0
147000,22.8
147060,22.0
147120,23.8
147180,22.8
147240,25.0
147300,22.0
147360,24.6
147420,24.0
147480,24.8
147540,23.6
147600,24.6
147660,24.4
147720,26.0
147780,24.8
147840,25.4
147900,24.4
147960,24.4
148020,25.2
148080,24.2
148140,25.2
148200,24.2
148260,24.0
148320,25.6
148380,25.8
148440,26.4
148500,24.8
148560,24.4
148620,25.8
148680,25.2
148740,25.8
148800,25.2
148860,25.4
148920,23.2
148980,25.2
149040,25.2
149100,26.0
149160,25.2
149220,24.6
149280,26.0
149340,24.8
149400,23.4
149460,26.0
149520,23.8
149580,25.4
149640,25.2
149700,23.6
149760,23.8
149820,26.2
149880,25.2
149940,25.0
150000,24.6
150060,24.8
150120,24.4
150180,25.6
150240,25.4
150300,24.2
150360,24.4
150420,26.2
150480,24.6
150540,26.0
150600,25.6
150660,24.8
150720,24.6
150780,25.6
150840,25.2
150900,25.8
150960,25.2
151020,24.8
151080,25.6
151140,25.2
151200,24.6
151260,24.6
151320,25.0
151380,23.8
151440,25.0
151500,24.4
151560,25.2
151620,24.4
151680,26.4
151740,24.8
151800,24.4
151860,24.8
151920,23.2
151980,24.0
152040,24.8
152100,24.6
152160,23.8
152220,23.0
152280,21.2
152340,22.2
152400,22.8
152460,22.4
152520,21.8
152580,23.2
152640,22.6
152700,23.4
152760,23.0
152820,23.0
152880,22.4
152940,22.6
153000,23.2
153060,24.0
153120,25.0
153180,21.8
153240,22.4
153300,21.8
153360,22.8
153420,23.8
153480,23.0
153540,23.0
153600,23.8
153660,24.8
153720,24.2
153780,24.8
153840,23.6
153900,25.0
153960,24.2
154020,24.6
154080,23.6
154140,23.8
154200,25.2
154260,24.2
154320,23.8
154380,25.4
154440,23.8
154500,23.6
154560,24.8
154620,25.0
154680,24.2
154740,24.2
154800,23.4
154860,23.8
154920,24.0
154980,24.0
155040,24.8
155100,24.4
155160,24.4
155220,24.0
155280,23.6
155340,23.4
155400,24.2
155460,24.2
155520,24.0
155580,23.4
155640,23.4
155700,24.4
155760,24.0
155820,24.4
155880,24.4
155940,25.4
156000,23.8
156060,23.2
156120,21.8
156180,23.2
156240,23.0
156300,22.0
156360,22.0
156420,21.8
156480,20.4
156540,21.8
156600,22.4
156660,21.6
156720,21.6
156780,21.8
156840,23.8
156900,22.6
156960,22.8
157020,22.6
157080,21.6
157140,22.8
157200,23.4
157260,22.0
157320,21.8
157380,22.6
157440,24.0
157500,20.6
157560,23.4
157620,22.0
157680,22.8
157740,23.0
157800,22.0
157860,23.4
157920,21.6
157980,23.0
158040,24.0
158100,23.8
158160,23.4
158220,23.8
158280,24.6
158340,23.6
158400,24.4
158460,24.6
158520,24.6
158580,24.0
158640,25.6
158700,23.8
158760,25.4
158820,25.0
158880,25.0
158940,24.0
159000,24.0
159060,23.6
159120,22.8
159180,24.2
159240,24.4
159300,24.0
159360,22.8
159420,24.2
159480,23.6
159540,24.4
159600,23.4
159660,24.6
159720,22.8
159780,23.2
159840,24.6
159900,23.6
159960,24.8
160020,25.4
160080,24.2
160140,25.0
160200,23.8
160260,24.8
160320,25.6
160380,24.0
160440,24.4
160500,24.6
160560,24.4
160620,24.0
160680,24.4
160740,24.2
160800,23.4
160860,25.0
160920,24.6
160980,25.2
161040,25.6
161100,25.4
161160,24.8
161220,26.0
161280,26.2
161340,24.2
161400,26.0
161460,25.2
161520,24.6
161580,25.8
161640,23.6
161700,24.4
161760,22.4
161820,25.6
161880,24.6
161940,23.2
162000,23.8
162060,24.6
162120,26.0
162180,25.0
162240,24.8
162300,24.4
162360,26.2
162420,25.2
162480,24.4
162540,24.6
162600,25.0
162660,23.6
162720,24.2
162780,24.4
162840,25.6
162900,23.6
162960,25.0
163020,23.6
163080,24.6
163140,24.6
163200,24.4
163260,23.8
163320,23.8
163380,24.4
163440,23.0
163500,23.8
163560,22.6
163620,24.2
163680,24.2
163740,23.8
163800,23.4
163860,22.2
163920,24.6
163980,24.0
164040,23.2
164100,24.0
164160,22.0
164220,22.8
164280,23.2
164340,22.8
164400,22.6
164460,22.6
164520,22.2
164580,21.0
164640,23.4
164700,22.2
164760,21.4
164820,22.2
164880,22.2
164940,23.0
165000,21.0
165060,20.6
165120,21.2
165180,20.2
165240,22.0
165300,24.0
165360,23.4
165420,23.2
165480,23.2
165540,22.8
165600,22.0
165660,23.8
165720,22.6
165780,22.2
165840,22.8
165900,22.0
165960,22.6
166020,23.4
166080,24.4
166140,24.6
166200,23.0
166260,24.0
166320,23.6
166380,22.6
166440,25.4
166500,24.0
166560,24.4
166620,24.0
166680,24.8
166740,23.6
166800,24.4
166860,24.6
166920,25.0
166980,24.4
167040,23.8
167100,24.8
167160,24.4
167220,24.2
167280,25.0
167340,23.6
167400,24.2
167460,24.8
167520,22.8
167580,24.8
167640,23.8
167700,24.6
167760,24.4
167820,24.6
167880,24.6
167940,24.0
168000,24.4
168060,26.2
168120,24.0
168180,25.4
168240,24.8
168300,23.4
168360,26.8
168420,24.4
168480,25.4
168540,24.2
168600,23.4
168660,24.2
168720,25.8
168780,24.0
168840,24.8
168900,23.8
168960,25.4
169020,24.6
169080,25.6
169140,24.8
169200,24.0
169260,25.2
169320,24.8
169380,26.0
169440,25.2
169500,24.0
169560,24.4
169620,26.0
169680,25.2
169740,23.4
169800,23.6
169860,24.2
169920,23.2
169980,25.2
170040,24.4
170100,23.8
170160,24.0
170220,24.6
170280,23.2
170340,24.6
170400,25.2
170460,24.4
170520,24.4
170580,27.0
170640,24.0
170700,24.0
170760,24.8
170820,24.4
170880,24.4
170940,24.0
171000,25.8
171060,24.4
171120,25.2
171180,25.0
171240,25.0
171300,25.4
171360,26.0
171420,25.0
171480,25.2
171540,23.8
171600,25.4
171660,24.8
171720,25.4
171780,26.6
171840,24.0
171900,24.6
171960,25.0
172020,26.4
172080,24.8
172140,24.8
172200,24.4
172260,23.6
172320,25.2
172380,24.2
172440,24.2
172500,23.8
172560,24.8
172620,23.2
172680,23.8
172740,24.2
172800,23.6
172860,25.2
172920,24.8
172980,24.2
173040,23.6
173100,24.8
173160,25.2
173220,24.8
173280,26.0
173340,24.4
173400,25.0
173460,23.8
173520,24.2
173580,25.2
173640,24.2
173700,23.4
173760,24.2
173820,24.2
173880,25.6
173940,23.4
174000,25.4
174060,24.8
174120,24.8
174180,23.6
174240,24.4
174300,24.0
174360,24.0
174420,25.2
174480,24.2
174540,22.8
174600,25.2
174660,25.2
174720,25.0
174780,26.0
174840,24.4
174900,24.4
174960,24.2
175020,24.0
175080,25.0
175140,23.8
175200,25.6
175260,24.6
175320,23.8
175380,24.6
175440,24.0
175500,26.2
175560,24.8
175620,26.8
175680,23.8
175740,23.8
175800,23.6
175860,25.0
175920,24.2
175980,23.8
176040,24.0
176100,25.0
176160,23.8
176220,25.2
176280,24.6
176340,24.0
176400,24.8
176460,23.4
176520,25.6
176580,25.8
176640,24.6
176700,23.2
176760,23.6
176820,25.8
176880,25.8
176940,25.2
177000,23.2
177060,24.4
177120,25.2
177180,23.8
177240,24.8
177300,23.8
177360,22.2
177420,23.6
177480,23.6
177540,24.0
177600,24.2
177660,23.6
177720,24.4
177780,24.4
177840,23.4
177900,23.6
177960,22.6
178020,22.2
178080,23.0
178140,24.4
178200,23.6
178260,23.0
178320,23.6
178380,23.2
178440,22.4
178500,24.0
178560,22.0
178620,22.4
178680,22.2
178740,24.2
178800,23.2
178860,21.8
178920,22.0
178980,22.6
179040,22.2
179100,22.6
179160,22.4
179220,22.6
179280,21.6
179340,23.8
179400,22.2
179460,20.6
179520,22.6
179580,23.6
179640,22.6
179700,22.8
179760,22.8
179820,22.8
179880,22.4
179940,23.4
180000,25.2
180060,23.0
180120,22.6
180180,23.6
180240,24.4
180300,25.0
180360,23.4
180420,24.4
180480,24.6
180540,23.2
180600,25.6
180660,22.2
180720,23.8
180780,24.0
180840,24.0
180900,23.8
180960,21.8
181020,23.4
181080,22.4
181140,23.6
181200,22.8
181260,22.6
181320,22.2
181380,22.2
181440,24.4
181500,23.8
181560,25.4
181620,22.0
181680,24.8
181740,24.8
181800,23.8
181860,23.0
181920,24.2
181980,23.0
182040,22.6
182100,23.6
182160,23.8
182220,24.2
182280,23.4
182340,23.6
182400,22.2
182460,23.2
182520,22.4
182580,23.4
182640,23.2
182700,22.6
182760,24.2
182820,22.6
182880,22.6
182940,22.4
183000,24.0
183060,23.0
183120,23.2
183180,24.0
183240,23.4
183300,24.2
183360,22.6
183420,24.4
183480,24.4
183540,24.0
183600,23.6
183660,24.8
183720,24.6
183780,23.4
183840,22.4
183900,23.0
183960,22.4
184020,23.2
184080,23.0
184140,22.0
184200,23.2
184260,22.0
184320,22.6
184380,21.6
184440,21.4
184500,22.8
184560,21.0
184620,22.6
184680,23.0
184740,22.8
184800,23.6
184860,22.4
184920,22.4
184980,23.0
185040,23.4
185100,24.0
185160,22.4
185220,21.6
185280,23.4
185340,23.6
185400,22.8
185460,23.8
185520,23.6
185580,22.6
185640,22.0
185700,22.6
185760,21.8
185820,22.6
185880,22.6
185940,21.8
186000,21.0
186060,22.4
186120,23.4
186180,21.8
186240,21.4
186300,22.6
186360,23.2
186420,22.8
186480,23.4
186540,22.2
186600,23.4
186660,22.6
186720,25.4
186780,23.4
186840,23.6
186900,22.8
186960,21.8
187020,23.2
187080,24.0
187140,23.0
187200,22.6
187260,25.0
187320,22.8
187380,22.4
187440,23.8
187500,23.8
187560,20.4
187620,22.4
187680,23.4
187740,23.0
187800,24.6
187860,22.4
187920,22.4
187980,23.2
188040,22.2
188100,22.4
188160,23.8
188220,24.2
188280,24.0
188340,22.8
188400,22.4
188460,22.6
188520,23.6
188580,22.8
188640,22.6
188700,22.4
188760,22.6
188820,22.8
188880,23.0
188940,23.6
189000,21.6
189060,22.6
189120,23.4
189180,21.8
189240,22.0
189300,24.2
189360,22.6
189420,21.6
189480,22.0
189540,23.0
189600,22.4
189660,23.4
189720,22.6
189780,22.4
189840,24.8
189900,21.8
189960,22.8
190020,24.6
190080,24.6
190140,24.0
190200,25.0
190260,23.4
190320,24.0
190380,23.6
190440,24.2
190500,23.4
190560,23.6
190620,23.6
190680,23.8
190740,23.6
190800,22.4
190860,23.6
190920,24.2
190980,23.4
191040,24.4
191100,23.6
191160,22.6
191220,22.2
191280,23.6
191340,22.8
191400,23.4
191460,23.8
191520,23.8
191580,23.2
191640,22.8
191700,23.2
191760,23.0
191820,23.6
191880,22.2
191940,23.4
192000,22.4
192060,23.6
192120,23.4
192180,23.6
192240,24.6
192300,24.8
192360,22.6
192420,23.8
192480,23.4
192540,24.6
192600,23.4
192660,24.4
192720,24.4
192780,22.4
192840,25.0
192900,23.4
192960,25.2
193020,23.2
193080,24.0
193140,24.8
193200,24.2
193260,24.0
193320,23.2
193380,22.8
193440,23.2
193500,25.0
193560,24.0
193620,23.6
193680,24.2
193740,23.2
193800,23.8
193860,23.2
193920,23.6
193980,23.0
194040,24.0
194100,22.8
194160,23.4
194220,23.6
194280,23.6
194340,21.0
194400,21.2
194460,22.6
194520,20.8
194580,22.6
194640,22.0
194700,21.4
194760,22.0
194820,21.6
194880,20.0
194940,22.2
195000,21.4
195060,19.8
195120,21.2
195180,22.0
195240,22.4
195300,20.8
195360,22.2
195420,21.0
195480,22.4
195540,20.8
195600,21.6
195660,22.4
195720,22.2
195780,22.0
195840,22.6
195900,23.0
195960,23.0
196020,23.6
196080,22.6
196140,24.0
196200,24.0
196260,24.8
196320,22.6
196380,24.4
196440,23.8
196500,24.2
196560,24.0
196620,23.4
196680,24.2
196740,24.8
196800,21.6
196860,22.8
196920,25.4
196980,23.6
197040,24.6
197100,23.4
197160,22.2
197220,23.8
197280,23.4
197340,23.6
197400,24.4
197460,25.2
197520,23.4
197580,23.8
197640,24.4
197700,24.0
197760,22.8
197820,23.8
197880,24.4
197940,23.8
198000,24.2
198060,24.4
198120,22.8
198180,24.6
198240,25.4
198300,22.8
198360,22.0
198420,24.8
198480,23.8
198540,24.0
198600,24.8
198660,24.0
198720,23.6
198780,24.4
198840,24.0
198900,24.0
198960,25.0
199020,25.4
199080,24.4
199140,24.0
199200,23.0
199260,23.6
199320,23.0
199380,22.8
199440,22.8
199500,22.6
199560,23.6
199620,23.6
199680,22.2
199740,24.8
199800,24.2
199860,23.0
199920,23.0
199980,23.0
200040,22.6
200100,23.4
200160,22.4
200220,23.8
200280,23.6
200340,24.0
200400,22.8
200460,22.8
200520,24.4
200580,25.4
200640,23.0
200700,23.8
200760,25.6
200820,23.0
200880,24.2
200940,25.0
201000,23.6
201060,23.8
201120,24.8
201180,24.2
201240,24.8
201300,24.0
201360,25.6
201420,24.2
201480,23.8
201540,23.6
201600,24.6
201660,24.6
201720,24.2
201780,24.4
201840,24.8
201900,24.4
201960,23.4
202020,24.2
202080,25.0
202140,25.0
202200,25.8
202260,25.2
202320,26.0
202380,24.8
202440,23.8
202500,24.0
202560,23.8
202620,23.6
202680,23.4
202740,23.2
202800,24.2
202860,25.0
202920,23.4
202980,23.8
203040,24.6
203100,26.0
203160,24.6
203220,23.6
203280,23.2
203340,24.6
203400,23.0
203460,24.2
203520,23.6
203580,24.0
203640,24.4
203700,24.2
203760,24.2
203820,22.6
203880,24.6
203940,25.0
204000,24.0
204060,23.6
204120,24.6
204180,24.0
204240,23.8
204300,25.0
204360,23.6
204420,23.4
204480,23.4
204540,24.2
204600,24.4
204660,23.0
204720,22.6
204780,25.2
204840,23.0
204900,22.8
204960,23.0
205020,23.2
205080,23.6
205140,23.6
205200,22.4
205260,22.2
205320,21.2
205380,22.0
205440,23.0
205500,23.2
205560,23.4
205620,22.2
205680,22.4
205740,22.4
205800,22.8
205860,22.8
205920,23.8
205980,23.2
206040,22.2
206100,23.2
206160,21.8
206220,21.6
206280,23.2
206340,22.4
206400,22.0
206460,22.2
206520,21.8
206580,22.0
206640,23.2
206700,21.4
206760,22.4
206820,22.2
206880,23.2
206940,21.6
207000,23.6
207060,23.0
207120,22.2
207180,24.0
207240,24.0
207300,25.2
207360,24.2
207420,24.6
207480,23.0
207540,22.4
207600,23.6
207660,24.2
207720,24.2
207780,23.8
207840,25.2
207900,25.2
207960,24.6
208020,22.8
208080,24.4
208140,24.4
208200,24.2
208260,26.0
208320,23.8
208380,25.0
208440,25.2
208500,23.8
208560,25.6
208620,23.6
208680,23.6
208740,24.2
208800,22.8
208860,25.4
208920,23.4
208980,24.4
209040,24.2
209100,25.4
209160,23.0
209220,26.0
209280,24.0
209340,23.8
209400,23.6
209460,24.8
209520,24.0
209580,23.8
209640,25.6
209700,23.8
209760,24.8
209820,25.8
209880,22.6
209940,24.8
210000,24.6
210060,24.4
210120,26.4
210180,24.0
210240,25.4
210300,25.0
210360,25.6
210420,26.4
210480,23.8
210540,24.4
210600,24.2
210660,26.0
210720,25.2
210780,25.0
210840,25.6
210900,23.6
210960,23.4
211020,25.6
211080,24.8
211140,25.0
211200,24.8
211260,24.6
211320,24.4
211380,24.6
211440,24.0
211500,23.8
211560,21.8
211620,23.0
211680,24.0
211740,23.6
211800,23.8
211860,22.0
211920,23.4
211980,24.8
212040,23.6
212100,23.2
212160,23.2
212220,23.8
212280,24.4
212340,23.2
212400,26.2
212460,25.0
212520,24.2
212580,24.2
212640,24.8
212700,24.8
212760,23.6
212820,23.0
212880,24.4
212940,24.0
213000,25.8
213060,24.6
213120,24.0
213180,23.6
213240,24.4
213300,23.4
213360,24.4
213420,23.8
213480,23.4
213540,24.4
213600,25.8
213660,24.2
213720,23.4
213780,24.4
213840,24.4
213900,26.0
213960,24.6
214020,24.6
214080,25.2
214140,22.6
214200,25.0
214260,23.2
214320,23.2
214380,24.8
214440,23.2
214500,24.2
214560,23.4
214620,24.4
214680,24.6
214740,24.4
214800,23.2
214860,24.0
214920,25.0
214980,24.6
215040,23.8
215100,25.6
215160,23.8
215220,25.0
215280,23.6
215340,24.4
215400,23.6
215460,25.2
215520,23.6
215580,25.4
215640,24.2
215700,23.8
215760,24.4
215820,23.4
215880,26.4
215940,25.8
216000,24.2
216060,24.4
216120,23.6
216180,23.8
216240,24.0
216300,23.4
216360,23.8
216420,26.8
216480,24.2
216540,23.0
216600,24.2
216660,23.8
216720,25.2
216780,24.2
216840,24.0
216900,23.8
216960,25.0
217020,24.6
217080,25.4
217140,24.2
217200,24.4
217260,24.4
217320,22.6
217380,23.8
217440,24.0
217500,22.8
217560,24.6
217620,22.2
217680,25.0
217740,23.4
217800,24.2
217860,22.6
217920,23.6
217980,23.4
218040,23.8
218100,23.6
218160,24.0
218220,23.4
218280,23.2
218340,22.6
218400,24.2
218460,22.8
218520,22.0
218580,24.2
218640,22.0
218700,23.8
218760,22.8
218820,22.2
218880,22.8
218940,25.6
219000,23.6
219060,24.0
219120,22.4
219180,23.4
219240,23.8
219300,23.4
219360,24.8
219420,25.8
219480,24.4
219540,25.0
219600,24.4
219660,24.8
219720,23.4
219780,24.6
219840,24.8
219900,24.2
219960,24.6
220020,22.8
220080,24.4
220140,24.2
220200,22.8
220260,23.4
220320,24.6
220380,23.2
220440,24.4
220500,22.8
220560,24.0
220620,25.0
220680,24.2
220740,25.8
220800,24.6
220860,25.6
220920,23.8
220980,25.4
221040,25.0
221100,24.6
221160,25.0
221220,25.6
221280,23.6
221340,25.6
221400,24.4
221460,25.0
221520,25.6
221580,24.0
221640,25.0
221700,24.2
221760,24.0
221820,24.4
221880,24.2
221940,26.0
222000,24.6
222060,23.0
222120,24.6
222180,23.6
222240,24.4
222300,23.2
222360,23.2
222420,23.2
222480,23.0
222540,25.8
222600,24.0
222660,24.6
222720,23.8
222780,24.4
222840,25.6
222900,25.4
222960,24.6
223020,23.8
223080,25.0
223140,24.0
223200,24.0
223260,23.6
223320,23.4
223380,23.4
223440,23.2
223500,22.4
223560,22.2
223620,22.0
223680,22.6
223740,22.2
223800,20.0
223860,22.2
223920,22.0
223980,23.4
224040,23.0
224100,22.4
224160,22.0
224220,21.4
224280,22.0
224340,22.8
224400,22.2
224460,21.0
224520,22.4
224580,23.0
224640,23.0
224700,23.2
224760,22.2
224820,21.8
224880,22.2
224940,22.6
225000,24.6
225060,23.4
225120,23.2
225180,24.0
225240,22.2
225300,23.4
225360,23.4
225420,24.4
225480,23.0
225540,22.8
225600,24.2
225660,24.6
225720,22.0
225780,25.2
225840,24.2
225900,23.0
225960,23.8
226020,24.4
226080,24.6
226140,23.8
226200,23.8
226260,24.6
226320,24.4
226380,23.6
226440,24.8
226500,22.0
226560,25.0
226620,23.6
226680,23.6
226740,24.8
226800,24.0
226860,23.8
226920,24.8
226980,24.0
227040,25.4
227100,24.0
227160,23.8
227220,24.0
227280,24.4
227340,26.0
227400,23.4
227460,24.8
227520,25.0
227580,24.6
227640,24.6
227700,23.4
227760,25.6
227820,26.8
227880,24.8
227940,24.2
228000,23.8
228060,25.4
228120,23.8
228180,25.0
228240,24.2
228300,25.6
228360,24.6
228420,24.4
228480,25.6
228540,25.4
228600,23.6
228660,25.6
228720,24.2
228780,26.2
228840,24.6
228900,24.4
228960,24.8
229020,25.6
229080,25.0
229140,24.0
229200,23.8
229260,24.8
229320,24.6
229380,24.0
229440,24.6
229500,25.2
229560,24.4
229620,23.6
229680,22.8
229740,25.0
229800,23.4
229860,24.0
229920,25.2
229980,24.0
230040,23.6
230100,24.2
230160,23.4
230220,24.6
230280,24.8
230340,23.8
230400,25.8
230460,24.8
230520,24.8
230580,25.2
230640,25.6
230700,23.8
230760,23.6
230820,24.2
230880,24.6
230940,24.4
231000,24.0
231060,24.8
231120,24.4
231180,24.4
231240,24.4
231300,24.2
231360,24.8
231420,25.0
231480,24.2
231540,25.4
231600,24.8
231660,22.4
231720,24.6
231780,25.0
231840,24.8
231900,25.0
231960,24.6
232020,24.6
232080,26.4
232140,24.4
232200,25.0
232260,24.6
232320,24.8
232380,25.4
232440,24.8
232500,25.4
232560,25.4
232620,24.4
232680,25.0
232740,23.6
232800,25.2
232860,24.2
232920,24.6
232980,24.4
233040,24.4
233100,26.0
233160,25.6
233220,25.2
233280,24.6
233340,24.0
233400,24.2
233460,24.2
233520,24.8
233580,24.6
233640,24.2
233700,23.8
233760,25.4
233820,25.4
233880,26.0
233940,26.0
234000,25.8
234060,24.6
234120,24.0
234180,24.2
234240,24.0
234300,23.2
234360,24.8
234420,25.0
234480,24.6
234540,24.2
234600,24.8
234660,25.2
234720,24.4
234780,25.2
234840,24.4
234900,23.8
234960,23.4
235020,26.6
235080,24.8
235140,25.2
235200,22.2
235260,24.4
235320,24.2
235380,24.2
235440,21.8
235500,23.4
235560,23.8
235620,24.2
235680,24.4
235740,24.2
235800,23.0
235860,24.8
235920,24.0
235980,23.8
236040,23.8
236100,24.8
236160,24.2
236220,23.2
236280,24.2
236340,25.0
236400,27.2
236460,25.6
236520,24.2
236580,24.4
236640,25.2
236700,24.6
236760,25.0
236820,23.0
236880,23.2
236940,24.0
237000,24.2
237060,24.8
237120,23.6
237180,26.8
237240,26.6
237300,24.4
237360,24.8
237420,25.4
237480,25.4
237540,26.0
237600,25.8
237660,25.6
237720,25.0
237780,24.0
237840,25.4
237900,24.6
237960,23.6
238020,26.4
238080,25.0
238140,26.0
238200,25.0
238260,24.6
238320,24.0
238380,24.0
238440,24.4
238500,24.2
238560,25.2
238620,24.8
238680,25.6
238740,24.8
238800,25.4
238860,24.2
238920,25.6
238980,24.4
239040,26.6
239100,25.6
239160,25.8
239220,24.8
239280,24.6
239340,25.6
239400,25.2
239460,25.4
239520,25.6
239580,24.8
239640,25.6
239700,23.2
239760,24.8
239820,25.0
239880,25.0
239940,26.2
240000,23.6
240060,24.8
240120,24.2
240180,26.0
240240,24.6
240300,23.6
240360,23.6
240420,23.2
240480,22.8
240540,25.0
240600,25.4
240660,24.4
240720,24.6
240780,24.8
240840,25.0
240900,26.2
240960,24.0
241020,24.6
241080,25.2
241140,24.0
241200,25.6
241260,25.4
241320,23.4
241380,25.0
241440,24.6
241500,23.0
241560,24.6
241620,24.2
241680,24.6
241740,24.4
241800,24.6
241860,24.6
241920,24.2
241980,24.2
242040,23.8
242100,24.4
242160,25.0
242220,24.2
242280,24.8
242340,24.8
242400,24.8
242460,24.8
242520,23.4
242580,24.4
242640,25.6
242700,25.2
242760,25.0
242820,25.2
242880,24.2
242940,25.0
243000,24.0
243060,24.2
243120,23.6
243180,23.8
243240,24.4
243300,24.4
243360,23.4
243420,25.4
243480,24.8
243540,25.0
243600,23.4
243660,24.4
243720,24.2
243780,22.8
243840,24.0
243900,24.2
243960,24.4
244020,24.6
244080,23.4
244140,24.6
244200,23.2
244260,24.6
244320,24.6
244380,24.0
244440,25.0
244500,23.4
244560,25.2
244620,24.6
244680,23.0
244740,26.4
244800,25.2
244860,25.4
244920,23.8
244980,26.8
245040,24.6
245100,23.0
245160,24.0
245220,24.2
245280,24.8
245340,23.4
245400,23.4
245460,23.6
245520,26.4
245580,24.0
245640,25.6
245700,24.4
245760,22.4
245820,24.6
245880,26.0
245940,24.0
246000,23.4
246060,24.8
246120,25.2
246180,25.4
246240,25.6
246300,23.0
246360,25.2
246420,23.2
246480,23.4
246540,24.0
246600,23.8
246660,24.4
246720,24.0
246780,23.6
246840,23.8
246900,23.6
246960,23.4
247020,23.8
247080,24.4
247140,23.2
247200,23.2
247260,23.8
247320,23.4
247380,24.2
247440,23.0
247500,24.4
247560,24.2
247620,25.8
247680,24.2
247740,23.4
247800,23.8
247860,25.8
247920,25.2
247980,24.0
248040,23.6
248100,22.0
248160,25.4
248220,24.4
248280,23.4
248340,23.6
248400,23.6
248460,24.2
248520,23.8
248580,24.6
248640,23.6
248700,25.2
248760,22.8
248820,24.0
248880,23.8
248940,23.0
249000,22.4
249060,24.2
249120,24.6
249180,23.8
249240,23.6
249300,24.2
249360,23.6
249420,23.2
249480,24.8
249540,25.0
249600,23.2
249660,23.8
249720,24.0
249780,23.2
249840,24.2
249900,23.8
249960,24.4
250020,22.8
250080,24.6
250140,22.6
250200,24.2
250260,23.6
250320,23.4
250380,23.0
250440,22.6
250500,24.4
250560,23.4
250620,24.8
250680,24.6
250740,25.0
250800,24.8
250860,22.4
250920,22.8
250980,22.8
251040,24.2
251100,24.6
251160,23.2
251220,24.4
251280,24.2
251340,22.0
251400,24.2
251460,23.4
251520,23.2
251580,24.2
251640,22.2
251700,24.0
251760,24.0
251820,24.8
251880,23.4
251940,26.6
252000,23.6
252060,22.6
252120,24.6
252180,23.4
252240,23.8
252300,24.0
252360,23.0
252420,22.0
252480,24.4
252540,23.6
252600,23.4
252660,23.4
252720,24.4
252780,23.6
252840,22.4
252900,23.0
252960,23.6
253020,23.6
253080,22.4
253140,22.2
253200,23.0
253260,22.0
253320,24.2
253380,23.4
253440,24.6
253500,24.8
253560,26.4
253620,24.2
253680,23.6
253740,23.2
253800,24.2
253860,23.6
253920,23.6
253980,25.6
254040,23.6
254100,23.6
254160,23.0
254220,24.6
254280,23.0
254340,23.2
254400,23.2
254460,22.6
254520,22.6
254580,22.4
254640,23.4
254700,22.4
254760,23.8
254820,22.8
254880,24.4
254940,24.4
255000,23.8
255060,22.8
255120,24.2
255180,23.8
255240,25.0
255300,24.2
255360,24.6
255420,24.4
255480,23.8
255540,23.6
255600,24.2
255660,22.6
255720,25.0
255780,25.0
255840,24.2
255900,24.6
255960,25.4
256020,23.2
256080,24.2
256140,24.4
256200,23.8
256260,24.8
256320,24.2
256380,24.6
256440,26.4
256500,23.8
256560,25.4
256620,24.2
256680,25.6
256740,23.6
256800,25.0
256860,23.8
256920,25.4
256980,24.2
257040,26.6
257100,25.2
257160,25.2
257220,25.6
257280,25.2
257340,24.0
257400,24.4
257460,24.2
257520,25.8
257580,25.8
257640,25.0
257700,25.4
257760,24.0
257820,24.8
257880,22.8
257940,25.6
258000,24.8
258060,24.8
258120,25.0
258180,25.8
258240,25.4
258300,25.2
258360,25.0
258420,24.0
258480,25.8
258540,24.2
258600,26.2
258660,25.0
258720,23.8
258780,23.8
258840,25.6
258900,24.4
258960,25.2
259020,25.0
259080,25.0
259140,24.2
259200,24.2
259260,23.8
259320,23.4
259380,22.8
259440,23.8
259500,25.6
259560,22.2
259620,24.8
259680,23.8
259740,25.2
259800,25.6
259860,24.0
259920,24.4
259980,24.4
260040,24.4
260100,25.6
260160,25.0
260220,25.4
260280,25.0
260340,24.0
260400,23.4
260460,24.2
260520,24.4
260580,23.6
260640,25.4
260700,25.6
260760,24.4
260820,23.6
260880,24.2
260940,24.6
261000,24.8
261060,23.0
261120,24.4
261180,24.8
261240,25.4
261300,25.0
261360,25.0
261420,24.4
261480,24.6
261540,25.8
261600,23.0
261660,24.8
261720,24.2
261780,25.4
261840,24.4
261900,23.8
261960,25.0
262020,24.2
262080,25.2
262140,24.8
262200,25.0
262260,25.2
262320,24.0
262380,24.0
262440,24.6
262500,22.6
262560,22.6
262620,24.8
262680,24.0
262740,22.8
262800,25.0
262860,23.8
262920,23.2
262980,23.2
263040,23.8
263100,25.6
263160,25.0
263220,23.0
263280,23.4
263340,24.4
263400,25.0
263460,25.6
263520,24.8
263580,24.6
263640,23.6
263700,24.0
263760,24.6
263820,23.4
263880,23.2
263940,24.0
264000,23.8
264060,23.6
264120,23.2
264180,22.8
264240,23.8
264300,23.2
264360,24.6
264420,23.2
264480,23.8
264540,23.4
264600,24.0
264660,23.2
264720,24.4
264780,25.2
264840,25.0
264900,24.2
264960,23.8
265020,24.4
265080,23.6
265140,23.0
265200,23.6
265260,24.4
265320,24.2
265380,23.8
265440,23.6
265500,24.8
265560,24.4
265620,23.4
265680,24.2
265740,24.2
265800,24.2
265860,23.6
265920,24.0
265980,24.8
266040,22.6
266100,23.8
266160,25.0
266220,24.4
266280,23.2
266340,24.6
266400,24.8
266460,25.0
266520,22.2
266580,24.8
266640,24.4
266700,24.2
266760,26.0
266820,24.8
266880,22.8
266940,24.4
267000,24.6
