#Steps,score
60,0.8
120,1.0
180,1.8
240,1.0
300,0.2
360,0.8
420,2.8
480,1.4
540,0.6
600,1.4
660,0.8
720,2.2
780,1.0
840,1.2
900,0.4
960,1.2
1020,1.4
1080,1.4
1140,1.0
1200,0.8
1260,1.8
1320,1.8
1380,1.4
1440,1.6
1500,1.2
1560,1.0
1620,1.8
1680,1.2
1740,0.8
1800,1.2
1860,1.0
1920,1.2
1980,1.0
2040,1.4
2100,1.6
2160,0.4
2220,0.6
2280,1.2
2340,1.6
2400,1.4
2460,1.8
2520,1.4
2580,0.4
2640,1.8
2700,0.8
2760,1.0
2820,1.0
2880,1.0
2940,2.8
3000,1.0
3060,1.0
3120,0.6
3180,1.8
3240,1.2
3300,1.4
3360,1.8
3420,1.6
3480,2.2
3540,1.6
3600,0.8
3660,1.2
3720,0.4
3780,1.4
3840,1.2
3900,1.2
3960,1.6
4020,1.2
4080,0.8
4140,0.8
4200,0.8
4260,1.6
4320,1.6
4380,2.0
4440,0.8
4500,0.4
4560,1.4
4620,1.4
4680,1.2
4740,1.8
4800,1.8
4860,2.2
4920,2.0
4980,1.4
5040,1.2
5100,0.8
5160,1.6
5220,0.6
5280,1.2
5340,1.8
5400,1.6
5460,1.2
5520,1.2
5580,1.8
5640,1.0
5700,2.2
5760,0.8
5820,2.0
5880,1.2
5940,1.2
6000,1.6
6060,1.4
6120,1.8
6180,1.2
6240,1.0
6300,1.0
6360,0.8
6420,2.8
6480,1.6
6540,1.0
6600,1.4
6660,1.4
6720,2.0
6780,1.2
6840,1.6
6900,1.8
6960,0.6
7020,1.6
7080,1.0
7140,2.0
7200,1.2
7260,2.0
7320,1.4
7380,1.4
7440,1.4
7500,1.6
7560,2.6
7620,2.0
7680,1.6
7740,1.6
7800,1.2
7860,2.4
7920,2.4
7980,1.2
8040,1.8
8100,1.4
8160,1.6
8220,1.0
8280,1.6
8340,1.8
8400,1.0
8460,1.2
8520,1.0
8580,1.4
8640,2.2
8700,2.4
8760,1.0
8820,3.0
8880,1.0
8940,1.0
9000,1.8
9060,2.2
9120,1.8
9180,2.4
9240,1.8
9300,1.8
9360,0.6
9420,2.2
9480,2.0
9540,2.2
9600,2.6
9660,1.8
9720,2.0
9780,1.6
9840,1.8
9900,1.8
9960,3.4
10020,2.6
10080,2.0
10140,2.8
10200,1.8
10260,2.0
10320,3.0
10380,3.4
10440,1.6
10500,2.4
10560,2.6
10620,2.0
10680,2.0
10740,2.4
10800,2.2
10860,1.8
10920,1.6
10980,1.6
11040,1.4
11100,1.4
11160,2.2
11220,1.4
11280,3.4
11340,1.6
11400,2.0
11460,2.4
11520,3.0
11580,2.8
11640,3.4
11700,3.0
11760,4.4
11820,3.4
11880,3.4
11940,3.6
12000,4.0
12060,3.2
12120,4.4
12180,4.8
12240,5.8
12300,6.2
12360,7.6
12420,9.2
12480,13.8
12540,15.2
12600,18.2
12660,20.0
12720,20.8
12780,19.0
12840,22.0
12900,21.4
12960,20.6
13020,18.6
13080,16.4
13140,18.0
13200,14.2
13260,17.2
13320,16.8
13380,16.6
13440,16.0
13500,17.2
13560,17.4
13620,19.8
13680,19.6
13740,20.4
13800,21.0
13860,19.6
13920,21.4
13980,23.2
14040,23.2
14100,22.6
14160,22.6
14220,24.2
14280,23.0
14340,23.6
14400,23.6
14460,24.4
14520,24.0
14580,24.4
14640,24.6
14700,24.4
14760,24.2
14820,22.4
14880,24.8
14940,25.2
15000,25.0
15060,25.6
15120,25.4
15180,24.8
15240,24.6
15300,23.4
15360,26.6
15420,24.2
15480,23.2
15540,23.4
15600,24.6
15660,23.8
15720,23.8
15780,24.0
15840,25.2
15900,23.8
15960,23.2
16020,24.2
16080,22.6
16140,21.6
16200,23.0
16260,23.0
16320,23.6
16380,24.0
16440,23.6
16500,22.6
16560,24.6
16620,24.6
16680,23.2
16740,24.2
16800,23.8
16860,23.0
16920,23.8
16980,24.4
17040,22.6
17100,23.0
17160,24.2
17220,23.8
17280,23.6
17340,24.6
17400,24.0
17460,25.0
17520,24.2
17580,24.4
17640,24.4
17700,23.6
17760,23.6
17820,25.0
17880,23.8
17940,23.4
18000,23.0
18060,24.2
18120,24.2
18180,24.0
18240,23.8
18300,24.0
18360,23.4
18420,24.4
18480,25.0
18540,24.2
18600,25.2
18660,22.2
18720,23.6
18780,24.2
18840,24.2
18900,22.8
18960,22.8
19020,25.6
19080,24.6
19140,25.4
19200,24.4
19260,23.4
19320,24.2
19380,25.0
19440,23.2
19500,25.6
19560,23.6
19620,24.6
19680,24.4
19740,23.8
19800,24.0
19860,24.2
19920,24.8
19980,25.6
20040,25.6
20100,24.0
20160,23.8
20220,24.4
20280,24.4
20340,25.8
20400,24.6
20460,22.4
20520,23.2
20580,23.2
20640,23.8
20700,24.0
20760,24.0
20820,24.6
20880,23.0
20940,23.4
21000,23.8
21060,24.0
21120,22.8
21180,23.6
21240,23.2
21300,23.2
21360,24.6
21420,23.2
21480,23.4
21540,23.4
21600,23.0
21660,22.8
21720,23.0
21780,24.2
21840,24.6
21900,21.4
21960,23.4
22020,24.2
22080,24.2
22140,23.0
22200,22.6
22260,24.4
22320,23.2
22380,23.4
22440,23.8
22500,24.0
22560,25.4
22620,23.2
22680,23.6
22740,24.4
22800,25.2
22860,24.2
22920,24.8
22980,23.8
23040,25.4
23100,24.4
23160,25.2
23220,26.2
23280,24.8
23340,24.2
23400,23.6
23460,23.6
23520,24.2
23580,24.8
23640,26.0
23700,24.2
23760,23.0
23820,25.0
23880,25.8
23940,24.8
24000,23.0
24060,24.6
24120,24.6
24180,24.0
24240,24.4
24300,23.6
24360,24.0
24420,25.0
24480,23.8
24540,24.6
24600,24.0
24660,24.2
24720,23.6
24780,24.2
24840,23.0
24900,23.6
24960,24.6
25020,22.6
25080,24.2
25140,21.8
25200,24.2
25260,25.2
25320,23.4
25380,23.0
25440,23.4
25500,24.6
25560,22.4
25620,23.0
25680,22.2
25740,23.8
25800,23.0
25860,24.8
25920,23.2
25980,24.2
26040,24.4
26100,22.8
26160,23.6
26220,24.2
26280,22.8
26340,24.2
26400,24.2
26460,24.0
26520,24.8
26580,23.8
26640,24.2
26700,25.2
26760,25.6
26820,24.4
26880,23.6
26940,24.6
27000,21.8
27060,24.6
27120,24.6
27180,24.2
27240,25.4
27300,25.2
27360,24.2
27420,22.4
27480,23.6
27540,23.0
27600,23.6
27660,23.8
27720,23.4
27780,23.8
27840,23.2
27900,22.4
27960,22.6
28020,23.4
28080,22.4
28140,23.4
28200,22.4
28260,25.0
28320,21.8
28380,24.2
28440,21.6
28500,24.0
28560,24.2
28620,22.8
28680,24.0
28740,23.0
28800,22.4
28860,23.2
28920,23.2
28980,23.2
29040,22.4
29100,24.0
29160,23.0
29220,24.0
29280,23.6
29340,23.4
29400,22.8
29460,23.6
29520,24.8
29580,24.8
29640,24.2
29700,24.4
29760,23.6
29820,23.6
29880,23.0
29940,24.0
30000,25.4
30060,25.6
30120,23.2
30180,24.8
30240,24.0
30300,25.2
30360,24.6
30420,23.8
30480,24.4
30540,22.4
30600,24.4
30660,23.6
30720,23.4
30780,25.4
30840,24.2
30900,25.4
30960,26.6
31020,25.2
31080,26.2
31140,23.2
31200,24.2
31260,25.0
31320,24.4
31380,24.0
31440,24.0
31500,22.4
31560,24.0
31620,23.2
31680,23.6
31740,23.6
31800,24.2
31860,24.4
31920,23.8
31980,24.6
32040,24.2
32100,24.0
32160,23.6
32220,23.2
32280,24.0
32340,23.6
32400,23.0
32460,24.6
32520,24.0
32580,24.8
32640,23.0
32700,23.4
32760,23.0
32820,24.2
32880,23.8
32940,24.0
33000,23.4
33060,24.0
33120,24.0
33180,23.8
33240,23.6
33300,24.0
33360,22.4
33420,24.8
33480,24.0
33540,23.8
33600,24.4
33660,24.0
33720,23.0
33780,23.4
33840,23.4
33900,23.0
33960,23.2
34020,24.6
34080,25.8
34140,23.0
34200,24.8
34260,23.8
34320,23.6
34380,23.8
34440,24.6
34500,25.2
34560,22.8
34620,25.2
34680,22.8
34740,26.2
34800,23.2
34860,24.2
34920,24.4
34980,25.0
35040,23.6
35100,24.2
35160,25.6
35220,27.4
35280,25.4
35340,25.4
35400,25.4
35460,24.4
35520,24.2
35580,25.0
35640,23.6
35700,26.4
35760,25.4
35820,24.6
35880,24.4
35940,24.2
36000,24.0
36060,26.2
36120,24.6
36180,24.8
36240,24.8
36300,24.0
36360,24.8
36420,24.4
36480,24.4
36540,23.2
36600,25.0
36660,25.0
36720,22.4
36780,23.6
36840,24.8
36900,22.8
36960,24.8
37020,26.2
37080,24.2
37140,23.4
37200,24.4
37260,24.2
37320,23.8
37380,24.0
37440,22.2
37500,24.6
37560,22.4
37620,24.8
37680,24.4
37740,25.6
37800,25.4
37860,27.2
37920,24.0
37980,25.2
38040,24.2
38100,23.6
38160,23.2
38220,25.2
38280,25.8
38340,25.0
38400,24.2
38460,23.8
38520,24.8
38580,25.0
38640,24.4
38700,23.2
38760,23.8
38820,22.8
38880,23.0
38940,25.4
39000,23.8
39060,24.2
39120,25.4
39180,24.8
39240,25.2
39300,24.6
39360,23.0
39420,25.2
39480,24.0
39540,22.6
39600,23.0
39660,22.8
39720,23.2
39780,23.6
39840,22.2
39900,23.2
39960,21.8
40020,23.8
40080,21.8
40140,25.2
40200,24.0
40260,24.0
40320,23.6
40380,24.4
40440,24.4
40500,24.4
40560,23.4
40620,24.0
40680,23.6
40740,23.6
40800,21.6
40860,21.4
40920,21.6
40980,22.0
41040,21.6
41100,23.6
41160,24.4
41220,23.4
41280,23.0
41340,22.4
41400,22.8
41460,21.8
41520,22.0
41580,23.2
41640,22.4
41700,21.6
41760,21.8
41820,23.2
41880,20.6
41940,22.2
42000,23.2
42060,22.6
42120,23.4
42180,25.0
42240,22.4
42300,25.8
42360,25.2
42420,24.8
42480,24.0
42540,26.4
42600,24.8
42660,22.6
42720,24.6
42780,23.8
42840,25.8
42900,25.8
42960,24.8
43020,25.0
43080,24.4
43140,23.8
43200,24.2
43260,24.2
43320,24.6
43380,27.8
43440,26.8
43500,26.4
43560,25.8
43620,24.6
43680,25.8
43740,24.2
43800,25.2
43860,24.0
43920,26.0
43980,25.0
44040,24.2
44100,26.2
44160,25.4
44220,25.4
44280,25.8
44340,24.8
44400,24.4
44460,24.6
44520,24.0
44580,26.6
44640,24.6
44700,24.0
44760,25.0
44820,26.0
44880,25.0
44940,23.2
45000,24.0
45060,25.4
45120,25.4
45180,24.6
45240,25.0
45300,24.4
45360,25.6
45420,24.8
45480,23.8
45540,25.4
45600,24.6
45660,23.6
45720,23.4
45780,26.0
45840,23.2
45900,24.8
45960,23.2
46020,24.8
46080,25.0
46140,24.2
46200,25.8
46260,25.6
46320,24.8
46380,24.0
46440,24.8
46500,24.6
46560,24.0
46620,25.6
46680,24.8
46740,24.4
46800,22.4
46860,24.4
46920,25.2
46980,24.6
47040,25.2
47100,24.0
47160,25.4
47220,25.8
47280,23.4
47340,23.6
47400,24.4
47460,24.4
47520,24.0
47580,23.2
47640,24.2
47700,24.2
47760,24.2
47820,23.8
47880,24.6
47940,24.4
48000,24.2
48060,23.4
48120,23.4
48180,24.6
48240,24.4
48300,22.8
48360,23.0
48420,23.4
48480,23.4
48540,24.4
48600,22.0
48660,24.0
48720,22.6
48780,23.2
48840,22.8
48900,23.2
48960,22.8
49020,22.2
49080,24.2
49140,24.4
49200,23.0
49260,24.6
49320,22.6
49380,23.6
49440,22.8
49500,23.0
49560,23.0
49620,22.0
49680,22.2
49740,24.2
49800,23.0
49860,25.2
49920,22.4
49980,24.4
50040,22.8
50100,24.6
50160,25.0
50220,23.8
50280,23.8
50340,24.8
50400,25.0
50460,24.4
50520,24.0
50580,24.0
50640,25.0
50700,23.6
50760,24.0
50820,23.6
50880,24.8
50940,23.4
51000,23.8
51060,22.8
51120,24.2
51180,22.8
51240,23.6
51300,22.4
51360,22.8
51420,23.4
51480,22.2
51540,22.2
51600,23.8
51660,24.6
51720,24.8
51780,22.2
51840,23.0
51900,22.2
51960,21.8
52020,23.2
52080,25.4
52140,22.8
52200,23.0
52260,24.4
52320,26.2
52380,22.2
52440,23.0
52500,24.8
52560,23.4
52620,21.8
52680,23.4
52740,23.2
52800,24.2
52860,22.0
52920,23.6
52980,24.6
53040,23.0
53100,24.2
53160,23.6
53220,23.0
53280,23.8
53340,23.2
53400,23.6
53460,23.0
53520,24.4
53580,23.0
53640,24.0
53700,24.2
53760,24.0
53820,24.6
53880,23.8
53940,24.2
54000,22.4
54060,24.4
54120,24.6
54180,23.0
54240,23.0
54300,23.6
54360,24.8
54420,23.4
54480,24.0
54540,23.8
54600,23.6
54660,25.0
54720,25.6
54780,23.6
54840,25.4
54900,26.0
54960,24.4
55020,25.2
55080,24.2
55140,24.4
55200,24.2
55260,26.0
55320,24.8
55380,25.2
55440,24.4
55500,23.2
55560,23.4
55620,24.8
55680,25.2
55740,24.0
55800,24.2
55860,24.4
55920,24.0
55980,23.4
56040,26.2
56100,23.0
56160,24.2
56220,22.8
56280,22.4
56340,23.8
56400,23.2
56460,24.0
56520,24.6
56580,23.6
56640,22.6
56700,24.0
56760,22.0
56820,24.4
56880,23.6
56940,23.4
57000,23.4
57060,24.6
57120,23.2
57180,23.8
57240,23.6
57300,22.0
57360,23.8
57420,23.8
57480,24.2
57540,23.6
57600,23.2
57660,24.2
57720,23.0
57780,23.6
57840,24.0
57900,25.0
57960,24.0
58020,24.4
58080,23.0
58140,23.6
58200,24.0
58260,24.4
58320,24.0
58380,22.8
58440,24.4
58500,22.8
58560,25.4
58620,24.0
58680,25.4
58740,24.0
58800,24.4
58860,25.4
58920,26.4
58980,25.2
59040,25.8
59100,25.0
59160,25.0
59220,24.0
59280,24.8
59340,26.4
59400,25.0
59460,25.6
59520,25.0
59580,25.8
59640,24.8
59700,25.6
59760,24.6
59820,24.4
59880,25.0
59940,26.2
60000,27.4
60060,24.8
60120,25.6
60180,24.4
60240,25.0
60300,24.8
60360,24.6
60420,24.2
60480,24.6
60540,24.2
60600,25.0
60660,24.8
60720,24.8
60780,25.6
60840,25.8
60900,23.0
60960,24.2
61020,25.2
61080,25.0
61140,22.8
61200,23.4
61260,23.4
61320,23.0
61380,21.4
61440,24.6
61500,23.2
61560,23.4
61620,23.6
61680,24.6
61740,24.0
61800,23.6
61860,23.8
61920,24.2
61980,24.6
62040,23.4
62100,24.0
62160,24.6
62220,23.6
62280,24.6
62340,23.0
62400,23.4
62460,22.4
62520,23.8
62580,23.8
62640,22.6
62700,23.4
62760,25.0
62820,22.6
62880,22.8
62940,23.2
63000,24.0
63060,22.4
63120,24.8
63180,22.6
63240,23.8
63300,24.6
63360,24.6
63420,24.8
63480,24.4
63540,24.2
63600,23.8
63660,24.2
63720,24.4
63780,24.2
63840,24.2
63900,25.2
63960,24.4
64020,23.2
64080,24.6
64140,25.0
64200,24.4
64260,24.6
64320,23.0
64380,24.2
64440,24.0
64500,25.0
64560,24.2
64620,25.4
64680,24.6
64740,24.2
64800,24.6
64860,25.0
64920,23.8
64980,24.2
65040,24.8
65100,24.0
65160,24.4
65220,23.4
65280,26.4
65340,24.0
65400,23.4
65460,24.0
65520,25.0
65580,23.2
65640,23.8
65700,24.2
65760,24.4
65820,25.4
65880,24.0
65940,24.2
66000,25.0
66060,26.6
66120,24.8
66180,25.0
66240,24.0
66300,24.0
66360,24.2
66420,23.4
66480,22.8
66540,23.4
66600,23.4
66660,23.8
66720,23.0
66780,24.2
66840,23.8
66900,25.2
66960,22.6
67020,23.8
67080,21.8
67140,22.8
67200,23.4
67260,23.6
67320,22.4
67380,24.2
67440,22.6
67500,21.2
67560,22.6
67620,24.6
67680,21.6
67740,22.4
67800,22.6
67860,21.8
67920,22.2
67980,23.6
68040,23.0
68100,22.0
68160,23.4
68220,23.8
68280,22.8
68340,23.2
68400,23.2
68460,24.0
68520,22.6
68580,23.8
68640,23.2
68700,24.6
68760,23.8
68820,24.2
68880,23.4
68940,22.4
69000,22.2
69060,22.0
69120,21.8
69180,22.6
69240,23.6
69300,23.0
69360,22.8
69420,24.0
69480,22.4
69540,24.8
69600,23.2
69660,24.2
69720,24.6
69780,23.8
69840,24.0
69900,23.6
69960,24.4
70020,23.8
70080,24.2
70140,23.4
70200,23.0
70260,24.6
70320,25.6
70380,25.2
70440,23.8
70500,24.8
70560,24.2
70620,23.6
70680,24.8
70740,23.2
70800,25.0
70860,24.6
70920,24.8
70980,26.4
71040,27.4
71100,25.2
71160,25.0
71220,25.4
71280,24.8
71340,26.2
71400,24.8
71460,25.6
71520,24.8
71580,24.2
71640,23.6
71700,25.0
71760,25.0
71820,25.0
71880,25.0
71940,24.2
72000,26.0
72060,24.4
72120,23.6
72180,25.6
72240,23.2
72300,24.2
72360,23.8
72420,23.6
72480,24.8
72540,23.4
72600,24.4
72660,22.8
72720,23.6
72780,22.4
72840,24.6
72900,23.2
72960,22.0
73020,23.8
73080,23.6
73140,23.4
73200,23.6
73260,25.4
73320,23.0
73380,24.0
73440,23.2
73500,22.8
73560,23.8
73620,25.0
73680,22.4
73740,26.8
73800,24.6
73860,24.2
73920,25.6
73980,25.0
74040,23.8
74100,24.4
74160,24.8
74220,25.2
74280,25.0
74340,23.6
74400,24.2
74460,23.4
74520,23.4
74580,22.2
74640,22.2
74700,22.0
74760,25.0
74820,21.4
74880,24.4
74940,22.4
75000,23.4
75060,24.6
75120,23.0
75180,25.2
75240,22.0
75300,24.2
75360,23.6
75420,24.6
75480,23.8
75540,25.2
75600,25.2
75660,24.8
75720,23.8
75780,24.6
75840,22.8
75900,24.0
75960,24.4
76020,24.8
76080,25.4
76140,25.2
76200,24.0
76260,25.2
76320,23.6
76380,24.2
76440,24.0
76500,24.4
76560,24.0
76620,23.6
76680,24.4
76740,25.6
76800,24.2
76860,24.8
76920,25.4
76980,24.4
77040,24.6
77100,24.2
77160,24.6
77220,25.0
77280,22.2
77340,24.4
77400,25.8
77460,24.0
77520,24.2
77580,22.4
77640,24.2
77700,24.8
77760,23.6
77820,23.6
77880,24.4
77940,24.2
78000,23.4
78060,24.0
78120,24.2
78180,23.8
78240,23.6
78300,24.2
78360,23.4
78420,24.0
78480,24.2
78540,23.8
78600,25.2
78660,24.8
78720,25.0
78780,25.0
78840,25.0
78900,23.8
78960,24.6
79020,25.2
79080,24.0
79140,23.4
79200,23.2
79260,23.0
79320,23.4
79380,24.6
79440,24.6
79500,24.2
79560,24.8
79620,23.6
79680,24.0
79740,24.6
79800,24.4
79860,24.8
79920,23.6
79980,25.0
80040,24.2
80100,24.4
80160,24.0
80220,24.6
80280,23.4
80340,23.4
80400,24.0
80460,24.6
80520,24.2
80580,27.4
80640,23.4
80700,24.2
80760,24.2
80820,24.8
80880,23.8
80940,25.4
81000,25.2
81060,25.4
81120,25.6
81180,25.2
81240,24.6
81300,25.8
81360,25.0
81420,23.8
81480,23.6
81540,24.2
81600,25.2
81660,24.0
81720,24.8
81780,24.0
81840,24.8
81900,25.0
81960,25.8
82020,23.6
82080,24.8
82140,24.4
82200,23.6
82260,23.6
82320,22.8
82380,23.6
82440,23.2
82500,22.2
82560,23.8
82620,24.2
82680,23.8
82740,23.4
82800,24.0
82860,23.0
82920,22.8
82980,23.8
83040,22.4
83100,22.6
83160,23.6
83220,23.8
83280,23.6
83340,23.0
83400,23.6
83460,24.2
83520,23.2
83580,21.8
83640,24.4
83700,23.4
83760,23.2
83820,23.2
83880,23.0
83940,23.8
84000,24.8
84060,24.0
84120,23.4
84180,24.2
84240,26.0
84300,23.4
84360,22.0
84420,24.4
84480,23.2
84540,23.6
84600,22.6
84660,23.4
84720,24.2
84780,22.4
84840,23.4
84900,24.2
84960,25.8
85020,24.0
85080,24.4
85140,24.4
85200,23.8
85260,24.2
85320,24.6
85380,24.6
85440,25.0
85500,22.8
85560,23.4
85620,23.2
85680,23.6
85740,23.4
85800,24.6
85860,23.4
85920,23.6
85980,24.4
86040,23.6
86100,23.0
86160,22.8
86220,23.6
86280,24.6
86340,24.0
86400,24.2
86460,25.0
86520,25.6
86580,25.4
86640,24.4
86700,24.6
86760,23.2
86820,24.0
86880,24.4
86940,23.2
87000,24.6
87060,25.2
87120,23.0
87180,25.6
87240,22.4
87300,24.8
87360,22.8
87420,24.0
87480,23.8
87540,24.0
87600,22.6
87660,23.8
87720,23.8
87780,23.6
87840,25.8
87900,23.6
87960,24.6
88020,25.2
88080,25.8
88140,23.0
88200,25.2
88260,23.8
88320,25.8
88380,22.8
88440,25.0
88500,25.8
88560,24.4
88620,24.8
88680,25.8
88740,24.2
88800,25.2
88860,24.0
88920,23.8
88980,24.8
89040,23.6
89100,24.4
89160,23.0
89220,24.4
89280,24.0
89340,25.4
89400,22.8
89460,23.2
89520,23.4
89580,22.6
89640,24.0
89700,22.8
89760,24.4
89820,23.4
89880,23.4
89940,22.2
90000,22.6
