#Steps,score
6000,23.8
12000,25.6
18000,27.2
24000,21.6
30000,28.4
36000,22.4
42000,27.2
48000,32.2
54000,22.2
60000,33.4
66000,47.0
72000,45.2
78000,60.2
84000,52.8
90000,58.8
96000,57.8
102000,55.6
108000,62.8
114000,59.4
120000,57.6
126000,59.2
132000,65.4
138000,59.2
144000,61.8
150000,60.0
156000,67.6
162000,68.2
168000,65.2
174000,68.8
180000,69.0
186000,72.0
192000,70.4
198000,67.2
204000,67.8
210000,69.6
216000,70.6
222000,68.4
228000,68.4
234000,71.6
240000,80.0
246000,73.6
252000,78.4
258000,80.0
264000,79.6
270000,76.2
276000,81.0
282000,77.4
288000,88.0
294000,84.4
300000,84.2
306000,94.4
312000,89.2
318000,88.6
324000,93.0
330000,91.0
336000,92.2
342000,91.0
348000,92.8
354000,90.2
360000,96.2
366000,95.0
372000,90.8
378000,92.2
384000,95.0
390000,95.0
396000,93.6
402000,97.8
408000,98.0
414000,91.2
420000,88.2
426000,93.2
432000,96.8
438000,95.8
444000,92.2
450000,95.6
456000,93.4
462000,95.4
468000,95.2
474000,94.4
480000,97.6
486000,93.8
492000,99.4
498000,94.0
504000,93.8
510000,97.4
516000,95.2
522000,99.0
528000,99.0
534000,98.0
540000,98.0
546000,95.2
552000,98.4
558000,95.4
564000,97.2
570000,92.8
576000,101.4
582000,97.2
588000,101.6
594000,99.2
600000,104.8
606000,98.0
612000,99.8
618000,98.0
624000,97.4
630000,103.0
636000,94.0
642000,94.2
648000,98.2
654000,97.2
660000,101.4
666000,102.8
672000,102.4
678000,96.2
684000,93.8
690000,103.2
696000,98.4
702000,100.2
708000,98.6
714000,101.6
720000,102.4
726000,95.0
732000,96.0
738000,97.2
744000,101.8
750000,100.4
756000,99.6
762000,98.4
768000,97.8
774000,97.0
780000,100.4
786000,100.8
792000,101.8
798000,102.2
804000,97.8
810000,98.2
816000,100.6
822000,101.6
828000,102.8
834000,95.8
840000,104.6
846000,99.4
852000,104.6
858000,99.0
864000,98.2
870000,100.8
876000,100.0
882000,96.2
888000,100.6
894000,99.0
900000,96.0
906000,103.0
912000,96.4
918000,102.0
924000,98.6
930000,98.8
936000,98.6
942000,99.8
948000,101.6
954000,101.0
960000,102.2
966000,98.6
972000,99.2
978000,100.2
984000,104.8
990000,103.4
996000,105.6
1002000,94.8
1008000,105.2
1014000,101.2
1020000,97.6
1026000,102.8
1032000,100.6
1038000,101.2
1044000,97.0
1050000,100.4
1056000,98.0
1062000,99.0
1068000,100.4
1074000,97.0
1080000,100.6
1086000,102.4
1092000,102.6
1098000,100.0
1104000,101.2
1110000,96.4
1116000,97.0
1122000,105.2
1128000,101.8
1134000,97.0
1140000,102.0
1146000,99.2
1152000,105.8
1158000,101.8
1164000,96.8
1170000,97.2
1176000,98.8
1182000,106.0
1188000,101.6
1194000,100.2
1200000,98.4
1206000,103.0
1212000,105.4
1218000,101.4
1224000,100.2
1230000,102.0
1236000,106.6
1242000,104.0
1248000,96.0
1254000,98.6
1260000,99.8
1266000,104.2
1272000,104.0
1278000,104.6
1284000,103.0
1290000,102.6
1296000,104.6
1302000,104.2
1308000,99.8
1314000,104.6
1320000,109.0
1326000,99.8
1332000,102.8
1338000,99.6
1344000,103.2
1350000,104.6
1356000,94.6
1362000,102.6
1368000,96.8
1374000,102.0
1380000,99.8
1386000,93.8
1392000,106.2
1398000,106.4
1404000,98.8
1410000,104.2
1416000,101.8
1422000,99.0
1428000,99.0
1434000,99.8
1440000,102.0
1446000,102.8
1452000,100.6
1458000,99.6
1464000,101.2
1470000,104.8
1476000,100.6
1482000,107.2
1488000,104.0
1494000,105.8
1500000,104.4
1506000,106.4
1512000,97.2
1518000,103.0
1524000,102.2
1530000,100.2
1536000,101.8
1542000,104.4
1548000,101.2
1554000,89.6
1560000,97.8
1566000,105.4
1572000,100.2
1578000,108.6
1584000,106.0
1590000,110.4
1596000,108.6
1602000,101.0
1608000,99.6
1614000,106.4
1620000,102.4
1626000,104.4
1632000,100.0
1638000,101.8
1644000,100.0
1650000,103.0
1656000,103.4
1662000,103.8
1668000,100.4
1674000,103.6
1680000,102.8
1686000,105.4
1692000,105.6
1698000,103.6
1704000,101.4
1710000,108.6
1716000,102.8
1722000,106.2
1728000,103.8
1734000,100.2
1740000,105.0
1746000,101.8
1752000,101.6
1758000,106.2
1764000,97.8
1770000,98.2
1776000,105.2
1782000,99.6
1788000,101.6
1794000,105.6
1800000,107.4
1806000,104.2
1812000,106.2
1818000,101.4
1824000,106.2
1830000,108.4
1836000,106.2
1842000,103.6
1848000,104.2
1854000,101.0
1860000,104.4
1866000,99.4
1872000,98.4
1878000,99.4
1884000,102.0
1890000,103.6
1896000,107.6
1902000,103.6
1908000,104.0
1914000,109.0
1920000,105.8
1926000,107.2
1932000,104.0
1938000,100.2
1944000,102.2
1950000,98.2
1956000,99.4
1962000,110.0
1968000,102.6
1974000,103.8
1980000,101.6
1986000,108.0
1992000,105.0
1998000,107.6
2004000,106.2
2010000,105.2
2016000,106.8
2022000,106.0
2028000,104.6
2034000,105.2
2040000,102.8
2046000,103.8
2052000,101.8
2058000,105.4
2064000,107.2
2070000,106.0
2076000,111.0
2082000,103.6
2088000,110.2
2094000,102.6
2100000,105.4
2106000,105.2
2112000,105.6
2118000,106.6
2124000,103.6
2130000,105.6
2136000,100.0
2142000,105.4
2148000,109.2
2154000,109.6
2160000,106.2
2166000,107.4
2172000,103.0
2178000,103.8
2184000,107.2
2190000,103.2
2196000,111.6
2202000,104.6
2208000,105.4
2214000,104.2
2220000,106.8
2226000,108.2
2232000,101.8
2238000,107.2
2244000,108.4
2250000,100.2
2256000,101.4
2262000,110.0
2268000,104.0
2274000,103.0
2280000,105.0
2286000,109.6
2292000,105.4
2298000,104.2
2304000,99.8
2310000,107.6
2316000,107.8
2322000,104.8
2328000,109.2
2334000,104.2
2340000,105.6
2346000,101.2
2352000,102.6
2358000,105.6
2364000,107.6
2370000,105.0
2376000,107.4
2382000,104.8
2388000,106.6
2394000,102.0
2400000,105.2
2406000,106.8
2412000,107.4
2418000,108.0
2424000,106.6
2430000,110.0
2436000,105.6
2442000,105.2
2448000,105.8
2454000,103.2
2460000,104.2
2466000,107.0
2472000,99.6
2478000,104.2
2484000,108.0
2490000,104.2
2496000,109.2
2502000,102.4
2508000,105.8
2514000,107.8
2520000,109.8
2526000,107.4
2532000,107.4
2538000,106.8
2544000,102.4
2550000,106.8
2556000,102.6
2562000,106.4
2568000,104.8
2574000,104.8
2580000,108.2
2586000,102.8
2592000,106.0
2598000,106.6
2604000,110.4
2610000,105.2
2616000,109.8
2622000,103.2
2628000,106.2
2634000,102.0
2640000,110.2
2646000,107.8
2652000,103.6
2658000,104.8
2664000,100.0
2670000,102.6
2676000,107.6
2682000,101.4
2688000,107.4
2694000,105.2
2700000,103.8
2706000,111.6
2712000,107.4
2718000,108.6
2724000,103.6
2730000,106.8
2736000,104.2
2742000,103.6
2748000,110.8
2754000,108.6
2760000,107.2
2766000,105.4
2772000,103.8
2778000,105.6
2784000,110.4
2790000,106.0
2796000,102.0
