#Steps,score
6000,10.8
12000,15.2
18000,13.0
24000,19.8
30000,19.2
36000,17.0
42000,17.4
48000,18.2
54000,11.8
60000,14.8
66000,15.4
72000,13.2
78000,14.2
84000,8.8
90000,18.0
96000,17.6
102000,17.0
108000,16.8
114000,16.8
120000,19.0
126000,14.8
132000,17.0
138000,19.6
144000,13.6
150000,14.8
156000,17.2
162000,22.0
168000,18.6
174000,14.8
180000,19.6
186000,21.6
192000,23.2
198000,20.0
204000,20.2
210000,20.4
216000,17.2
222000,18.0
228000,18.6
234000,18.8
240000,13.4
246000,17.4
252000,14.4
258000,15.6
264000,19.2
270000,18.6
276000,19.2
282000,11.8
288000,19.4
294000,17.8
300000,16.0
306000,16.0
312000,18.4
318000,15.4
324000,17.2
330000,17.2
336000,13.4
342000,17.6
348000,16.6
354000,17.2
360000,17.6
366000,18.6
372000,14.6
378000,20.4
384000,16.6
390000,17.2
396000,15.6
402000,20.6
408000,21.2
414000,18.4
420000,18.4
426000,20.8
432000,17.4
438000,23.2
444000,21.6
450000,25.4
456000,19.0
462000,24.0
468000,22.4
474000,22.2
480000,28.6
486000,22.6
492000,23.2
498000,30.6
504000,27.2
510000,34.6
516000,24.6
522000,30.2
528000,23.4
534000,22.6
540000,26.0
546000,23.6
552000,30.2
558000,26.8
564000,28.8
570000,29.4
576000,27.6
582000,30.4
588000,29.2
594000,28.0
600000,28.8
606000,26.4
612000,30.6
618000,30.8
624000,28.4
630000,28.0
636000,28.2
642000,26.0
648000,30.8
654000,25.8
660000,28.2
666000,31.2
672000,31.4
678000,36.0
684000,25.2
690000,30.6
696000,30.4
702000,35.0
708000,27.6
714000,33.4
720000,32.2
726000,27.2
732000,29.0
738000,29.2
744000,33.2
750000,32.2
756000,39.6
762000,36.6
768000,35.0
774000,38.4
780000,29.0
786000,35.6
792000,26.6
798000,35.6
804000,30.6
810000,29.6
816000,31.6
822000,36.0
828000,37.0
834000,31.8
840000,32.2
846000,29.8
852000,34.0
858000,33.4
864000,38.4
870000,37.6
876000,36.4
882000,36.6
888000,28.2
894000,36.2
900000,41.0
906000,32.8
912000,34.8
918000,30.6
924000,35.2
930000,35.8
936000,30.4
942000,35.8
948000,36.0
954000,34.8
960000,31.4
966000,35.2
972000,38.2
978000,28.8
984000,34.4
990000,29.6
996000,40.2
1002000,33.6
1008000,32.2
1014000,36.6
1020000,38.2
1026000,34.6
1032000,30.6
1038000,31.6
1044000,31.4
1050000,31.6
1056000,35.8
1062000,37.0
1068000,32.8
1074000,32.0
1080000,30.8
1086000,33.6
1092000,36.8
1098000,36.8
1104000,34.2
1110000,35.2
1116000,43.4
1122000,32.0
1128000,37.0
1134000,34.0
1140000,31.4
1146000,35.0
1152000,39.0
1158000,30.6
1164000,29.4
1170000,28.2
1176000,37.2
1182000,39.6
1188000,30.2
1194000,39.2
1200000,29.8
1206000,40.6
1212000,37.2
1218000,36.8
1224000,38.4
1230000,32.0
1236000,32.4
1242000,37.2
1248000,31.0
1254000,38.2
1260000,34.0
1266000,38.8
1272000,37.8
1278000,36.2
1284000,38.2
1290000,32.0
1296000,41.8
1302000,40.8
1308000,43.0
1314000,32.0
1320000,37.8
1326000,33.0
1332000,38.0
1338000,37.2
1344000,37.6
1350000,37.0
1356000,38.8
1362000,34.6
1368000,32.2
1374000,32.4
1380000,33.0
1386000,37.0
1392000,41.4
1398000,35.8
1404000,32.4
1410000,40.0
1416000,45.0
1422000,36.2
1428000,40.6
1434000,33.0
1440000,37.2
1446000,41.4
1452000,40.8
1458000,42.0
1464000,37.0
1470000,42.4
1476000,37.0
1482000,27.8
1488000,29.8
1494000,38.6
1500000,42.8
1506000,41.8
1512000,38.8
1518000,37.0
1524000,40.2
1530000,40.4
1536000,43.2
1542000,26.2
1548000,38.8
1554000,43.2
1560000,46.4
1566000,38.8
1572000,40.0
1578000,45.0
1584000,28.4
1590000,35.6
1596000,35.8
1602000,37.4
1608000,41.8
1614000,43.4
1620000,31.4
1626000,40.6
1632000,34.0
1638000,39.4
1644000,30.4
1650000,41.2
1656000,36.0
1662000,44.0
1668000,35.4
1674000,43.0
1680000,29.8
1686000,32.6
1692000,41.8
1698000,45.4
1704000,36.8
1710000,43.2
1716000,37.6
1722000,38.6
1728000,41.6
1734000,39.2
1740000,44.4
1746000,37.0
1752000,40.0
1758000,40.2
1764000,44.4
1770000,38.0
1776000,35.2
1782000,39.4
1788000,34.6
1794000,30.8
1800000,38.4
1806000,40.2
1812000,40.0
1818000,34.8
1824000,36.0
1830000,32.2
1836000,33.8
1842000,35.8
1848000,41.0
1854000,40.2
1860000,37.6
1866000,42.4
1872000,36.4
1878000,42.2
1884000,34.6
1890000,35.4
1896000,27.6
1902000,38.0
1908000,27.8
1914000,30.2
1920000,35.0
1926000,30.4
1932000,37.8
1938000,39.4
1944000,40.6
1950000,42.8
1956000,42.4
1962000,39.4
1968000,36.0
1974000,41.4
1980000,42.8
1986000,40.4
1992000,35.8
1998000,29.0
2004000,35.8
2010000,42.2
2016000,33.8
2022000,37.6
2028000,40.0
2034000,39.0
2040000,31.2
2046000,36.4
2052000,43.0
2058000,38.2
2064000,36.8
2070000,27.6
2076000,39.6
2082000,42.6
2088000,41.4
2094000,42.6
2100000,41.8
2106000,36.8
2112000,37.8
2118000,40.0
2124000,42.0
2130000,38.0
2136000,36.0
2142000,45.4
2148000,41.6
2154000,37.2
2160000,38.2
2166000,36.2
2172000,43.6
2178000,38.0
2184000,40.8
2190000,34.6
2196000,31.8
2202000,40.0
2208000,40.8
2214000,38.4
2220000,43.8
2226000,38.4
2232000,38.0
2238000,35.8
2244000,42.6
2250000,45.2
2256000,41.6
2262000,41.0
2268000,35.2
2274000,36.6
2280000,39.4
2286000,40.2
2292000,42.2
2298000,37.6
2304000,39.8
2310000,41.0
2316000,43.0
2322000,38.8
2328000,38.2
2334000,38.6
2340000,31.0
2346000,40.4
2352000,33.0
2358000,41.2
2364000,42.0
2370000,39.2
2376000,37.4
2382000,34.4
2388000,45.0
2394000,40.8
2400000,45.0
2406000,34.8
2412000,34.4
2418000,37.8
2424000,43.8
2430000,40.8
2436000,43.0
2442000,42.4
2448000,36.2
2454000,45.0
2460000,38.8
2466000,38.8
2472000,43.2
2478000,42.2
2484000,38.6
2490000,40.6
2496000,41.4
2502000,44.8
2508000,40.2
2514000,40.2
2520000,40.0
2526000,40.0
2532000,33.2
2538000,33.4
2544000,39.0
2550000,37.2
2556000,32.2
2562000,40.6
2568000,42.4
2574000,44.8
2580000,42.2
2586000,35.8
2592000,43.6
2598000,42.2
2604000,38.2
2610000,41.2
2616000,35.8
2622000,44.6
2628000,43.2
2634000,41.0
2640000,41.8
2646000,37.6
2652000,35.6
2658000,39.8
2664000,41.8
2670000,43.2
2676000,39.8
2682000,38.0
2688000,42.4
2694000,38.0
2700000,44.8
2706000,38.4
2712000,35.8
2718000,42.8
2724000,40.4
2730000,38.2
2736000,34.2
2742000,43.8
2748000,39.4
2754000,41.6
2760000,37.4
2766000,32.0
2772000,43.4
2778000,41.8
2784000,40.6
2790000,40.8
2796000,41.0
