#Steps,score
6000,10.2
12000,10.2
18000,12.2
24000,17.2
30000,18.2
36000,19.0
42000,20.8
48000,19.6
54000,20.2
60000,18.2
66000,13.8
72000,18.2
78000,17.8
84000,19.2
90000,18.6
96000,20.4
102000,21.0
108000,21.0
114000,20.6
120000,21.0
126000,20.4
132000,20.8
138000,20.2
144000,21.4
150000,19.0
156000,18.4
162000,17.8
168000,21.6
174000,19.8
180000,20.0
186000,20.0
192000,21.2
198000,18.8
204000,20.2
210000,17.6
216000,18.4
222000,19.4
228000,20.2
234000,18.4
240000,21.2
246000,21.4
252000,20.4
258000,21.2
264000,17.2
270000,22.8
276000,20.6
282000,21.6
288000,24.8
294000,19.6
300000,18.4
306000,17.4
312000,19.6
318000,21.4
324000,19.4
330000,20.4
336000,22.4
342000,19.8
348000,21.0
354000,21.8
360000,20.4
366000,20.2
372000,22.2
378000,22.6
384000,21.6
390000,20.0
396000,20.2
402000,18.6
408000,20.4
414000,23.6
420000,22.0
426000,22.2
432000,18.0
438000,18.0
444000,22.0
450000,22.4
456000,22.0
462000,22.2
468000,22.2
474000,23.0
480000,19.2
486000,22.6
492000,19.4
498000,21.2
504000,25.8
510000,23.0
516000,20.8
522000,22.6
528000,19.2
534000,20.2
540000,20.8
546000,23.2
552000,22.0
558000,22.2
564000,23.0
570000,23.4
576000,20.0
582000,21.8
588000,21.6
594000,22.6
600000,23.4
606000,22.6
612000,22.8
618000,22.0
624000,22.0
630000,22.2
636000,21.6
642000,27.6
648000,23.6
654000,22.8
660000,24.4
666000,21.4
672000,24.6
678000,24.6
684000,22.6
690000,22.2
696000,23.6
702000,23.4
708000,23.0
714000,22.2
720000,23.8
726000,23.2
732000,23.6
738000,21.2
744000,24.2
750000,23.2
756000,23.0
762000,22.0
768000,24.6
774000,21.4
780000,24.2
786000,20.0
792000,16.2
798000,22.4
804000,24.8
810000,21.0
816000,21.4
822000,22.2
828000,17.6
834000,13.8
840000,24.0
846000,20.6
852000,23.0
858000,23.0
864000,22.4
870000,24.6
876000,23.6
882000,17.2
888000,18.8
894000,25.0
900000,23.4
906000,23.0
912000,22.0
918000,26.6
924000,23.2
930000,22.2
936000,28.8
942000,12.2
948000,25.0
954000,16.0
960000,22.8
966000,22.4
972000,22.0
978000,21.6
984000,24.6
990000,23.6
996000,20.0
1002000,23.0
1008000,23.0
1014000,21.4
1020000,20.6
1026000,26.6
1032000,21.8
1038000,22.4
1044000,24.6
1050000,27.8
1056000,27.4
1062000,24.2
1068000,24.0
1074000,27.0
1080000,26.0
1086000,31.4
1092000,27.4
1098000,26.6
1104000,27.0
1110000,34.2
1116000,25.8
1122000,27.4
1128000,28.4
1134000,21.0
1140000,24.0
1146000,28.8
1152000,31.8
1158000,37.2
1164000,27.0
1170000,31.4
1176000,36.6
1182000,33.2
1188000,28.8
1194000,39.0
1200000,36.4
1206000,34.6
1212000,28.0
1218000,26.6
1224000,40.6
1230000,35.0
1236000,37.2
1242000,33.6
1248000,35.8
1254000,27.6
1260000,38.0
1266000,33.0
1272000,32.4
1278000,32.4
1284000,33.6
1290000,40.0
1296000,39.2
1302000,38.2
1308000,37.4
1314000,38.4
1320000,31.8
1326000,39.4
1332000,35.8
1338000,32.6
1344000,32.8
1350000,25.8
1356000,32.0
1362000,23.4
1368000,30.2
1374000,30.6
1380000,35.6
1386000,36.0
1392000,35.2
1398000,30.0
1404000,31.4
1410000,37.2
1416000,35.6
1422000,36.0
1428000,30.0
1434000,36.6
1440000,24.2
1446000,32.8
1452000,36.6
1458000,39.6
1464000,35.4
1470000,38.0
1476000,36.0
1482000,39.6
1488000,36.2
1494000,23.6
1500000,36.8
1506000,33.6
1512000,37.8
1518000,40.8
1524000,34.0
1530000,34.4
1536000,32.2
1542000,33.8
1548000,28.4
1554000,40.2
1560000,35.0
1566000,35.6
1572000,40.6
1578000,34.2
1584000,42.8
1590000,37.8
1596000,33.0
1602000,33.2
1608000,37.0
1614000,34.8
1620000,32.6
1626000,38.4
1632000,33.6
1638000,37.0
1644000,37.2
1650000,35.0
1656000,36.8
1662000,36.4
1668000,38.2
1674000,36.6
1680000,31.0
1686000,36.8
1692000,41.4
1698000,37.6
1704000,37.0
1710000,35.4
1716000,39.2
1722000,33.6
1728000,34.8
1734000,40.8
1740000,38.4
1746000,33.4
1752000,32.4
1758000,33.8
1764000,35.0
1770000,43.0
1776000,39.2
1782000,40.6
1788000,37.0
1794000,39.8
1800000,38.0
1806000,41.0
1812000,45.2
1818000,39.6
1824000,36.4
1830000,39.0
1836000,35.6
1842000,38.2
1848000,38.4
1854000,29.0
1860000,35.8
1866000,35.2
1872000,29.6
1878000,45.0
1884000,41.6
1890000,37.0
1896000,27.6
1902000,37.4
1908000,39.6
1914000,32.4
1920000,34.6
1926000,33.6
1932000,39.4
1938000,36.8
1944000,39.4
1950000,37.8
1956000,37.0
1962000,40.0
1968000,41.8
1974000,34.8
1980000,34.0
1986000,37.2
1992000,38.6
1998000,40.2
2004000,33.2
2010000,40.6
2016000,33.0
2022000,31.6
2028000,37.0
2034000,36.0
2040000,41.6
2046000,39.6
2052000,27.6
2058000,36.2
2064000,43.0
2070000,37.0
2076000,40.0
2082000,31.8
2088000,37.0
2094000,34.8
2100000,39.6
2106000,39.4
2112000,40.2
2118000,40.8
2124000,43.6
2130000,42.4
2136000,41.6
2142000,45.2
2148000,36.8
2154000,40.4
2160000,36.0
2166000,34.8
2172000,42.0
2178000,44.8
2184000,42.0
2190000,38.8
2196000,42.0
2202000,37.6
2208000,36.0
2214000,40.2
2220000,35.8
2226000,34.4
2232000,42.8
2238000,34.6
2244000,33.0
2250000,34.4
2256000,41.6
2262000,33.8
2268000,36.2
2274000,38.2
2280000,37.8
2286000,36.6
2292000,37.2
2298000,31.4
2304000,38.6
2310000,37.6
2316000,32.4
2322000,39.2
2328000,31.8
2334000,35.2
2340000,43.2
2346000,34.8
2352000,42.6
2358000,42.0
2364000,37.0
2370000,39.8
2376000,36.2
2382000,42.2
2388000,42.6
2394000,40.2
2400000,42.4
2406000,43.4
2412000,40.8
2418000,43.6
2424000,41.4
2430000,41.6
2436000,37.0
2442000,39.2
2448000,42.2
2454000,35.2
2460000,40.0
2466000,41.8
2472000,43.2
2478000,42.4
2484000,36.8
2490000,44.0
2496000,32.4
2502000,37.4
2508000,45.2
2514000,31.6
2520000,15.8
2526000,38.0
2532000,43.0
2538000,38.0
2544000,38.4
2550000,39.6
2556000,36.2
2562000,44.4
2568000,31.4
2574000,37.6
2580000,34.6
2586000,42.4
2592000,40.0
2598000,39.4
2604000,41.6
2610000,40.4
2616000,40.4
2622000,43.8
2628000,37.2
2634000,32.8
2640000,37.8
2646000,40.6
2652000,43.6
2658000,41.8
2664000,32.2
2670000,35.6
2676000,32.4
2682000,33.2
2688000,41.8
2694000,44.2
2700000,35.4
2706000,38.4
2712000,36.2
2718000,42.4
2724000,38.0
2730000,44.0
2736000,44.8
2742000,40.6
2748000,40.8
2754000,42.2
2760000,41.8
2766000,40.4
2772000,42.8
2778000,39.4
2784000,29.8
2790000,43.4
2796000,35.4
2802000,41.4
2808000,40.4
2814000,26.6
2820000,39.2
2826000,41.4
2832000,38.6
2838000,38.8
2844000,42.0
2850000,42.0
2856000,39.2
2862000,40.2
2868000,40.8
2874000,40.6
2880000,42.2
2886000,41.2
2892000,28.8
2898000,38.2
2904000,43.6
2910000,41.2
2916000,43.4
2922000,34.8
2928000,26.4
2934000,29.8
2940000,43.0
2946000,36.0
2952000,40.0
2958000,43.2
2964000,43.8
2970000,37.6
2976000,38.2
2982000,45.2
2988000,40.4
2994000,39.6
3000000,43.6
3006000,42.0
3012000,27.8
3018000,41.4
3024000,40.4
3030000,37.8
3036000,39.6
3042000,43.6
3048000,43.8
3054000,37.4
3060000,37.6
3066000,44.0
3072000,37.6
3078000,43.6
3084000,40.0
3090000,37.0
3096000,38.6
3102000,9.2
3108000,0.0
3114000,0.0
3120000,0.0
3126000,0.0
3132000,0.0
3138000,0.0
3144000,0.0
3150000,0.0
3156000,0.0
3162000,0.0
3168000,0.0
3174000,0.0
3180000,0.0
3186000,0.0
3192000,0.0
3198000,0.0
3204000,0.0
3210000,0.0
3216000,0.0
3222000,0.0
3228000,0.0
3234000,0.0
3240000,0.0
3246000,0.0
3252000,0.0
3258000,0.0
3264000,0.0
3270000,0.0
3276000,0.0
3282000,0.0
3288000,0.0
3294000,0.0
3300000,0.0
3306000,0.0
3312000,0.0
3318000,0.0
3324000,0.0
3330000,0.0
3336000,0.0
3342000,0.0
3348000,0.0
3354000,0.0
3360000,0.0
3366000,0.0
3372000,0.0
3378000,0.0
3384000,0.0
3390000,0.0
3396000,0.0
3402000,0.0
3408000,0.0
3414000,0.0
3420000,0.0
3426000,0.0
3432000,0.0
3438000,0.0
3444000,0.0
3450000,0.0
3456000,0.0
3462000,0.0
3468000,0.0
3474000,0.0
3480000,0.0
3486000,0.0
3492000,0.0
3498000,0.0
3504000,0.0
3510000,0.0
3516000,0.0
3522000,0.0
3528000,0.0
3534000,0.0
3540000,0.0
3546000,0.0
3552000,0.0
3558000,0.0
3564000,0.0
3570000,0.0
3576000,0.0
3582000,0.0
3588000,0.0
3594000,0.0
3600000,0.0
