#Steps,score
6000,13.0
12000,14.4
18000,21.6
24000,15.6
30000,20.2
36000,20.8
42000,12.2
48000,13.6
54000,12.4
60000,13.2
66000,14.2
72000,21.0
78000,18.8
84000,15.0
90000,15.2
96000,17.2
102000,17.6
108000,20.8
114000,21.0
120000,19.8
126000,16.6
132000,20.2
138000,21.2
144000,18.8
150000,15.0
156000,17.8
162000,18.8
168000,24.0
174000,16.4
180000,18.2
186000,19.4
192000,17.6
198000,18.8
204000,17.4
210000,15.6
216000,20.6
222000,18.0
228000,19.8
234000,19.2
240000,19.8
246000,18.6
252000,17.4
258000,19.6
264000,17.6
270000,22.0
276000,19.0
282000,20.2
288000,15.8
294000,11.4
300000,18.0
306000,19.2
312000,16.6
318000,16.8
324000,14.4
330000,14.8
336000,15.8
342000,22.6
348000,20.2
354000,22.2
360000,17.2
366000,18.4
372000,20.8
378000,19.2
384000,22.6
390000,16.8
396000,20.6
402000,20.4
408000,20.6
414000,23.0
420000,21.2
426000,26.4
432000,19.2
438000,21.6
444000,24.2
450000,23.8
456000,22.2
462000,23.4
468000,19.6
474000,24.4
480000,23.6
486000,27.2
492000,27.8
498000,23.0
504000,27.8
510000,19.8
516000,23.4
522000,22.2
528000,21.0
534000,22.4
540000,25.6
546000,26.4
552000,23.8
558000,26.0
564000,23.8
570000,25.8
576000,28.4
582000,30.0
588000,31.0
594000,24.2
600000,32.8
606000,26.4
612000,25.8
618000,26.8
624000,18.0
630000,27.4
636000,27.6
642000,25.6
648000,23.0
654000,27.2
660000,32.2
666000,30.8
672000,27.8
678000,25.0
684000,27.8
690000,30.0
696000,30.2
702000,31.8
708000,29.8
714000,30.2
720000,31.4
726000,31.4
732000,29.2
738000,25.8
744000,23.8
750000,26.8
756000,28.8
762000,39.8
768000,29.4
774000,33.4
780000,32.0
786000,35.2
792000,28.4
798000,32.6
804000,31.0
810000,33.2
816000,32.6
822000,38.8
828000,36.4
834000,28.8
840000,29.6
846000,40.0
852000,32.6
858000,24.6
864000,36.0
870000,38.2
876000,40.8
882000,31.8
888000,30.8
894000,36.8
900000,31.8
906000,34.6
912000,35.0
918000,32.6
924000,31.0
930000,30.8
936000,35.8
942000,31.0
948000,34.8
954000,37.4
960000,33.2
966000,22.4
972000,40.4
978000,43.6
984000,35.8
990000,31.0
996000,30.4
1002000,29.8
1008000,35.4
1014000,33.8
1020000,36.0
1026000,37.4
1032000,25.6
1038000,33.4
1044000,32.8
1050000,35.0
1056000,33.2
1062000,26.4
1068000,36.2
1074000,28.8
1080000,32.8
1086000,36.8
1092000,30.0
1098000,30.8
1104000,34.8
1110000,33.6
1116000,31.4
1122000,32.2
1128000,36.8
1134000,30.6
1140000,40.2
1146000,34.6
1152000,30.6
1158000,34.0
1164000,31.6
1170000,31.2
1176000,34.8
1182000,39.6
1188000,42.2
1194000,31.4
1200000,41.2
1206000,36.8
1212000,42.0
1218000,30.8
1224000,32.2
1230000,36.0
1236000,24.0
1242000,31.4
1248000,38.4
1254000,31.2
1260000,38.0
1266000,31.6
1272000,37.0
1278000,30.8
1284000,32.6
1290000,29.4
1296000,39.4
1302000,35.8
1308000,34.0
1314000,39.4
1320000,32.0
1326000,27.4
1332000,32.0
1338000,37.2
1344000,39.0
1350000,29.8
1356000,34.0
1362000,34.6
1368000,35.8
1374000,35.8
1380000,34.6
1386000,44.4
1392000,33.2
1398000,39.6
1404000,34.6
1410000,31.8
1416000,33.2
1422000,34.8
1428000,35.0
1434000,42.2
1440000,39.2
1446000,34.2
1452000,41.0
1458000,36.2
1464000,42.8
1470000,39.8
1476000,37.6
1482000,39.8
1488000,39.0
1494000,32.2
1500000,39.2
1506000,38.2
1512000,33.6
1518000,38.2
1524000,27.6
1530000,42.4
1536000,41.2
1542000,35.0
1548000,41.8
1554000,42.8
1560000,39.0
1566000,38.6
1572000,33.6
1578000,35.0
1584000,30.2
1590000,34.4
1596000,38.4
1602000,35.6
1608000,40.4
1614000,35.0
1620000,33.2
1626000,39.0
1632000,40.8
1638000,39.6
1644000,30.2
1650000,33.2
1656000,39.4
1662000,43.6
1668000,37.4
1674000,43.4
1680000,34.4
1686000,41.4
1692000,36.6
1698000,36.0
1704000,43.0
1710000,32.0
1716000,31.8
1722000,35.0
1728000,31.0
1734000,30.4
1740000,39.0
1746000,33.0
1752000,33.2
1758000,36.6
1764000,37.4
1770000,39.0
1776000,44.0
1782000,38.8
1788000,42.2
1794000,25.6
1800000,35.2
1806000,38.4
1812000,39.0
1818000,28.8
1824000,40.2
1830000,37.8
1836000,37.8
1842000,40.2
1848000,43.8
1854000,38.2
1860000,30.0
1866000,33.0
1872000,36.0
1878000,33.0
1884000,44.0
1890000,39.0
1896000,34.6
1902000,34.4
1908000,43.8
1914000,40.2
1920000,35.2
1926000,43.2
1932000,35.4
1938000,32.6
1944000,44.0
1950000,39.0
1956000,43.2
1962000,43.6
1968000,43.0
1974000,38.0
1980000,36.2
1986000,36.6
1992000,41.6
1998000,43.8
2004000,38.2
2010000,41.4
2016000,38.0
2022000,41.6
2028000,44.2
2034000,29.2
2040000,31.6
2046000,40.2
2052000,42.4
2058000,35.8
2064000,30.2
2070000,41.8
2076000,37.8
2082000,40.6
2088000,37.4
2094000,40.2
2100000,42.6
2106000,41.8
2112000,31.0
2118000,45.0
2124000,37.2
2130000,42.2
2136000,36.2
2142000,42.6
2148000,43.8
2154000,39.4
2160000,39.2
2166000,38.0
2172000,37.4
2178000,41.6
2184000,36.2
2190000,39.0
2196000,33.8
2202000,41.4
2208000,39.2
2214000,45.0
2220000,45.2
2226000,42.6
2232000,41.6
2238000,44.8
2244000,35.0
2250000,30.0
2256000,34.6
2262000,38.8
2268000,41.8
2274000,43.8
2280000,38.8
2286000,32.8
2292000,41.0
2298000,32.6
2304000,36.4
2310000,32.0
2316000,36.8
2322000,34.6
2328000,34.8
2334000,36.2
2340000,42.6
2346000,45.6
2352000,36.4
2358000,47.2
2364000,42.6
2370000,29.4
2376000,45.6
2382000,39.2
2388000,35.8
2394000,43.4
2400000,40.0
2406000,44.2
2412000,39.4
2418000,27.0
2424000,37.6
2430000,40.0
2436000,40.2
2442000,44.6
2448000,33.8
2454000,38.8
2460000,44.0
2466000,39.4
2472000,41.8
2478000,41.2
2484000,41.8
2490000,41.2
2496000,39.0
2502000,30.4
2508000,40.4
2514000,36.2
2520000,36.2
2526000,40.6
2532000,37.4
2538000,33.6
2544000,44.0
2550000,37.4
2556000,42.0
2562000,40.6
2568000,32.0
2574000,36.2
2580000,39.0
2586000,38.2
2592000,40.8
2598000,33.8
2604000,33.2
2610000,44.8
2616000,32.8
2622000,38.6
2628000,38.4
2634000,40.4
2640000,39.6
2646000,33.6
2652000,44.4
2658000,41.8
2664000,43.4
2670000,39.2
2676000,45.4
2682000,37.6
2688000,36.4
2694000,36.4
2700000,39.4
2706000,41.6
2712000,36.8
2718000,42.0
2724000,36.6
2730000,37.2
2736000,40.8
2742000,42.8
2748000,33.6
2754000,41.0
2760000,42.4
2766000,33.2
2772000,38.0
2778000,44.6
2784000,46.2
2790000,43.4
2796000,38.0
